0.605981,0.605981,0.598271,0.654547,0.581037,0.598394,0.710046,0.627346,0.499214,0.358201,0.345776,0.403861,0.438369,0.405764,0.473533,0.477782,0.528516,0.517688,0.516065,0.501018,0.462011,0.478913,0.549699,0.519457,0.520135,0.535550,0.523180,0.519962,0.532089,0.488710,0.483556,0.499691,0.522677,0.537067,0.487524,0.549295,0.503822,0.494853,0.500121,0.496686,0.449229,0.483139,0.595893,0.620885,0.606187,0.624379,0.611315,0.580224,0.615746,0.628245,0.609772,0.646234,0.806622,0.670813,0.404188,0.458844,0.503423,0.473874,0.489728,0.450354,0.441052,0.485256,0.485399,0.512933,0.480771
0.609326,0.609326,0.616913,0.638935,0.622144,0.635031,0.638782,0.657009,0.507985,0.344858,0.412675,0.413819,0.406066,0.390831,0.485765,0.494950,0.468923,0.518040,0.492344,0.540914,0.519597,0.564768,0.525087,0.501063,0.500880,0.492312,0.514134,0.536475,0.505245,0.474444,0.547223,0.524440,0.514224,0.535041,0.532284,0.469835,0.499596,0.518438,0.534368,0.456920,0.453885,0.445548,0.553469,0.601435,0.589424,0.623134,0.599372,0.612739,0.614491,0.606598,0.578036,0.608639,0.782370,0.881142,0.585183,0.428511,0.469852,0.430673,0.468187,0.480050,0.475584,0.507133,0.510176,0.337637,0.243166
0.610654,0.610654,0.656157,0.607371,0.618705,0.667193,0.651406,0.609157,0.548632,0.381939,0.390122,0.407487,0.419363,0.421795,0.431539,0.458551,0.499436,0.492106,0.482910,0.574841,0.526941,0.517410,0.534437,0.509163,0.482896,0.509385,0.489593,0.532196,0.501112,0.510056,0.498451,0.580985,0.520119,0.491508,0.513442,0.521489,0.485442,0.471655,0.484869,0.484232,0.468074,0.419519,0.447897,0.644477,0.628202,0.627394,0.664948,0.593166,0.558806,0.529680,0.623439,0.597960,0.695174,0.864118,0.750617,0.435841,0.473699,0.484964,0.467837,0.478879,0.527872,0.506924,0.339089,0.202417,0.249714
0.578683,0.578683,0.623075,0.608223,0.681544,0.658796,0.596157,0.616199,0.522754,0.390769,0.390079,0.442174,0.413749,0.403538,0.415292,0.488898,0.517114,0.473069,0.470049,0.527169,0.535614,0.518948,0.510417,0.514038,0.495448,0.554675,0.532542,0.484747,0.479218,0.492861,0.486929,0.486855,0.515552,0.504600,0.501012,0.470058,0.531524,0.445467,0.496688,0.482772,0.464709,0.413674,0.473987,0.621801,0.612787,0.619913,0.649278,0.637378,0.603017,0.599536,0.598908,0.607548,0.550068,0.748862,0.860953,0.620669,0.376678,0.491175,0.491957,0.503505,0.473210,0.329631,0.194018,0.183255,0.214171
0.644145,0.644145,0.598349,0.661501,0.644270,0.640802,0.607220,0.643295,0.483380,0.372382,0.391813,0.421248,0.404820,0.413220,0.435929,0.513278,0.475478,0.524962,0.517275,0.485848,0.512471,0.490813,0.530202,0.520158,0.491318,0.502444,0.546278,0.497919,0.493974,0.512040,0.466945,0.520694,0.504873,0.513547,0.511673,0.529696,0.471250,0.500353,0.498274,0.461905,0.454890,0.435615,0.477036,0.538392,0.578053,0.637615,0.620526,0.623725,0.615850,0.600345,0.627295,0.595531,0.550827,0.632455,0.865796,0.808597,0.504619,0.407715,0.466235,0.522219,0.312364,0.102902,0.214991,0.199735,0.195541
0.621858,0.621858,0.626966,0.619726,0.660940,0.629857,0.669779,0.623533,0.497365,0.332196,0.388968,0.427831,0.439159,0.420908,0.463286,0.479127,0.524155,0.491401,0.502965,0.488686,0.486685,0.511465,0.514066,0.516268,0.452625,0.513477,0.504272,0.498344,0.512906,0.532657,0.500412,0.453277,0.473409,0.466124,0.473583,0.537454,0.559466,0.488707,0.476414,0.483773,0.471671,0.477966,0.473888,0.535354,0.570803,0.596690,0.601210,0.603474,0.607245,0.597910,0.606056,0.600888,0.522265,0.599563,0.780178,0.874546,0.685271,0.402679,0.487108,0.403005,0.206078,0.183017,0.237280,0.201783,0.182559
0.616436,0.616436,0.636873,0.563679,0.519825,0.598695,0.619847,0.602929,0.529171,0.384932,0.385773,0.428643,0.412960,0.394201,0.479821,0.439486,0.445047,0.519382,0.504087,0.483091,0.493946,0.496810,0.522758,0.529062,0.491438,0.568791,0.595693,0.609536,0.719381,0.699554,0.686294,0.718833,0.665322,0.514814,0.474730,0.463440,0.470815,0.522169,0.491196,0.456933,0.502216,0.459784,0.468787,0.547906,0.529801,0.594525,0.634153,0.592587,0.566115,0.577740,0.558385,0.569010,0.571008,0.551128,0.619346,0.820924,0.847913,0.606352,0.320343,0.169122,0.193696,0.220166,0.236415,0.219869,0.187885
0.635753,0.635753,0.625962,0.506023,0.493252,0.601604,0.627821,0.651376,0.513659,0.306799,0.347718,0.359790,0.396883,0.401218,0.418760,0.468398,0.478904,0.464141,0.492134,0.475377,0.500260,0.544230,0.503699,0.504386,0.527781,0.548304,0.519903,0.626237,0.605252,0.697045,0.697845,0.731633,0.783722,0.803395,0.683551,0.523980,0.458982,0.473241,0.463033,0.470726,0.527995,0.407620,0.466468,0.557417,0.583523,0.561889,0.583527,0.558537,0.594272,0.582621,0.529332,0.577150,0.581970,0.587114,0.529934,0.689747,0.879489,0.693018,0.187871,0.196107,0.185442,0.193466,0.189990,0.199569,0.183124
0.657049,0.657049,0.564141,0.358442,0.487019,0.594128,0.654559,0.614196,0.485053,0.333958,0.344232,0.384468,0.354410,0.391580,0.467859,0.474646,0.413932,0.476413,0.478303,0.477787,0.517300,0.413587,0.469824,0.413645,0.515962,0.495835,0.570577,0.575973,0.603281,0.696670,0.664510,0.720560,0.747042,0.755038,0.768356,0.783792,0.597333,0.415563,0.402223,0.393127,0.439651,0.416767,0.442135,0.521499,0.557760,0.566228,0.578797,0.593072,0.567402,0.549920,0.579870,0.552263,0.585058,0.631208,0.565939,0.590627,0.735003,0.334367,0.183011,0.152677,0.204999,0.179381,0.183396,0.211608,0.203025
0.657874,0.657874,0.485901,0.316140,0.493738,0.615308,0.681210,0.623539,0.497103,0.318615,0.328499,0.351117,0.401125,0.399773,0.432859,0.428266,0.447115,0.455625,0.513619,0.498065,0.477434,0.415909,0.526681,0.489009,0.508028,0.541763,0.537736,0.529154,0.603974,0.660901,0.754326,0.744589,0.764438,0.766272,0.754631,0.780948,0.788901,0.649366,0.456331,0.414837,0.379497,0.416451,0.476087,0.609144,0.597177,0.594904,0.499514,0.507348,0.534430,0.578071,0.592874,0.577997,0.580448,0.578601,0.582215,0.580459,0.308014,0.158381,0.205494,0.218120,0.224483,0.217877,0.203884,0.227758,0.361282
0.588808,0.588808,0.384519,0.331291,0.472858,0.637859,0.674512,0.637956,0.481075,0.313869,0.347033,0.405234,0.426448,0.378474,0.423409,0.439594,0.453949,0.496231,0.497565,0.512794,0.430780,0.426151,0.502545,0.457706,0.494160,0.562674,0.503570,0.550797,0.567978,0.677624,0.688182,0.703643,0.754235,0.769344,0.805276,0.818004,0.805005,0.838778,0.654002,0.412270,0.376147,0.318958,0.429655,0.607451,0.601807,0.615094,0.439643,0.314745,0.523209,0.581748,0.569856,0.550820,0.568556,0.514660,0.613473,0.382530,0.170107,0.207388,0.195870,0.188220,0.228057,0.204610,0.245235,0.298469,0.576673
0.428321,0.428321,0.362610,0.330435,0.487182,0.615518,0.695632,0.638495,0.519897,0.311156,0.384334,0.337119,0.411457,0.449384,0.426414,0.439965,0.414363,0.481786,0.460136,0.430823,0.398964,0.450582,0.435939,0.437672,0.478893,0.496869,0.549876,0.612379,0.587791,0.612797,0.666339,0.706727,0.749101,0.789296,0.821479,0.821798,0.810776,0.817304,0.921470,0.495418,0.335199,0.343218,0.445571,0.599393,0.650570,0.572694,0.465103,0.220202,0.395836,0.555970,0.561705,0.585831,0.561637,0.604295,0.504921,0.183578,0.210696,0.195184,0.189622,0.219774,0.180868,0.250247,0.385003,0.600082,0.596297
0.329601,0.329601,0.318716,0.338286,0.476308,0.684640,0.631936,0.609831,0.464445,0.286473,0.332545,0.404159,0.368710,0.363762,0.428003,0.486502,0.491279,0.444860,0.465651,0.418735,0.460764,0.450681,0.450587,0.450606,0.499175,0.556670,0.509761,0.582146,0.593446,0.568801,0.649852,0.748280,0.780380,0.804165,0.771685,0.823065,0.818084,0.787769,0.841211,0.820930,0.559508,0.315084,0.438124,0.559757,0.609410,0.614341,0.492320,0.190288,0.262294,0.495977,0.556708,0.546899,0.549819,0.602921,0.260306,0.192340,0.198714,0.218888,0.195717,0.195559,0.204798,0.289807,0.529447,0.585469,0.638814
0.308966,0.308966,0.368560,0.317576,0.464459,0.637948,0.652012,0.626248,0.470775,0.290517,0.337096,0.415580,0.430209,0.425498,0.395669,0.477331,0.526872,0.520016,0.368216,0.421091,0.419621,0.500058,0.486285,0.552609,0.553555,0.533979,0.555430,0.526606,0.557101,0.699633,0.750672,0.733931,0.768189,0.774051,0.793983,0.829914,0.830554,0.793336,0.830647,0.829173,0.891465,0.434431,0.368624,0.572208,0.609999,0.587077,0.477747,0.222131,0.152985,0.305066,0.548470,0.632087,0.544762,0.433687,0.155492,0.218580,0.217812,0.198500,0.211424,0.206657,0.268131,0.511037,0.557081,0.624618,0.679004
0.336610,0.336610,0.363214,0.329964,0.470042,0.633515,0.625719,0.634989,0.461962,0.297052,0.319176,0.368149,0.393973,0.432355,0.429608,0.450146,0.498640,0.565240,0.412209,0.428684,0.433109,0.468284,0.537837,0.492651,0.518169,0.539722,0.461934,0.562662,0.741818,0.708982,0.676647,0.745272,0.748829,0.713331,0.788072,0.794632,0.779730,0.771459,0.762940,0.800580,0.859394,0.764907,0.371441,0.541384,0.627145,0.608180,0.487820,0.255927,0.188437,0.401343,0.782416,0.833391,0.771075,0.248607,0.143969,0.216011,0.204787,0.190707,0.246314,0.219859,0.488566,0.595744,0.632119,0.615369,0.638232
0.361951,0.361951,0.373565,0.318234,0.482764,0.634685,0.667080,0.630873,0.504094,0.278988,0.355545,0.372447,0.374870,0.428977,0.402653,0.417418,0.586418,0.543118,0.395527,0.437488,0.459719,0.461744,0.483147,0.483078,0.520814,0.453519,0.606057,0.695207,0.660536,0.721097,0.694412,0.777287,0.720327,0.742690,0.753950,0.812046,0.782997,0.797939,0.808619,0.786230,0.788073,0.831338,0.552056,0.513781,0.616977,0.641032,0.447605,0.215154,0.507265,0.800582,0.826869,0.841920,0.882267,0.375803,0.195058,0.193930,0.199467,0.203793,0.185549,0.325678,0.588606,0.583698,0.660183,0.598385,0.645687
0.395383,0.395383,0.423730,0.390217,0.475478,0.667779,0.608539,0.634077,0.476920,0.323481,0.351083,0.401662,0.395601,0.415466,0.419209,0.407460,0.668992,0.502240,0.393359,0.419012,0.471543,0.467750,0.496448,0.465170,0.468795,0.588837,0.627472,0.628527,0.646676,0.729503,0.705631,0.692596,0.699950,0.647167,0.747594,0.795506,0.765002,0.726435,0.747926,0.755344,0.820338,0.841958,0.775530,0.634169,0.605036,0.543720,0.479590,0.600133,0.807946,0.823406,0.795929,0.791029,0.873986,0.398219,0.175848,0.208097,0.171804,0.170358,0.195780,0.532604,0.635561,0.608816,0.554099,0.647055,0.616023
0.435240,0.435240,0.459787,0.385179,0.491924,0.636536,0.629704,0.650083,0.466571,0.314550,0.351471,0.411825,0.351404,0.418935,0.400461,0.475147,0.629642,0.519468,0.429987,0.377745,0.436868,0.427851,0.494426,0.495155,0.519737,0.590514,0.565969,0.629926,0.672001,0.670486,0.655137,0.684063,0.687873,0.733450,0.743294,0.735094,0.725913,0.688807,0.761655,0.764174,0.731543,0.770223,0.771427,0.753507,0.626292,0.692546,0.737369,0.810844,0.799041,0.788103,0.792058,0.783732,0.847517,0.306026,0.194064,0.200495,0.195399,0.204066,0.353167,0.617626,0.621239,0.608448,0.635878,0.601766,0.554226
0.377047,0.377047,0.454061,0.413237,0.446662,0.632871,0.708295,0.686906,0.493043,0.333328,0.342844,0.397054,0.434269,0.386442,0.407110,0.387567,0.714591,0.540817,0.487006,0.411912,0.434081,0.498458,0.474454,0.535175,0.586308,0.574601,0.576132,0.647138,0.698416,0.694088,0.655156,0.707049,0.664699,0.652367,0.735215,0.688780,0.741043,0.686182,0.734054,0.738515,0.701464,0.725081,0.711238,0.750734,0.749889,0.779231,0.809434,0.793689,0.789217,0.800755,0.780029,0.826790,0.780442,0.258488,0.181925,0.182025,0.212827,0.308639,0.567214,0.597622,0.600587,0.621298,0.613096,0.601640,0.620843
0.369682,0.369682,0.387192,0.396257,0.506244,0.623144,0.671443,0.675846,0.541401,0.334054,0.363613,0.388080,0.394854,0.406290,0.390549,0.460699,0.717050,0.589732,0.481138,0.436025,0.470240,0.462537,0.560193,0.549875,0.518926,0.582914,0.562197,0.607399,0.616177,0.662754,0.702595,0.693663,0.616782,0.672275,0.630542,0.672340,0.724716,0.728265,0.687085,0.708229,0.631420,0.638502,0.706099,0.778817,0.793423,0.742458,0.772302,0.787049,0.752350,0.798956,0.657144,0.748562,0.559070,0.184908,0.204375,0.198325,0.181754,0.440033,0.584403,0.619290,0.624884,0.573556,0.589647,0.635873,0.638764
0.388662,0.388662,0.345270,0.417608,0.504794,0.632908,0.709578,0.667562,0.444756,0.369151,0.320244,0.378509,0.372884,0.421439,0.365941,0.427967,0.688303,0.600596,0.576616,0.464325,0.429191,0.532426,0.517187,0.502425,0.561814,0.550116,0.598037,0.616177,0.583877,0.629839,0.639304,0.621370,0.675664,0.634927,0.647238,0.654863,0.685126,0.686822,0.645536,0.710320,0.673966,0.720912,0.745939,0.775562,0.775187,0.752630,0.777286,0.789963,0.771938,0.665282,0.549911,0.711240,0.348218,0.191933,0.168809,0.193568,0.416935,0.556286,0.615753,0.598842,0.619385,0.629544,0.610182,0.671412,0.577261
0.406095,0.406095,0.399992,0.404162,0.511439,0.618903,0.655703,0.634891,0.505042,0.321312,0.339316,0.315008,0.337631,0.365399,0.362296,0.415771,0.728675,0.690224,0.589123,0.501850,0.484238,0.487721,0.510141,0.528619,0.491766,0.493420,0.559871,0.586026,0.497531,0.480571,0.547127,0.554143,0.544034,0.612467,0.604956,0.580002,0.563420,0.552747,0.601918,0.755603,0.804072,0.727287,0.746241,0.740189,0.739457,0.781367,0.803262,0.812714,0.755542,0.482054,0.498094,0.677603,0.203546,0.183056,0.176088,0.203441,0.460117,0.561117,0.620406,0.592007,0.600357,0.582820,0.574766,0.601757,0.618871
0.397362,0.397362,0.428626,0.414797,0.505736,0.625034,0.671837,0.678977,0.541217,0.341798,0.326070,0.394284,0.406711,0.407217,0.362049,0.473476,0.742494,0.711919,0.568935,0.479452,0.484590,0.436927,0.547824,0.526688,0.541353,0.477026,0.580241,0.535434,0.449757,0.394993,0.403746,0.517507,0.412809,0.326466,0.391409,0.202877,0.226236,0.482601,0.674814,0.771680,0.754625,0.765210,0.753142,0.777187,0.755267,0.796292,0.818175,0.605168,0.403162,0.406486,0.669179,0.381075,0.193807,0.180003,0.179841,0.295517,0.597869,0.639533,0.642770,0.628460,0.635453,0.586351,0.559666,0.593659,0.647398
0.404738,0.404738,0.380532,0.387680,0.520700,0.624587,0.657212,0.667867,0.541069,0.318480,0.328261,0.406884,0.364336,0.395291,0.400514,0.363334,0.767517,0.741519,0.508387,0.494322,0.463643,0.502826,0.479010,0.497413,0.500398,0.540993,0.504759,0.483867,0.386034,0.329660,0.275119,0.398180,0.335973,0.341071,0.242477,0.229787,0.463874,0.652672,0.738454,0.806552,0.724678,0.784529,0.756032,0.804331,0.749952,0.645773,0.416489,0.398311,0.525015,0.688968,0.344473,0.204786,0.199677,0.222387,0.275302,0.492785,0.626553,0.633122,0.629540,0.618816,0.668214,0.607826,0.593496,0.611196,0.592187
0.449008,0.449008,0.378368,0.409001,0.533392,0.610226,0.732985,0.684358,0.501364,0.294698,0.323099,0.401209,0.405602,0.351667,0.387649,0.383263,0.624495,0.781919,0.621926,0.482689,0.520203,0.513247,0.428496,0.526813,0.514633,0.488888,0.419011,0.304112,0.240733,0.199591,0.300833,0.331493,0.387877,0.277384,0.256074,0.545575,0.690585,0.704142,0.686737,0.672032,0.773953,0.734744,0.754933,0.560333,0.370639,0.455663,0.597690,0.653794,0.753919,0.414968,0.179601,0.279601,0.200347,0.190565,0.295527,0.558250,0.633185,0.642022,0.644702,0.668058,0.618358,0.595528,0.594864,0.608133,0.583440
0.415311,0.415311,0.404128,0.407110,0.499671,0.611967,0.672767,0.633650,0.530063,0.278872,0.329965,0.399722,0.379024,0.403256,0.417285,0.411047,0.498942,0.809785,0.686769,0.509625,0.460209,0.472215,0.501809,0.468611,0.536099,0.351775,0.301228,0.265985,0.261901,0.214277,0.250863,0.228520,0.353125,0.342898,0.449463,0.726686,0.776904,0.668924,0.672508,0.699313,0.711520,0.727367,0.681868,0.335527,0.421133,0.447365,0.608635,0.698116,0.316246,0.172756,0.210391,0.228815,0.197258,0.228119,0.397543,0.552347,0.657515,0.648401,0.665421,0.619521,0.615891,0.652880,0.607783,0.615459,0.665352
0.427628,0.427628,0.463088,0.368038,0.455914,0.645029,0.631090,0.653154,0.515029,0.325387,0.341210,0.350361,0.410249,0.425438,0.435301,0.413483,0.414309,0.692052,0.763445,0.466251,0.469622,0.444043,0.505243,0.402701,0.383177,0.277358,0.286957,0.202901,0.284365,0.262863,0.203940,0.207080,0.311044,0.434968,0.611043,0.707701,0.667090,0.702998,0.690251,0.674646,0.728620,0.744663,0.743096,0.510484,0.309486,0.446985,0.590408,0.293475,0.173334,0.227091,0.216288,0.198945,0.176727,0.229198,0.464824,0.517084,0.669288,0.623327,0.613756,0.658514,0.652274,0.622411,0.641714,0.642501,0.578375
0.418838,0.418838,0.411000,0.321271,0.474851,0.653367,0.652914,0.640136,0.527909,0.300330,0.331979,0.401187,0.409738,0.405937,0.423953,0.462616,0.443792,0.694717,0.626552,0.434699,0.462099,0.463701,0.479301,0.290418,0.239275,0.162085,0.262618,0.264943,0.271185,0.345755,0.192850,0.204972,0.513602,0.586543,0.663507,0.723957,0.660151,0.669019,0.622302,0.725030,0.776277,0.735455,0.820658,0.588906,0.290333,0.328539,0.552064,0.252497,0.187652,0.210580,0.202607,0.179974,0.189785,0.344879,0.581613,0.621430,0.597513,0.652495,0.637943,0.612735,0.689008,0.630779,0.625746,0.617479,0.607666
0.412164,0.412164,0.385723,0.378796,0.458935,0.629940,0.703957,0.692913,0.563407,0.331623,0.325706,0.396841,0.417468,0.394609,0.401515,0.443510,0.408424,0.570353,0.641527,0.456271,0.475110,0.418741,0.341748,0.204535,0.273960,0.197082,0.213080,0.224468,0.284437,0.320072,0.233672,0.511924,0.632478,0.616282,0.706466,0.665131,0.662422,0.624982,0.661508,0.746437,0.758995,0.783230,0.830680,0.671219,0.317189,0.203606,0.507286,0.308682,0.230578,0.287029,0.192892,0.211989,0.184364,0.455327,0.553889,0.627975,0.607327,0.606616,0.577548,0.641155,0.576896,0.606000,0.584235,0.611302,0.605168
0.416448,0.416448,0.369605,0.367579,0.436687,0.593751,0.676080,0.664977,0.553506,0.324044,0.385540,0.447468,0.415281,0.409807,0.448446,0.470131,0.479343,0.504889,0.529044,0.467013,0.510114,0.316710,0.252710,0.212427,0.236739,0.243183,0.197358,0.219925,0.214732,0.252332,0.482337,0.615216,0.702704,0.711870,0.702618,0.629264,0.642162,0.664383,0.681000,0.756507,0.756133,0.817044,0.815307,0.763497,0.342927,0.215569,0.500554,0.282007,0.241920,0.257645,0.216144,0.208844,0.246992,0.549978,0.607045,0.653907,0.653325,0.618549,0.644706,0.530086,0.568810,0.574637,0.619143,0.553736,0.598537
0.413528,0.413528,0.436132,0.338068,0.468472,0.625328,0.648842,0.683270,0.507251,0.339731,0.384703,0.390485,0.410718,0.397129,0.426297,0.443200,0.569314,0.438392,0.422502,0.530084,0.409237,0.236258,0.277415,0.222741,0.277001,0.185223,0.202923,0.288054,0.215749,0.325161,0.635124,0.673819,0.712517,0.721918,0.493603,0.503074,0.579499,0.719953,0.686031,0.761693,0.768530,0.808116,0.827120,0.759206,0.410152,0.159344,0.404398,0.405342,0.190998,0.253737,0.205726,0.182440,0.476511,0.609303,0.619008,0.597177,0.596109,0.621441,0.602337,0.614335,0.618899,0.585256,0.551935,0.584047,0.590809
0.411776,0.411776,0.372118,0.363237,0.441943,0.631490,0.677629,0.689028,0.487890,0.359858,0.353866,0.438416,0.392349,0.349102,0.406040,0.471139,0.532030,0.427864,0.359580,0.421054,0.286284,0.253953,0.300073,0.251349,0.188801,0.204546,0.190550,0.267646,0.290682,0.609730,0.709023,0.703816,0.632973,0.521351,0.466379,0.457188,0.343565,0.520457,0.611296,0.709422,0.742558,0.738054,0.615514,0.404187,0.340583,0.177369,0.383004,0.379648,0.266702,0.223572,0.235461,0.236467,0.452057,0.591150,0.605541,0.629154,0.642296,0.620613,0.632612,0.608547,0.628478,0.652896,0.596584,0.568932,0.597691
0.434132,0.434132,0.395192,0.333372,0.462560,0.613620,0.710259,0.688695,0.545757,0.345751,0.354550,0.385832,0.406309,0.396967,0.544664,0.548109,0.606114,0.488944,0.265993,0.267484,0.296330,0.319815,0.215614,0.256002,0.203077,0.296454,0.192756,0.170393,0.514359,0.678870,0.746317,0.615865,0.284732,0.199057,0.244364,0.336597,0.349087,0.490206,0.566925,0.651629,0.709846,0.479093,0.265739,0.228040,0.256534,0.168683,0.376446,0.464522,0.208019,0.212618,0.192692,0.285247,0.552182,0.620472,0.587025,0.618222,0.622596,0.640907,0.616283,0.606198,0.586329,0.595756,0.568213,0.535056,0.541166
0.351549,0.351549,0.372291,0.361020,0.414409,0.620946,0.697538,0.660627,0.589332,0.315790,0.335787,0.404859,0.371407,0.322422,0.497305,0.650843,0.514591,0.249037,0.212211,0.240698,0.287868,0.418357,0.208468,0.253555,0.241442,0.209694,0.206657,0.285891,0.644872,0.691219,0.641466,0.407793,0.273415,0.303161,0.375549,0.681960,0.460594,0.445327,0.526293,0.713054,0.647920,0.294515,0.389249,0.382764,0.175068,0.174243,0.369336,0.493785,0.253469,0.202003,0.173666,0.391717,0.534576,0.595576,0.615019,0.602851,0.579242,0.577809,0.592237,0.567889,0.587167,0.579463,0.473756,0.495548,0.576751
0.402054,0.402054,0.389611,0.291360,0.381311,0.582759,0.682694,0.694498,0.553459,0.351890,0.420026,0.410784,0.388688,0.395285,0.525421,0.509484,0.248729,0.342987,0.265792,0.278749,0.358211,0.471384,0.271127,0.176011,0.183344,0.181933,0.218472,0.571937,0.722732,0.650015,0.506372,0.552994,0.506691,0.444276,0.582891,0.621018,0.586794,0.502729,0.542711,0.766682,0.674991,0.508489,0.488819,0.394453,0.219395,0.199808,0.338580,0.530144,0.309038,0.179539,0.209217,0.446231,0.586109,0.591395,0.656622,0.574188,0.620363,0.565285,0.641662,0.510919,0.593241,0.566733,0.563204,0.627277,0.689484
0.385098,0.385098,0.338966,0.277032,0.315956,0.628673,0.665321,0.701010,0.554727,0.350003,0.402972,0.402990,0.477154,0.517616,0.319398,0.226200,0.250650,0.407415,0.271242,0.317497,0.398101,0.419867,0.257058,0.164644,0.172587,0.194549,0.371280,0.644217,0.726077,0.408893,0.520541,0.589811,0.577399,0.619676,0.587462,0.623882,0.616717,0.529745,0.544548,0.723178,0.747716,0.563544,0.507979,0.413311,0.296973,0.205821,0.325000,0.538699,0.265773,0.178280,0.296775,0.567289,0.628238,0.616066,0.632340,0.607471,0.517158,0.570395,0.562325,0.558618,0.523273,0.620733,0.719993,0.726439,0.737057
0.342501,0.342501,0.345950,0.264800,0.320129,0.639781,0.666621,0.725977,0.550590,0.362239,0.403414,0.472022,0.525284,0.431370,0.299467,0.253025,0.395678,0.344666,0.195208,0.189811,0.349866,0.338704,0.364484,0.190608,0.166112,0.259107,0.546706,0.747450,0.407218,0.390940,0.531953,0.553561,0.662837,0.663976,0.645481,0.666941,0.636046,0.525109,0.455829,0.679670,0.776465,0.629260,0.525484,0.489185,0.325661,0.230760,0.322221,0.520552,0.176249,0.163200,0.334094,0.600861,0.590348,0.608680,0.538677,0.532132,0.534366,0.602606,0.537545,0.528024,0.663445,0.766348,0.775933,0.781674,0.727836
0.315257,0.315257,0.348358,0.231873,0.310852,0.561277,0.642060,0.683018,0.597028,0.288990,0.410917,0.421510,0.423618,0.349053,0.296891,0.300542,0.380779,0.253875,0.213657,0.195145,0.193303,0.198384,0.458438,0.292191,0.162229,0.365236,0.708992,0.476825,0.241922,0.477013,0.538717,0.603124,0.616320,0.661551,0.690909,0.658330,0.577199,0.578286,0.491861,0.625915,0.833671,0.623296,0.577350,0.538150,0.312220,0.263946,0.233440,0.520528,0.236776,0.183149,0.421538,0.600322,0.604113,0.607570,0.596648,0.564629,0.557324,0.585640,0.524608,0.583716,0.725723,0.769645,0.750367,0.797152,0.816338
0.276113,0.276113,0.270148,0.217773,0.320406,0.641212,0.692989,0.666298,0.547676,0.332485,0.436793,0.528501,0.374432,0.414845,0.326361,0.357108,0.435538,0.329515,0.184612,0.138107,0.241179,0.302762,0.512491,0.329787,0.243628,0.532610,0.624868,0.211449,0.215735,0.456341,0.477286,0.539074,0.633692,0.647246,0.718415,0.638912,0.516603,0.519346,0.470950,0.594691,0.821088,0.629960,0.582620,0.496969,0.285591,0.254257,0.222913,0.531475,0.289463,0.206939,0.514991,0.632116,0.659016,0.640135,0.570493,0.592004,0.547210,0.562682,0.523312,0.725598,0.765893,0.760100,0.776128,0.824158,0.806316
0.343678,0.343678,0.328042,0.199492,0.296192,0.618546,0.693476,0.704606,0.526979,0.362098,0.400005,0.424109,0.343264,0.390241,0.313487,0.310789,0.445208,0.319435,0.200634,0.174006,0.296441,0.424371,0.299537,0.188238,0.474891,0.657992,0.333322,0.223818,0.352804,0.446338,0.518228,0.526995,0.602457,0.587555,0.638501,0.603361,0.521384,0.494550,0.484405,0.584627,0.814956,0.605729,0.553115,0.441633,0.207815,0.213671,0.263957,0.487294,0.304177,0.269077,0.521304,0.616625,0.623560,0.504672,0.580102,0.593727,0.555530,0.536998,0.594855,0.771144,0.723837,0.805661,0.824058,0.811042,0.795262
0.344401,0.344401,0.301233,0.257191,0.354705,0.637797,0.680727,0.707945,0.590579,0.315942,0.413970,0.413912,0.337294,0.356865,0.283477,0.348144,0.414834,0.413199,0.219197,0.240346,0.196726,0.304279,0.175382,0.305819,0.692991,0.453621,0.180244,0.206046,0.329880,0.429550,0.521528,0.498593,0.543759,0.637062,0.616851,0.618045,0.587444,0.492005,0.384672,0.457953,0.712180,0.603002,0.519029,0.294249,0.187982,0.222878,0.192367,0.436812,0.360844,0.394602,0.648591,0.616000,0.574625,0.581388,0.568717,0.613371,0.588927,0.603074,0.700336,0.772891,0.807412,0.808161,0.812094,0.790520,0.832690
0.336137,0.336137,0.279356,0.267288,0.473531,0.601020,0.660610,0.683128,0.574091,0.309899,0.393336,0.433083,0.329497,0.283662,0.283710,0.282057,0.412256,0.481796,0.307699,0.345749,0.219348,0.307049,0.530192,0.507195,0.490132,0.202259,0.195763,0.233794,0.377218,0.478265,0.510698,0.527394,0.591251,0.637941,0.595891,0.618764,0.567388,0.560902,0.575577,0.714240,0.666255,0.604127,0.461570,0.197357,0.226032,0.264425,0.206270,0.408022,0.463347,0.485964,0.637605,0.594260,0.556092,0.619188,0.563857,0.551780,0.584953,0.595050,0.722947,0.791888,0.835131,0.809294,0.840139,0.839602,0.776707
0.261277,0.261277,0.324418,0.274894,0.447032,0.610032,0.678567,0.690936,0.598538,0.304592,0.336946,0.447694,0.351162,0.372238,0.203389,0.309607,0.358995,0.389467,0.482174,0.279589,0.251156,0.560695,0.620120,0.440700,0.261652,0.188508,0.245131,0.211532,0.367367,0.434511,0.496131,0.522435,0.541449,0.551840,0.569621,0.541550,0.598851,0.614154,0.718559,0.772606,0.648019,0.560130,0.327739,0.179118,0.219515,0.281941,0.205112,0.324607,0.505410,0.506924,0.615027,0.570000,0.617153,0.608454,0.548130,0.523091,0.566420,0.574375,0.755728,0.795271,0.831622,0.827563,0.754853,0.816174,0.803057
0.267314,0.267314,0.277858,0.192416,0.446143,0.604332,0.701654,0.682314,0.590446,0.324919,0.412553,0.479409,0.290496,0.245033,0.202241,0.396419,0.358755,0.336919,0.419707,0.362335,0.621300,0.693240,0.456562,0.286106,0.178276,0.185490,0.271571,0.224064,0.342731,0.390417,0.488057,0.490715,0.556914,0.533092,0.513383,0.485156,0.506263,0.489442,0.537664,0.565409,0.569588,0.491590,0.211049,0.198187,0.251140,0.295535,0.279154,0.279040,0.505033,0.565419,0.582459,0.612864,0.604228,0.550031,0.554131,0.574411,0.575893,0.604113,0.765173,0.783586,0.829542,0.853088,0.788864,0.836881,0.822450
0.226292,0.226292,0.234439,0.246524,0.448249,0.640219,0.650940,0.699514,0.582394,0.401933,0.430046,0.445059,0.237680,0.208508,0.286177,0.416638,0.398182,0.374911,0.341900,0.483225,0.634638,0.566037,0.400806,0.196187,0.199379,0.192941,0.200886,0.237921,0.240916,0.344753,0.438864,0.471990,0.551333,0.559863,0.519955,0.455664,0.459915,0.565141,0.606965,0.578868,0.555204,0.341593,0.181312,0.175303,0.220222,0.270259,0.206762,0.255929,0.532780,0.596224,0.654186,0.568174,0.595401,0.550856,0.574002,0.595092,0.547650,0.585702,0.788414,0.807650,0.796912,0.830301,0.819064,0.832370,0.849351
0.178250,0.178250,0.199310,0.241729,0.400846,0.624445,0.665479,0.754902,0.619082,0.286375,0.427642,0.356097,0.296467,0.184020,0.278648,0.513764,0.365416,0.406363,0.424576,0.484130,0.618346,0.579785,0.213655,0.190983,0.201627,0.204347,0.282525,0.211364,0.308426,0.298984,0.438264,0.445955,0.523244,0.517705,0.548606,0.541125,0.511997,0.554147,0.534121,0.590977,0.451507,0.175258,0.152962,0.196716,0.248810,0.339049,0.254455,0.225583,0.575668,0.615363,0.591478,0.593225,0.620868,0.603616,0.547356,0.547735,0.500145,0.614513,0.852885,0.842846,0.834507,0.848302,0.837664,0.798887,0.838924
0.197864,0.197864,0.186325,0.295992,0.469521,0.606975,0.719772,0.684615,0.560217,0.341004,0.412497,0.293761,0.270244,0.202618,0.253348,0.436716,0.452456,0.424676,0.414639,0.398324,0.628692,0.324389,0.189367,0.275144,0.167940,0.239798,0.180844,0.223056,0.277196,0.279499,0.297334,0.395965,0.509826,0.508443,0.562731,0.579691,0.559141,0.645302,0.640839,0.562043,0.320172,0.191942,0.231558,0.206511,0.273084,0.292858,0.320168,0.288961,0.588651,0.591140,0.600813,0.586911,0.574487,0.557893,0.522891,0.572052,0.546038,0.610156,0.847824,0.813207,0.814360,0.826641,0.831656,0.825098,0.789280
0.179391,0.179391,0.196105,0.298811,0.475051,0.615481,0.633809,0.689225,0.582971,0.309985,0.392763,0.249519,0.238303,0.202633,0.189288,0.372347,0.321864,0.493582,0.473380,0.493835,0.359453,0.218423,0.169170,0.207509,0.197252,0.194108,0.179187,0.220684,0.244376,0.223580,0.263043,0.234471,0.390382,0.451390,0.556022,0.579584,0.679440,0.660392,0.657631,0.526381,0.215870,0.223391,0.240519,0.216004,0.250000,0.341804,0.295019,0.273892,0.617419,0.592260,0.595992,0.589497,0.611442,0.568047,0.538610,0.542466,0.509000,0.715093,0.845161,0.850312,0.796628,0.830371,0.803866,0.729170,0.600751
0.193870,0.193870,0.191508,0.241098,0.468155,0.635201,0.654438,0.657123,0.560996,0.476980,0.390730,0.250329,0.250237,0.217558,0.195846,0.446979,0.348320,0.386929,0.449388,0.530680,0.429013,0.287057,0.186093,0.234166,0.226330,0.196387,0.236844,0.188413,0.214524,0.218723,0.249705,0.280138,0.419023,0.446905,0.483620,0.551929,0.625294,0.641380,0.602316,0.563828,0.336450,0.251797,0.232487,0.209873,0.295534,0.402944,0.304627,0.297904,0.610481,0.465383,0.510211,0.552040,0.580578,0.559694,0.582851,0.544242,0.542602,0.723942,0.838134,0.829277,0.823893,0.791263,0.583191,0.290267,0.203559
0.331475,0.331475,0.215890,0.225756,0.369421,0.579580,0.651097,0.668015,0.639618,0.412387,0.331434,0.173004,0.225974,0.198741,0.262438,0.333527,0.439471,0.456719,0.415674,0.427039,0.457424,0.479719,0.224537,0.248051,0.246719,0.208432,0.228076,0.214708,0.211844,0.211967,0.243695,0.423259,0.493817,0.559430,0.541627,0.523965,0.582350,0.571704,0.684986,0.754856,0.788234,0.600749,0.354312,0.188373,0.317017,0.306626,0.301292,0.332560,0.529967,0.462770,0.438734,0.464189,0.454361,0.463385,0.481435,0.470956,0.422454,0.769774,0.815401,0.773032,0.830539,0.609145,0.208294,0.204868,0.326781
0.561792,0.561792,0.432549,0.249404,0.262376,0.575964,0.714646,0.671991,0.630873,0.471460,0.285997,0.132166,0.309861,0.280116,0.303479,0.255305,0.343122,0.413645,0.388989,0.440401,0.478000,0.388360,0.389443,0.214686,0.191679,0.195396,0.194588,0.206387,0.219637,0.239457,0.264604,0.427736,0.472609,0.515697,0.533193,0.547603,0.573822,0.625364,0.729044,0.797127,0.753692,0.804022,0.812846,0.532983,0.282636,0.267271,0.301686,0.325121,0.621742,0.597664,0.562133,0.510759,0.467891,0.434287,0.446055,0.402734,0.452894,0.703996,0.831536,0.831243,0.608316,0.258377,0.294918,0.352341,0.317883
0.507098,0.507098,0.529352,0.443569,0.265425,0.585539,0.648377,0.674908,0.624894,0.524049,0.212915,0.171927,0.270277,0.259056,0.280482,0.235515,0.294525,0.290826,0.298455,0.424212,0.499199,0.404155,0.462114,0.261576,0.200516,0.215935,0.205751,0.210851,0.193349,0.337884,0.262909,0.390761,0.461625,0.539322,0.531093,0.565230,0.561879,0.618540,0.701436,0.701372,0.674420,0.751131,0.809301,0.871645,0.567050,0.228310,0.217843,0.345948,0.612809,0.605324,0.561823,0.596538,0.541925,0.500595,0.412239,0.479498,0.502882,0.792307,0.832416,0.759889,0.309340,0.316844,0.405581,0.408223,0.358579
0.340383,0.340383,0.631128,0.549321,0.292512,0.586113,0.696713,0.720719,0.595830,0.407308,0.168301,0.200201,0.205194,0.197933,0.283364,0.215931,0.215291,0.297371,0.303228,0.343991,0.467660,0.479131,0.376287,0.389247,0.157661,0.209242,0.202563,0.208728,0.230047,0.394221,0.236053,0.371140,0.503271,0.565025,0.577125,0.589148,0.550265,0.624128,0.639001,0.687145,0.689474,0.711152,0.780499,0.805564,0.887025,0.457053,0.191682,0.362956,0.619089,0.610147,0.535659,0.572647,0.555313,0.547017,0.471789,0.533493,0.644023,0.827780,0.851987,0.605751,0.340296,0.394959,0.427190,0.439401,0.395304
0.180235,0.180235,0.552924,0.589209,0.227553,0.562484,0.731280,0.659470,0.587942,0.414792,0.210796,0.241522,0.187663,0.222109,0.340875,0.161088,0.226709,0.205399,0.394176,0.391478,0.451915,0.497617,0.353483,0.441619,0.208210,0.220471,0.241525,0.219238,0.196283,0.457208,0.328577,0.419497,0.536324,0.536823,0.539608,0.567355,0.556517,0.609286,0.607680,0.630204,0.662291,0.745228,0.770768,0.819991,0.825496,0.702421,0.201648,0.404046,0.587182,0.572018,0.596845,0.609142,0.549298,0.500340,0.531386,0.715109,0.787302,0.843412,0.789209,0.430286,0.346979,0.425497,0.366705,0.414870,0.400777
0.163789,0.163789,0.501748,0.604241,0.291544,0.560623,0.704408,0.709685,0.640195,0.359750,0.217675,0.194328,0.195933,0.294191,0.263628,0.190817,0.203918,0.210486,0.298218,0.382878,0.461486,0.505835,0.480997,0.406174,0.226892,0.196648,0.196126,0.171061,0.332002,0.528000,0.314571,0.444753,0.552420,0.579202,0.505472,0.539647,0.562593,0.574016,0.607358,0.658510,0.718712,0.721930,0.781742,0.830417,0.849876,0.876044,0.268099,0.411545,0.599758,0.594606,0.526645,0.582846,0.525233,0.501065,0.564104,0.835669,0.858873,0.861571,0.665684,0.330118,0.421704,0.431326,0.410260,0.393085,0.419335
0.156297,0.156297,0.500874,0.591115,0.291345,0.535763,0.673205,0.706273,0.628065,0.391517,0.210045,0.198111,0.191899,0.237537,0.274759,0.260324,0.164949,0.194344,0.244749,0.313167,0.471995,0.427800,0.370092,0.318464,0.324349,0.304100,0.206178,0.187704,0.389259,0.515121,0.303641,0.475649,0.516827,0.587028,0.573959,0.549722,0.567630,0.590875,0.612030,0.629263,0.632985,0.694318,0.751516,0.800286,0.821267,0.855852,0.545848,0.460225,0.604945,0.543906,0.540756,0.535836,0.485618,0.557888,0.614820,0.854127,0.826753,0.782548,0.535775,0.395961,0.411275,0.407874,0.380283,0.400477,0.350658
0.170080,0.170080,0.498994,0.672204,0.326406,0.577208,0.665442,0.677566,0.649632,0.384797,0.196092,0.198174,0.203733,0.218264,0.228943,0.199551,0.196821,0.245169,0.268819,0.337080,0.427170,0.379950,0.330466,0.264315,0.261178,0.271792,0.212111,0.279890,0.438869,0.464716,0.350070,0.530984,0.485842,0.575333,0.520641,0.517936,0.567308,0.565229,0.615534,0.634510,0.629393,0.654121,0.717484,0.776948,0.760263,0.841335,0.683849,0.514845,0.586589,0.580677,0.552871,0.559267,0.524029,0.532740,0.558742,0.766745,0.852156,0.662164,0.420670,0.378363,0.387220,0.333527,0.387261,0.356847,0.348487
0.170711,0.170711,0.429941,0.629824,0.339494,0.532029,0.662247,0.664819,0.636417,0.461150,0.214349,0.194778,0.229274,0.263351,0.247111,0.225012,0.180738,0.206239,0.248737,0.328275,0.275962,0.270583,0.447865,0.228894,0.194396,0.181464,0.233828,0.383722,0.484285,0.363198,0.412948,0.527889,0.515043,0.571111,0.559498,0.503624,0.526883,0.554560,0.612172,0.620709,0.646955,0.695352,0.743856,0.786759,0.782268,0.850547,0.805046,0.496784,0.384617,0.499112,0.525197,0.519665,0.545233,0.610960,0.517762,0.639659,0.859599,0.620734,0.378569,0.374641,0.318702,0.353006,0.410535,0.355008,0.315956
0.118846,0.118846,0.317949,0.682960,0.383834,0.479494,0.705262,0.662422,0.604162,0.395886,0.177803,0.178193,0.215654,0.195767,0.195172,0.240652,0.178715,0.196180,0.263875,0.433347,0.348088,0.353536,0.257543,0.172740,0.178920,0.167162,0.278446,0.456450,0.463022,0.294424,0.479629,0.512201,0.535882,0.573738,0.537355,0.554167,0.509192,0.551423,0.594156,0.594296,0.606607,0.642720,0.744287,0.780592,0.801142,0.831360,0.866126,0.585139,0.304629,0.328896,0.305224,0.310283,0.370346,0.523432,0.639800,0.717759,0.834213,0.468421,0.311854,0.319465,0.373189,0.387964,0.401282,0.369943,0.220641
0.258257,0.258257,0.412691,0.696777,0.396883,0.481284,0.685286,0.701564,0.605819,0.381058,0.179834,0.199849,0.208715,0.229342,0.213274,0.195585,0.199834,0.190984,0.218802,0.312327,0.510770,0.336600,0.186960,0.199761,0.198715,0.182713,0.393012,0.447633,0.305407,0.373669,0.548712,0.569660,0.528944,0.562573,0.578157,0.565276,0.570353,0.540046,0.548495,0.591078,0.621155,0.625272,0.670751,0.738117,0.827733,0.838568,0.869858,0.675838,0.351326,0.400648,0.326461,0.248210,0.144155,0.453377,0.719377,0.786691,0.609618,0.250910,0.288024,0.343509,0.398090,0.325799,0.400749,0.319219,0.236823
0.359930,0.359930,0.469850,0.661839,0.523965,0.479952,0.687336,0.700756,0.638458,0.353158,0.160956,0.210815,0.194873,0.208459,0.251510,0.214558,0.216635,0.212917,0.263521,0.246654,0.412672,0.325143,0.193009,0.185213,0.169310,0.301637,0.381349,0.324208,0.343290,0.533016,0.530830,0.532289,0.536574,0.539172,0.568604,0.518364,0.569649,0.518257,0.554660,0.595649,0.571338,0.620521,0.618445,0.736152,0.802302,0.795458,0.804663,0.803616,0.399484,0.431154,0.411329,0.327970,0.248270,0.473111,0.817970,0.594048,0.305099,0.247943,0.337656,0.390663,0.281770,0.355595,0.398679,0.292274,0.271343
0.246009,0.246009,0.423807,0.633001,0.539937,0.509328,0.712322,0.709097,0.564194,0.281774,0.211429,0.190675,0.234166,0.199301,0.239260,0.273385,0.347506,0.213433,0.229023,0.304633,0.402443,0.308493,0.173392,0.157267,0.191758,0.237427,0.300745,0.427712,0.481022,0.514464,0.517009,0.528027,0.528636,0.546629,0.574927,0.572965,0.550543,0.568449,0.565339,0.557507,0.574251,0.611424,0.646330,0.676595,0.758842,0.759693,0.848279,0.865677,0.417537,0.342549,0.414573,0.398506,0.415755,0.527099,0.525691,0.295498,0.315870,0.276990,0.355783,0.338346,0.283958,0.444233,0.436985,0.249894,0.236167
0.211593,0.211593,0.357389,0.733546,0.624009,0.476798,0.725820,0.710479,0.556665,0.205098,0.204964,0.200203,0.232944,0.230416,0.305495,0.257315,0.408936,0.239541,0.285358,0.264506,0.316304,0.308877,0.189512,0.216996,0.282694,0.402023,0.409126,0.489629,0.530991,0.535649,0.530921,0.506387,0.521402,0.536737,0.581482,0.591861,0.598244,0.564106,0.535631,0.590245,0.554005,0.583254,0.577568,0.633025,0.730664,0.785628,0.807505,0.835528,0.578504,0.312223,0.396954,0.423657,0.475037,0.436119,0.390156,0.420374,0.365061,0.395559,0.289103,0.338561,0.406687,0.457964,0.275594,0.213755,0.200611
0.204169,0.204169,0.246140,0.740953,0.720924,0.509000,0.662951,0.705834,0.542259,0.185215,0.196330,0.199672,0.270387,0.301935,0.310737,0.284118,0.324808,0.346417,0.283857,0.249851,0.254552,0.352433,0.213184,0.284899,0.412390,0.475930,0.482636,0.514393,0.502278,0.520448,0.517284,0.512758,0.503308,0.521478,0.571586,0.614157,0.587798,0.526420,0.595584,0.595643,0.539803,0.619559,0.589791,0.641748,0.690829,0.759256,0.807411,0.829338,0.670393,0.310191,0.395301,0.419166,0.510978,0.482246,0.505688,0.406126,0.338345,0.358910,0.310289,0.421811,0.504477,0.346033,0.214497,0.224408,0.362358