0.604256,0.604256,0.601717,0.641791,0.588999,0.604157,0.688719,0.624966,0.502871,0.364372,0.359947,0.405289,0.433478,0.411533,0.471868,0.483930,0.522790,0.519827,0.516178,0.504213,0.472541,0.489260,0.543409,0.522226,0.521506,0.532764,0.525095,0.523614,0.528621,0.493454,0.490965,0.503967,0.523606,0.534668,0.499072,0.538892,0.508070,0.499764,0.503657,0.494836,0.456962,0.487378,0.588890,0.614966,0.605474,0.619774,0.608056,0.586278,0.612499,0.622356,0.608976,0.647400,0.789020,0.677363,0.425004,0.458984,0.498785,0.476794,0.487609,0.456774,0.449473,0.486549,0.490413,0.501581,0.470740
0.607929,0.607929,0.616393,0.632047,0.618706,0.631011,0.640243,0.640179,0.512145,0.358953,0.406826,0.413835,0.409642,0.400637,0.478402,0.492530,0.481348,0.514127,0.500313,0.537043,0.521881,0.552128,0.529364,0.506725,0.503384,0.500097,0.515427,0.533493,0.509117,0.485934,0.535976,0.528240,0.518979,0.532469,0.526931,0.485896,0.500934,0.515511,0.525040,0.468642,0.456558,0.456360,0.547696,0.600607,0.595176,0.618389,0.604007,0.607590,0.608735,0.601496,0.586144,0.615507,0.772875,0.868341,0.587334,0.446173,0.469967,0.445004,0.470299,0.479844,0.481134,0.505167,0.494084,0.340014,0.257111
0.608955,0.608955,0.641619,0.610495,0.621529,0.655852,0.641448,0.609259,0.540164,0.384818,0.393850,0.411062,0.419473,0.421243,0.437373,0.466094,0.498316,0.494961,0.490842,0.561928,0.531445,0.523796,0.531731,0.511073,0.490919,0.510331,0.499748,0.526726,0.504614,0.507872,0.507436,0.563521,0.523061,0.500536,0.514554,0.515044,0.492570,0.478247,0.490179,0.484564,0.467149,0.427931,0.467054,0.628019,0.622931,0.625298,0.648601,0.598496,0.568014,0.548817,0.611908,0.603740,0.693357,0.841673,0.745304,0.452755,0.468585,0.482481,0.473376,0.484667,0.518001,0.493193,0.336821,0.210367,0.237394
0.587879,0.587879,0.618369,0.613185,0.664354,0.650627,0.603263,0.610044,0.522179,0.393273,0.394172,0.434671,0.415960,0.407894,0.423377,0.487852,0.511498,0.482691,0.480288,0.526075,0.533776,0.519857,0.515601,0.514817,0.501188,0.544402,0.530565,0.493812,0.485864,0.496364,0.490578,0.498368,0.515377,0.507231,0.503618,0.484713,0.518696,0.462274,0.494653,0.484158,0.464368,0.423385,0.478518,0.609368,0.610648,0.619921,0.641667,0.629108,0.601299,0.595378,0.600880,0.602393,0.574789,0.745723,0.847407,0.621443,0.402785,0.482024,0.491909,0.501987,0.464428,0.324217,0.202331,0.194173,0.213861
0.632422,0.632422,0.605038,0.646799,0.643672,0.636165,0.611587,0.628360,0.492680,0.377836,0.394016,0.422121,0.410134,0.415867,0.441837,0.505321,0.488223,0.518040,0.513905,0.494431,0.511765,0.499850,0.526748,0.519836,0.495132,0.509584,0.538568,0.502207,0.497793,0.510157,0.478506,0.512129,0.506552,0.511266,0.511611,0.523863,0.487470,0.497721,0.497266,0.469124,0.458108,0.443322,0.480680,0.543852,0.581996,0.626946,0.619299,0.620063,0.612119,0.601086,0.618675,0.595042,0.559586,0.641286,0.842466,0.810469,0.512049,0.422941,0.470761,0.504065,0.312256,0.151093,0.212494,0.203339,0.200952
0.620488,0.620488,0.622447,0.618457,0.642771,0.628082,0.652278,0.617690,0.500754,0.349059,0.390897,0.427370,0.434961,0.423902,0.462393,0.482615,0.514084,0.499765,0.504848,0.492031,0.492609,0.510301,0.517391,0.515627,0.469146,0.514261,0.514838,0.509616,0.526338,0.541190,0.511253,0.479232,0.488186,0.476953,0.481915,0.530343,0.543365,0.496905,0.482485,0.482529,0.475383,0.476198,0.479931,0.535739,0.569751,0.597024,0.602925,0.602860,0.603264,0.596762,0.602373,0.594499,0.538598,0.603537,0.770600,0.851071,0.683943,0.423867,0.469312,0.390262,0.209933,0.192865,0.226838,0.205365,0.193061
0.616684,0.616684,0.627650,0.568207,0.537098,0.597818,0.618829,0.603128,0.524211,0.380640,0.387699,0.422696,0.414582,0.402631,0.469307,0.449800,0.459586,0.511316,0.504888,0.487699,0.496181,0.503904,0.521860,0.525646,0.500052,0.561288,0.584522,0.606161,0.687756,0.682552,0.672858,0.698390,0.653492,0.531173,0.490641,0.476970,0.481143,0.514119,0.491297,0.467039,0.498721,0.463600,0.475201,0.543382,0.542587,0.591387,0.621689,0.591946,0.573683,0.578487,0.563388,0.571744,0.569110,0.563666,0.627532,0.804652,0.841839,0.597815,0.322638,0.185462,0.199643,0.215588,0.226965,0.215726,0.195628
0.631701,0.631701,0.616028,0.510480,0.503187,0.596590,0.625312,0.634377,0.513466,0.323585,0.355452,0.372001,0.396123,0.402733,0.428994,0.466386,0.474038,0.473017,0.492214,0.481322,0.503119,0.529862,0.506542,0.504384,0.525799,0.545211,0.537703,0.614953,0.614813,0.687063,0.693935,0.731121,0.772177,0.783661,0.671036,0.538002,0.476088,0.474490,0.463666,0.469593,0.512604,0.421928,0.468867,0.551198,0.576509,0.567982,0.584428,0.567878,0.588326,0.578650,0.542077,0.573720,0.581770,0.584897,0.553380,0.690776,0.858111,0.689434,0.198679,0.199176,0.195126,0.199625,0.198071,0.203880,0.193473
0.646098,0.646098,0.559981,0.376469,0.488130,0.594014,0.644468,0.611964,0.490977,0.340123,0.350712,0.381780,0.368416,0.396416,0.458877,0.469595,0.428883,0.473334,0.483475,0.483856,0.508283,0.434585,0.472292,0.437520,0.511805,0.509049,0.562918,0.578046,0.605392,0.682054,0.673345,0.721529,0.751506,0.760771,0.763952,0.767054,0.601441,0.445298,0.411349,0.403514,0.439071,0.421397,0.452650,0.528335,0.562389,0.569034,0.574709,0.583533,0.568498,0.557982,0.575476,0.560494,0.585544,0.617089,0.571642,0.599534,0.732011,0.335791,0.190342,0.178947,0.206238,0.192018,0.194051,0.211477,0.209278
0.641165,0.641165,0.488862,0.336285,0.489248,0.611624,0.666064,0.618932,0.497611,0.328125,0.336221,0.364066,0.399690,0.401362,0.434049,0.435666,0.447295,0.464519,0.508210,0.499699,0.477697,0.428628,0.513596,0.488964,0.509704,0.539263,0.539430,0.540250,0.600876,0.660610,0.737601,0.742965,0.762500,0.766575,0.763622,0.782238,0.777139,0.646752,0.471375,0.415684,0.388067,0.413968,0.475927,0.595792,0.594765,0.589315,0.508965,0.505930,0.537686,0.575634,0.588479,0.576432,0.579913,0.579115,0.582307,0.562053,0.312381,0.176435,0.206269,0.213152,0.219990,0.214286,0.207502,0.229599,0.361402
0.574008,0.574008,0.390465,0.345061,0.475838,0.627118,0.666132,0.629586,0.488966,0.324625,0.355202,0.399412,0.421471,0.390747,0.424843,0.440604,0.454392,0.492492,0.499023,0.504195,0.438313,0.434598,0.495444,0.466523,0.497685,0.550559,0.516789,0.553696,0.577972,0.661914,0.686964,0.707504,0.753895,0.772784,0.798610,0.808537,0.802394,0.822943,0.655025,0.427460,0.376566,0.339325,0.441669,0.598560,0.603693,0.602525,0.453278,0.336349,0.508439,0.575991,0.571592,0.558732,0.566702,0.534709,0.591154,0.372278,0.184789,0.206613,0.201102,0.198143,0.220544,0.209882,0.243764,0.304436,0.558352
0.430121,0.430121,0.366156,0.344642,0.484611,0.616534,0.676781,0.630370,0.513645,0.322139,0.378088,0.356697,0.409847,0.436212,0.430266,0.443199,0.429514,0.478192,0.465424,0.438121,0.410179,0.447178,0.444721,0.445388,0.482886,0.507761,0.547087,0.600958,0.589489,0.613139,0.661112,0.707837,0.753496,0.787458,0.809572,0.812881,0.806207,0.812786,0.903403,0.500797,0.356072,0.351995,0.449087,0.592762,0.634134,0.577465,0.466596,0.239718,0.395870,0.545713,0.563876,0.578949,0.566064,0.590742,0.492394,0.195089,0.209030,0.201467,0.197655,0.214433,0.194062,0.244568,0.384089,0.577743,0.596089
0.338374,0.338374,0.329507,0.347896,0.477714,0.658411,0.634498,0.606747,0.472743,0.300074,0.341828,0.399160,0.380867,0.380677,0.428083,0.481849,0.488885,0.458452,0.457170,0.425613,0.452224,0.456176,0.454896,0.462276,0.503439,0.546738,0.523710,0.578022,0.589296,0.585624,0.654593,0.741768,0.777283,0.795960,0.781356,0.812659,0.810567,0.793247,0.829247,0.823048,0.561677,0.333394,0.438004,0.560753,0.607606,0.603232,0.489571,0.202545,0.266236,0.480155,0.553226,0.557014,0.555082,0.582324,0.269533,0.198811,0.204112,0.214720,0.201326,0.201853,0.209399,0.297803,0.517580,0.588927,0.632378
0.316589,0.316589,0.365625,0.333211,0.467501,0.629898,0.642827,0.618136,0.474832,0.301824,0.342054,0.410508,0.424168,0.422371,0.406626,0.476207,0.520964,0.511982,0.386453,0.421253,0.430067,0.492237,0.493138,0.539318,0.547471,0.538890,0.545680,0.538125,0.577090,0.683154,0.734583,0.739456,0.767085,0.773970,0.791231,0.816520,0.816911,0.793943,0.816648,0.819394,0.889561,0.445794,0.389131,0.563154,0.606162,0.586168,0.479607,0.225182,0.178749,0.319321,0.559171,0.628955,0.558159,0.434517,0.173508,0.214721,0.214884,0.203526,0.211915,0.209804,0.275129,0.501495,0.562784,0.618955,0.664799
0.343578,0.343578,0.366669,0.341792,0.471664,0.623822,0.627554,0.624222,0.471963,0.305244,0.327072,0.375224,0.397676,0.430773,0.429012,0.454186,0.507586,0.548415,0.416960,0.429740,0.438337,0.473719,0.525980,0.502363,0.521667,0.531074,0.488893,0.574647,0.711493,0.705521,0.685851,0.743710,0.747448,0.728353,0.782379,0.794527,0.784082,0.776392,0.774439,0.799385,0.840358,0.753187,0.386337,0.539259,0.617874,0.603052,0.486187,0.253120,0.205286,0.408691,0.768349,0.813374,0.763457,0.258143,0.172570,0.213171,0.207194,0.198967,0.230942,0.230387,0.483212,0.586920,0.623361,0.615058,0.636220
0.369123,0.369123,0.377312,0.337974,0.481176,0.627798,0.652087,0.624121,0.501133,0.297698,0.356561,0.377635,0.383373,0.425665,0.408724,0.431379,0.575810,0.537435,0.404157,0.436203,0.459214,0.466261,0.488371,0.487769,0.514070,0.481308,0.597006,0.670004,0.665011,0.713166,0.699103,0.761656,0.725084,0.734609,0.759647,0.801236,0.784123,0.790345,0.797423,0.786239,0.794042,0.829942,0.560647,0.533425,0.611370,0.621822,0.458357,0.226790,0.508812,0.794673,0.813482,0.826632,0.876753,0.372588,0.199021,0.200699,0.202839,0.204815,0.197294,0.326169,0.577807,0.589960,0.640104,0.605749,0.637076
0.398894,0.398894,0.420181,0.393387,0.481267,0.646432,0.615136,0.624012,0.483317,0.330249,0.358767,0.399474,0.395171,0.416815,0.418320,0.429910,0.640239,0.511186,0.401880,0.420915,0.466421,0.468942,0.494188,0.473491,0.483375,0.577582,0.618297,0.629793,0.648759,0.715811,0.699548,0.694991,0.693801,0.663648,0.746204,0.787406,0.765062,0.734391,0.753615,0.763425,0.805847,0.825032,0.765777,0.635780,0.605188,0.561595,0.502459,0.599161,0.787954,0.810568,0.796417,0.795721,0.869300,0.389501,0.188596,0.207742,0.187615,0.187149,0.209606,0.524296,0.622345,0.605266,0.575286,0.631713,0.613444
0.431340,0.431340,0.451399,0.396900,0.490721,0.627877,0.631346,0.638491,0.476453,0.327130,0.358667,0.406874,0.370614,0.414762,0.407221,0.471907,0.621094,0.524292,0.436286,0.390311,0.437180,0.442742,0.492367,0.499418,0.524839,0.584706,0.576987,0.627151,0.665080,0.669905,0.656808,0.679825,0.685067,0.719529,0.741746,0.737089,0.727114,0.696158,0.755353,0.761334,0.742294,0.770767,0.768155,0.738557,0.637617,0.683906,0.729664,0.791209,0.796124,0.790624,0.790245,0.789192,0.849567,0.308577,0.198966,0.203600,0.200591,0.210609,0.349630,0.602937,0.617179,0.609073,0.623880,0.602682,0.567762
0.386676,0.386676,0.442970,0.416232,0.463558,0.625619,0.690638,0.668867,0.499879,0.341243,0.353301,0.398122,0.423625,0.393854,0.406016,0.416378,0.686642,0.551068,0.485584,0.417737,0.440742,0.490087,0.487404,0.534304,0.575312,0.576622,0.579586,0.638023,0.682693,0.683048,0.658411,0.694628,0.660190,0.659293,0.719001,0.693532,0.731369,0.692777,0.730027,0.734871,0.699801,0.718138,0.717937,0.751460,0.749433,0.772361,0.797387,0.792908,0.787902,0.795416,0.778755,0.809249,0.780005,0.255758,0.192791,0.193426,0.212423,0.308072,0.551254,0.597318,0.602742,0.614345,0.610761,0.603555,0.614957
0.376654,0.376654,0.390606,0.405237,0.503772,0.619415,0.668621,0.662739,0.531651,0.344469,0.365663,0.389361,0.397683,0.405996,0.395418,0.462740,0.690976,0.590051,0.493097,0.443941,0.465252,0.476571,0.546644,0.546312,0.532902,0.576814,0.570713,0.607046,0.618561,0.657033,0.688059,0.680122,0.626227,0.658864,0.638286,0.668945,0.718055,0.718384,0.687444,0.700195,0.639737,0.648557,0.708889,0.773805,0.785931,0.753360,0.774847,0.784944,0.763021,0.782377,0.668948,0.730986,0.567084,0.193579,0.204840,0.201951,0.200785,0.441031,0.581190,0.613230,0.617914,0.584450,0.594100,0.629910,0.630355
0.389100,0.389100,0.362467,0.419166,0.508311,0.626432,0.691752,0.653555,0.466526,0.368414,0.333013,0.376506,0.378317,0.413717,0.376771,0.443761,0.671193,0.606768,0.567522,0.473164,0.446549,0.520469,0.521065,0.512959,0.551679,0.553055,0.591545,0.608763,0.585232,0.618918,0.632060,0.621822,0.653187,0.633932,0.639251,0.647592,0.672349,0.672447,0.647007,0.703443,0.680774,0.713870,0.744751,0.772245,0.773633,0.759342,0.778468,0.788799,0.766035,0.659336,0.571092,0.690315,0.348957,0.196212,0.186017,0.201353,0.405184,0.546349,0.608192,0.600489,0.615264,0.619157,0.608807,0.650495,0.589082
0.405327,0.405327,0.400705,0.412979,0.511764,0.615373,0.652265,0.631458,0.505659,0.334314,0.340985,0.330127,0.351460,0.375201,0.371425,0.435898,0.709109,0.676306,0.588375,0.504810,0.484735,0.491391,0.514088,0.526143,0.503471,0.503021,0.562616,0.579417,0.507105,0.492658,0.542467,0.556525,0.549889,0.592604,0.591813,0.570809,0.555869,0.561177,0.612057,0.746658,0.786274,0.737136,0.746956,0.747139,0.748120,0.779814,0.798196,0.797517,0.747303,0.499574,0.520522,0.665322,0.211433,0.192606,0.189065,0.212858,0.461682,0.566398,0.615070,0.596355,0.601239,0.586975,0.579511,0.603138,0.615104
0.400957,0.400957,0.422713,0.420287,0.509268,0.619270,0.662123,0.661511,0.537491,0.344577,0.335233,0.390327,0.401591,0.403284,0.375741,0.468835,0.724206,0.700189,0.571769,0.490145,0.483611,0.457179,0.534660,0.528202,0.532492,0.493268,0.566407,0.533986,0.453634,0.399722,0.411056,0.502609,0.419072,0.349906,0.387228,0.220161,0.242898,0.495798,0.667698,0.766487,0.759862,0.764426,0.757444,0.774666,0.759962,0.785180,0.801152,0.609339,0.420867,0.437184,0.659468,0.371909,0.197804,0.192017,0.193463,0.300123,0.585928,0.628918,0.635213,0.623993,0.628561,0.589130,0.567921,0.595581,0.635196
0.407015,0.407015,0.387394,0.399072,0.519847,0.618790,0.656781,0.657267,0.536744,0.326096,0.335605,0.402310,0.377068,0.394492,0.397653,0.390945,0.744580,0.724365,0.532321,0.495831,0.474968,0.498570,0.485948,0.502548,0.507850,0.530832,0.506574,0.475072,0.382294,0.326634,0.293377,0.395682,0.351298,0.335231,0.249792,0.244492,0.473718,0.640651,0.728880,0.786800,0.740979,0.775537,0.761385,0.787347,0.742494,0.638827,0.420500,0.434012,0.534089,0.680441,0.346824,0.215148,0.203810,0.217253,0.269553,0.485582,0.617377,0.630383,0.628034,0.622438,0.651469,0.606306,0.592756,0.606373,0.595425
0.440264,0.440264,0.386282,0.414721,0.528911,0.611446,0.710186,0.667370,0.508633,0.306261,0.329631,0.399535,0.401154,0.367162,0.390719,0.398418,0.621865,0.763180,0.619884,0.497444,0.512312,0.508010,0.451101,0.517131,0.515221,0.485392,0.416833,0.313389,0.245043,0.210372,0.286936,0.333337,0.379093,0.287253,0.268866,0.538892,0.675150,0.692568,0.685382,0.686466,0.759536,0.742226,0.734950,0.575073,0.389384,0.473572,0.584293,0.640476,0.746830,0.407621,0.191851,0.254152,0.204334,0.200777,0.301806,0.549537,0.627540,0.637944,0.641662,0.652756,0.619571,0.599887,0.595990,0.605460,0.590354
0.419462,0.419462,0.407773,0.411725,0.501086,0.610357,0.663127,0.631534,0.524574,0.296812,0.335224,0.395421,0.386953,0.403182,0.416759,0.416940,0.507974,0.779479,0.679714,0.515791,0.470985,0.476759,0.496419,0.476475,0.514685,0.358884,0.307433,0.257938,0.250338,0.216788,0.240516,0.234204,0.351302,0.355226,0.453836,0.704213,0.754405,0.674505,0.671118,0.692098,0.715519,0.725622,0.674236,0.354370,0.413125,0.457106,0.601701,0.695001,0.320419,0.185203,0.210402,0.223534,0.202022,0.226819,0.396107,0.549917,0.645600,0.643477,0.652380,0.623532,0.617747,0.638754,0.609638,0.615755,0.646302
0.429911,0.429911,0.448404,0.378843,0.465804,0.631559,0.633155,0.639367,0.517286,0.329500,0.345585,0.364862,0.408353,0.424180,0.433525,0.419546,0.439412,0.685835,0.727662,0.482186,0.468877,0.455191,0.496291,0.403771,0.380227,0.274435,0.273760,0.212756,0.268978,0.253855,0.208369,0.211806,0.325043,0.444417,0.604267,0.697114,0.673681,0.691487,0.679772,0.679198,0.728489,0.743817,0.725910,0.510325,0.329926,0.443296,0.570561,0.302315,0.186722,0.218953,0.214476,0.202911,0.190410,0.237663,0.461178,0.533381,0.648980,0.625376,0.618267,0.646023,0.645939,0.624320,0.634058,0.632493,0.589439
0.420681,0.420681,0.409918,0.343196,0.473979,0.638985,0.649574,0.635763,0.527153,0.314593,0.338644,0.397600,0.410899,0.409006,0.426047,0.455187,0.455877,0.665077,0.628164,0.455620,0.463248,0.462355,0.463702,0.296081,0.240512,0.183999,0.246833,0.249800,0.268420,0.328851,0.201505,0.225624,0.508517,0.581542,0.656679,0.707781,0.659683,0.660194,0.633142,0.719302,0.767526,0.750202,0.807624,0.585901,0.305561,0.337277,0.531132,0.262518,0.196920,0.213309,0.205472,0.192279,0.197508,0.342351,0.566093,0.610881,0.604181,0.639538,0.629020,0.618706,0.665909,0.627718,0.621405,0.615796,0.604802
0.412993,0.412993,0.388659,0.382371,0.464250,0.622661,0.688823,0.674452,0.556164,0.334962,0.338495,0.399510,0.416517,0.399173,0.409135,0.443810,0.429962,0.571091,0.620066,0.471041,0.473608,0.416453,0.341507,0.213126,0.252954,0.202826,0.214222,0.224279,0.270548,0.308951,0.249497,0.507538,0.621172,0.622431,0.691490,0.663588,0.654468,0.630128,0.659297,0.741404,0.762335,0.783693,0.817171,0.666285,0.319692,0.222231,0.496050,0.306074,0.227733,0.263599,0.200633,0.210257,0.196920,0.451264,0.560184,0.621944,0.609019,0.607363,0.590186,0.624430,0.587822,0.602311,0.591123,0.605463,0.603525
0.415554,0.415554,0.380057,0.375373,0.448335,0.595855,0.665862,0.656944,0.547728,0.334786,0.384973,0.434737,0.417528,0.411674,0.443576,0.467611,0.483363,0.507095,0.526275,0.479282,0.493118,0.321279,0.252470,0.214273,0.233002,0.228982,0.203400,0.219846,0.218340,0.262580,0.483048,0.610724,0.689342,0.700724,0.680748,0.625217,0.636067,0.659775,0.680497,0.752093,0.763154,0.805705,0.809052,0.751733,0.349830,0.223895,0.479148,0.295202,0.234458,0.246826,0.214488,0.210201,0.259917,0.543661,0.603138,0.640963,0.640054,0.617845,0.628247,0.553937,0.572642,0.579956,0.606515,0.567087,0.595596
0.415980,0.415980,0.423320,0.356594,0.467230,0.616438,0.648336,0.665893,0.512685,0.350150,0.384855,0.398507,0.409853,0.398919,0.427387,0.455446,0.546009,0.452523,0.435058,0.509379,0.406319,0.246079,0.264104,0.223549,0.252825,0.196132,0.206438,0.265521,0.222693,0.329283,0.622900,0.666811,0.700758,0.694616,0.516895,0.514126,0.573488,0.688276,0.682331,0.753540,0.769252,0.799419,0.808606,0.753737,0.404020,0.179643,0.399025,0.390939,0.204148,0.239249,0.209011,0.196302,0.461723,0.597963,0.613782,0.602472,0.602568,0.617223,0.606087,0.607635,0.612453,0.589151,0.564666,0.580976,0.590749
0.413218,0.413218,0.381561,0.370272,0.453202,0.622321,0.670861,0.671974,0.499163,0.365126,0.365775,0.425811,0.395444,0.366275,0.418167,0.477294,0.530265,0.438395,0.368479,0.412478,0.296981,0.252521,0.281831,0.240531,0.199084,0.208018,0.199223,0.251152,0.295302,0.595520,0.695075,0.686376,0.623608,0.524666,0.459696,0.447424,0.372713,0.528908,0.612468,0.701677,0.738904,0.727189,0.609706,0.403479,0.332792,0.189860,0.377082,0.382338,0.253959,0.222337,0.225936,0.239594,0.458283,0.588686,0.604397,0.622912,0.632653,0.620558,0.624994,0.608987,0.622462,0.635883,0.593263,0.571752,0.591556
0.426157,0.426157,0.392546,0.351113,0.461212,0.611786,0.695915,0.673778,0.543219,0.351070,0.361201,0.391398,0.403225,0.398645,0.525734,0.553235,0.586066,0.473201,0.274335,0.270642,0.291647,0.316100,0.221836,0.242561,0.208820,0.266285,0.199351,0.189323,0.511156,0.665499,0.720412,0.605793,0.291607,0.217844,0.264446,0.356463,0.368905,0.487308,0.570316,0.652779,0.689682,0.480983,0.276702,0.245072,0.243079,0.185179,0.372118,0.445197,0.218756,0.212358,0.200756,0.289690,0.539004,0.609922,0.592868,0.614433,0.619181,0.630018,0.613898,0.602603,0.590454,0.595275,0.565414,0.539242,0.548604
0.367109,0.367109,0.377271,0.364517,0.427148,0.612682,0.685381,0.656803,0.576201,0.326685,0.350820,0.401701,0.377658,0.346082,0.500677,0.620735,0.503018,0.267442,0.217855,0.238183,0.294926,0.405761,0.217714,0.238008,0.228837,0.212402,0.209712,0.293826,0.632122,0.676873,0.632210,0.433642,0.296143,0.307263,0.378557,0.661857,0.473058,0.461042,0.537860,0.694496,0.642137,0.314813,0.386496,0.367815,0.189893,0.188588,0.365864,0.478607,0.257107,0.204682,0.189246,0.385774,0.535669,0.594597,0.611896,0.600925,0.586088,0.583231,0.593945,0.571289,0.585807,0.575583,0.495552,0.511967,0.578563
0.398806,0.398806,0.383987,0.304906,0.386467,0.586571,0.672401,0.678199,0.554103,0.357556,0.412257,0.410564,0.395438,0.404949,0.505689,0.496391,0.269104,0.336762,0.258996,0.275726,0.363112,0.448330,0.264287,0.189878,0.193692,0.193347,0.231618,0.559445,0.698998,0.636239,0.527707,0.541397,0.499195,0.458745,0.568988,0.616622,0.579301,0.510080,0.553806,0.738845,0.668320,0.509872,0.481373,0.390605,0.221677,0.205685,0.342068,0.510012,0.302332,0.191424,0.216412,0.449309,0.580075,0.595709,0.640118,0.585070,0.605710,0.574246,0.621219,0.531749,0.583296,0.572932,0.572084,0.623451,0.676455
0.384369,0.384369,0.345424,0.278074,0.325646,0.617325,0.661800,0.685630,0.553113,0.359313,0.403493,0.412727,0.473603,0.496866,0.330424,0.243343,0.260174,0.392635,0.267764,0.305095,0.392734,0.412022,0.260196,0.183183,0.187231,0.202688,0.365728,0.636824,0.707263,0.436253,0.519668,0.581227,0.581311,0.607861,0.593906,0.621137,0.610740,0.535978,0.550503,0.710071,0.727689,0.573155,0.508360,0.416293,0.292299,0.212686,0.328725,0.519531,0.264428,0.190466,0.293954,0.557164,0.617059,0.613109,0.622818,0.597844,0.535425,0.570339,0.567284,0.554904,0.546231,0.623804,0.706459,0.723298,0.732683
0.349295,0.349295,0.346114,0.263611,0.323512,0.623201,0.661827,0.701925,0.553791,0.363117,0.405864,0.464182,0.509682,0.431353,0.303141,0.255376,0.382056,0.339528,0.203380,0.202746,0.335778,0.340233,0.358324,0.199235,0.183848,0.262343,0.546803,0.725986,0.414456,0.407417,0.526798,0.565557,0.644414,0.654057,0.642144,0.655037,0.625071,0.533482,0.481837,0.668836,0.763964,0.625948,0.533270,0.484478,0.324519,0.232709,0.321320,0.512782,0.190928,0.182152,0.335393,0.589539,0.594452,0.603943,0.555112,0.542151,0.541243,0.591999,0.544136,0.543909,0.654222,0.751251,0.771395,0.776994,0.741050
0.316843,0.316843,0.338828,0.235404,0.316546,0.569529,0.641608,0.671201,0.581790,0.310674,0.409461,0.433768,0.425964,0.363003,0.301742,0.305516,0.379689,0.261985,0.211828,0.199443,0.204195,0.215607,0.438506,0.284560,0.183190,0.361399,0.683425,0.472878,0.269179,0.462100,0.534951,0.593669,0.618573,0.655482,0.681001,0.650043,0.582591,0.566524,0.503653,0.627645,0.812695,0.629692,0.575898,0.524720,0.315811,0.253613,0.246659,0.510874,0.240939,0.194317,0.424203,0.594884,0.605155,0.606805,0.590627,0.566400,0.559173,0.580317,0.535632,0.593091,0.717288,0.766156,0.760386,0.793862,0.804980
0.278118,0.278118,0.269113,0.220759,0.320295,0.624679,0.679948,0.659268,0.546976,0.342387,0.432713,0.504791,0.382977,0.405741,0.332559,0.359225,0.422963,0.321006,0.193853,0.171132,0.232487,0.306622,0.480063,0.320248,0.255143,0.530007,0.623845,0.227557,0.230257,0.446633,0.488684,0.546843,0.623978,0.643027,0.697382,0.632814,0.531007,0.520352,0.486315,0.601774,0.803911,0.632767,0.579372,0.494578,0.288142,0.243423,0.235068,0.513029,0.290171,0.218770,0.503535,0.622010,0.645024,0.624967,0.578065,0.586860,0.553909,0.560688,0.543615,0.708654,0.759050,0.766418,0.780182,0.811388,0.802900
0.343740,0.343740,0.316102,0.209448,0.305185,0.613051,0.684359,0.686203,0.534351,0.365184,0.404100,0.425608,0.356166,0.386776,0.317801,0.325792,0.429911,0.324373,0.204221,0.189246,0.279735,0.404565,0.301907,0.207154,0.483079,0.642333,0.336480,0.226405,0.344831,0.444900,0.513492,0.531705,0.595874,0.597180,0.633910,0.603623,0.530887,0.499064,0.486435,0.584708,0.790038,0.613636,0.550771,0.436480,0.213893,0.215997,0.260124,0.469372,0.312121,0.279374,0.525737,0.611997,0.615571,0.531574,0.577054,0.591506,0.560592,0.549584,0.602444,0.753993,0.744007,0.796720,0.811734,0.805469,0.796730
0.347277,0.347277,0.298445,0.253060,0.361785,0.624449,0.674272,0.691145,0.578594,0.328294,0.409308,0.412928,0.346885,0.354818,0.289544,0.347831,0.414036,0.405893,0.226660,0.232190,0.208325,0.296376,0.194985,0.312579,0.682409,0.449049,0.190607,0.211931,0.336399,0.436035,0.515962,0.508970,0.555524,0.625759,0.615548,0.612999,0.579784,0.498987,0.415548,0.484620,0.692909,0.604635,0.514875,0.298156,0.197734,0.219543,0.205453,0.423862,0.372609,0.403099,0.627138,0.612147,0.579807,0.578648,0.573169,0.603477,0.588144,0.601795,0.690122,0.771624,0.799241,0.803599,0.807517,0.795792,0.816929
0.331837,0.331837,0.280226,0.272504,0.462768,0.600486,0.656341,0.671954,0.570196,0.321418,0.391863,0.425879,0.337764,0.293770,0.272814,0.292314,0.408447,0.458426,0.321574,0.328822,0.223659,0.314034,0.518919,0.494653,0.483353,0.212822,0.202049,0.230210,0.374448,0.469470,0.510686,0.529443,0.584758,0.624621,0.597850,0.609013,0.573944,0.562502,0.579966,0.692421,0.660349,0.598217,0.458374,0.204842,0.220926,0.248315,0.213371,0.400330,0.457652,0.490165,0.624342,0.594612,0.568510,0.608739,0.567488,0.558278,0.583020,0.599782,0.718396,0.788252,0.820002,0.807047,0.822523,0.822707,0.785777
0.262156,0.262156,0.310430,0.275195,0.450473,0.604971,0.670262,0.677563,0.587345,0.316080,0.354198,0.436951,0.354754,0.352743,0.213734,0.309730,0.367735,0.395816,0.453294,0.295852,0.263807,0.551979,0.594264,0.440308,0.268592,0.196781,0.232421,0.218362,0.366760,0.435962,0.496547,0.522689,0.546974,0.558634,0.566673,0.549393,0.588293,0.605744,0.690115,0.742233,0.641183,0.553523,0.325702,0.191079,0.219774,0.266094,0.214188,0.330700,0.494157,0.517162,0.605481,0.580024,0.608474,0.601934,0.553849,0.534285,0.567716,0.587585,0.744402,0.792294,0.819267,0.816904,0.773268,0.808805,0.800373
0.256200,0.256200,0.264801,0.208359,0.446744,0.604285,0.685423,0.673318,0.583276,0.336032,0.410598,0.462254,0.296104,0.242647,0.212815,0.386202,0.367630,0.353750,0.413889,0.378283,0.602821,0.657318,0.468332,0.289411,0.190954,0.195406,0.249513,0.226238,0.338067,0.394620,0.481902,0.497539,0.551467,0.538215,0.518756,0.493355,0.509911,0.509033,0.556128,0.579038,0.571067,0.483962,0.217447,0.202103,0.238841,0.282282,0.262103,0.287446,0.498682,0.563390,0.588862,0.604972,0.600832,0.559382,0.557683,0.572245,0.575656,0.606781,0.756184,0.786678,0.817237,0.832524,0.793899,0.821585,0.814933
0.222450,0.222450,0.228844,0.245200,0.448253,0.626809,0.652765,0.686624,0.582378,0.394173,0.428606,0.432881,0.245981,0.212094,0.277131,0.414051,0.395758,0.378466,0.365057,0.478269,0.620374,0.571362,0.390350,0.202835,0.202622,0.199498,0.209067,0.229785,0.248763,0.350426,0.439661,0.477057,0.546299,0.554053,0.521732,0.470892,0.474479,0.556796,0.593930,0.578553,0.541313,0.336119,0.189902,0.189786,0.220756,0.261932,0.214794,0.261092,0.526467,0.594879,0.634163,0.579700,0.593401,0.560027,0.572094,0.586829,0.553591,0.597171,0.779542,0.803107,0.800033,0.819890,0.812131,0.820244,0.831027
0.191711,0.191711,0.204376,0.244254,0.415811,0.616544,0.666176,0.728648,0.603687,0.309592,0.418201,0.360954,0.283090,0.196140,0.278964,0.485054,0.381893,0.406279,0.422877,0.484418,0.608280,0.558212,0.224755,0.199710,0.204048,0.208564,0.254552,0.216616,0.291271,0.308056,0.424112,0.450658,0.520516,0.524050,0.546656,0.538096,0.518141,0.559226,0.552662,0.578947,0.450784,0.187384,0.178630,0.201613,0.241724,0.323052,0.249068,0.241010,0.567616,0.608098,0.595967,0.592484,0.611663,0.595253,0.552987,0.551148,0.517934,0.616699,0.831436,0.826753,0.821353,0.830172,0.823671,0.802265,0.823542
0.201144,0.201144,0.196548,0.290788,0.464585,0.606556,0.698650,0.677846,0.562201,0.343960,0.405187,0.298167,0.258625,0.206571,0.251145,0.427443,0.437413,0.430119,0.421281,0.424760,0.612653,0.327053,0.196959,0.247127,0.186328,0.225616,0.193979,0.220442,0.265931,0.271766,0.307819,0.392756,0.497702,0.510622,0.559985,0.576125,0.571005,0.632617,0.628476,0.555121,0.319952,0.199217,0.221480,0.210037,0.259292,0.295943,0.309924,0.292796,0.581710,0.592802,0.597819,0.587881,0.580367,0.562500,0.532694,0.564730,0.548968,0.621518,0.829533,0.811511,0.808922,0.817439,0.819656,0.811123,0.784767
0.191610,0.191610,0.201893,0.294849,0.472560,0.609920,0.638397,0.671647,0.573635,0.330033,0.387179,0.252067,0.232767,0.206256,0.200871,0.374442,0.346002,0.472716,0.471995,0.485609,0.374166,0.225856,0.186102,0.210675,0.201960,0.200643,0.192357,0.217369,0.235354,0.224724,0.252926,0.250963,0.396719,0.460074,0.548084,0.582075,0.656088,0.653204,0.642410,0.528221,0.236912,0.220639,0.231305,0.216178,0.248728,0.340820,0.296260,0.286170,0.603864,0.586290,0.589602,0.588091,0.602477,0.569006,0.544472,0.544248,0.529125,0.704878,0.827442,0.830812,0.800428,0.816375,0.796688,0.733767,0.600588
0.202111,0.202111,0.199793,0.246015,0.461149,0.621548,0.647394,0.649543,0.568868,0.466284,0.383856,0.243355,0.237962,0.214980,0.206720,0.421849,0.364381,0.399960,0.452313,0.513394,0.426466,0.291182,0.196339,0.226055,0.221264,0.202472,0.224792,0.198365,0.214683,0.218016,0.242038,0.287926,0.418715,0.458453,0.495779,0.555063,0.620116,0.632371,0.608450,0.564820,0.338968,0.262334,0.233956,0.212759,0.289913,0.389131,0.307292,0.306640,0.589561,0.487257,0.512947,0.548968,0.571779,0.557143,0.570038,0.541808,0.545647,0.720604,0.821443,0.818325,0.813555,0.787001,0.591298,0.293033,0.213558
0.334008,0.334008,0.226333,0.229653,0.371879,0.579749,0.647844,0.659571,0.624978,0.429627,0.327078,0.187019,0.223723,0.207189,0.253041,0.341044,0.424325,0.445427,0.420798,0.438089,0.457236,0.451822,0.237255,0.236844,0.233164,0.209753,0.221931,0.213134,0.212687,0.214191,0.245109,0.412989,0.488364,0.544692,0.538559,0.533592,0.581812,0.586669,0.675426,0.742382,0.788415,0.595688,0.349895,0.207282,0.304919,0.309745,0.302109,0.339479,0.527239,0.478655,0.459029,0.474704,0.468343,0.472271,0.486916,0.472949,0.447765,0.747687,0.807327,0.785174,0.812323,0.603711,0.229811,0.217768,0.309794
0.535980,0.535980,0.427675,0.263814,0.278383,0.574650,0.691155,0.665952,0.624012,0.477051,0.281932,0.166103,0.282214,0.267618,0.290373,0.259253,0.350726,0.406781,0.390831,0.438854,0.472785,0.398345,0.379621,0.220299,0.199850,0.201547,0.201512,0.208872,0.216971,0.235650,0.264158,0.421000,0.475678,0.519768,0.535629,0.549622,0.575840,0.621930,0.720417,0.781620,0.757423,0.786000,0.812467,0.541400,0.293859,0.263350,0.291431,0.333750,0.604398,0.588764,0.554238,0.514497,0.475697,0.446335,0.445732,0.417449,0.464646,0.705557,0.816241,0.817360,0.603941,0.266206,0.296484,0.348620,0.325711
0.505155,0.505155,0.523484,0.438158,0.283862,0.580257,0.648861,0.668095,0.619157,0.511373,0.217022,0.187085,0.252935,0.249577,0.270422,0.233979,0.284199,0.297950,0.312137,0.420304,0.488137,0.415475,0.439592,0.265449,0.203549,0.213487,0.207644,0.210888,0.203318,0.324481,0.265910,0.391317,0.466901,0.535923,0.538677,0.564781,0.567348,0.618383,0.690421,0.702054,0.684254,0.752803,0.802450,0.862540,0.561897,0.250461,0.223644,0.348037,0.603776,0.602186,0.566199,0.584516,0.539920,0.499572,0.428907,0.478186,0.521587,0.774983,0.819262,0.759264,0.313649,0.325729,0.399578,0.405672,0.366123
0.351039,0.351039,0.606457,0.537329,0.301126,0.581265,0.685491,0.699755,0.595787,0.415463,0.184050,0.204070,0.208558,0.206346,0.269969,0.215389,0.219926,0.281014,0.311307,0.361703,0.463036,0.471582,0.385687,0.376571,0.179537,0.210116,0.206997,0.210716,0.227588,0.384187,0.253848,0.378253,0.499862,0.559446,0.572631,0.583298,0.560072,0.617901,0.638457,0.676350,0.683931,0.719091,0.779531,0.805866,0.884688,0.458205,0.205439,0.364338,0.606176,0.603443,0.550426,0.574350,0.556338,0.538268,0.483241,0.545791,0.648675,0.812975,0.836951,0.606286,0.343913,0.393579,0.422385,0.433116,0.396390
0.193006,0.193006,0.546969,0.573533,0.265540,0.562766,0.709778,0.661096,0.588275,0.411985,0.213534,0.227241,0.196977,0.223481,0.314135,0.181722,0.219903,0.215546,0.378646,0.392982,0.453455,0.489369,0.375060,0.424891,0.211843,0.217213,0.228689,0.215305,0.211366,0.439531,0.336282,0.421755,0.529927,0.542993,0.543673,0.565734,0.562066,0.603998,0.609215,0.632656,0.666404,0.739218,0.774126,0.810296,0.820526,0.709184,0.215400,0.404200,0.581130,0.578471,0.588597,0.599938,0.550781,0.510111,0.540170,0.704968,0.783703,0.826204,0.787524,0.443399,0.364213,0.419094,0.381901,0.413800,0.403561
0.174591,0.174591,0.497534,0.586029,0.302180,0.557821,0.690749,0.696823,0.626869,0.363583,0.218149,0.201220,0.201897,0.271344,0.257281,0.198855,0.206137,0.212448,0.297404,0.382420,0.459542,0.497965,0.465055,0.399371,0.231860,0.205185,0.202158,0.188070,0.324500,0.504734,0.329315,0.445349,0.545628,0.572036,0.520183,0.543470,0.563686,0.579235,0.606980,0.650220,0.702829,0.724812,0.778477,0.817107,0.831597,0.872673,0.265630,0.421055,0.590173,0.587403,0.541395,0.575843,0.528752,0.511459,0.578145,0.816342,0.835460,0.840160,0.658389,0.341694,0.415474,0.428655,0.407684,0.397709,0.414517
0.170262,0.170262,0.493203,0.581668,0.307423,0.538223,0.664010,0.693286,0.623035,0.386161,0.212615,0.202329,0.199614,0.232561,0.259228,0.239416,0.184427,0.202235,0.242551,0.325065,0.457287,0.430928,0.376713,0.324515,0.311263,0.283997,0.208371,0.199443,0.386929,0.497330,0.324061,0.470717,0.520603,0.580630,0.566702,0.550803,0.568311,0.588223,0.609883,0.627809,0.637523,0.690063,0.752241,0.796006,0.812466,0.853341,0.547247,0.475890,0.592896,0.554956,0.543344,0.539220,0.500173,0.553089,0.615146,0.831546,0.818962,0.779181,0.542370,0.395907,0.410477,0.405562,0.386693,0.396630,0.362809
0.179684,0.179684,0.488912,0.646067,0.328582,0.568251,0.655932,0.670751,0.635970,0.388632,0.203060,0.202556,0.207059,0.219127,0.226246,0.205734,0.200979,0.231694,0.259469,0.340199,0.415849,0.379031,0.342822,0.262347,0.252589,0.255159,0.215199,0.278179,0.431744,0.454123,0.367546,0.516006,0.499837,0.568533,0.531621,0.524462,0.562987,0.570518,0.611594,0.628938,0.629483,0.657307,0.721792,0.775341,0.773449,0.828221,0.679889,0.526249,0.570110,0.571869,0.553446,0.553924,0.528093,0.541842,0.572634,0.757656,0.833660,0.661477,0.437680,0.383836,0.384862,0.349639,0.387444,0.365782,0.353219
0.181765,0.181765,0.431006,0.621301,0.346972,0.529509,0.653204,0.658713,0.626465,0.457472,0.214885,0.200481,0.223025,0.244734,0.234703,0.219950,0.192361,0.209505,0.245125,0.333882,0.291935,0.290796,0.420375,0.227913,0.200784,0.193678,0.233031,0.382301,0.468304,0.374339,0.419298,0.520663,0.520768,0.567934,0.554744,0.514103,0.530569,0.558751,0.607175,0.618191,0.640102,0.685061,0.742617,0.782475,0.786084,0.830970,0.805472,0.510465,0.401606,0.491439,0.513769,0.512763,0.535953,0.591960,0.543402,0.654490,0.842469,0.616236,0.378082,0.373397,0.334337,0.361960,0.405224,0.361397,0.314149
0.159066,0.159066,0.327310,0.672033,0.384130,0.486817,0.682336,0.658658,0.600778,0.396941,0.188718,0.191286,0.214207,0.203584,0.203056,0.227340,0.191133,0.202120,0.257510,0.412229,0.361716,0.349178,0.258358,0.187670,0.191015,0.184809,0.278989,0.440832,0.446351,0.321333,0.473336,0.517397,0.537329,0.569479,0.546220,0.549967,0.520788,0.552956,0.590065,0.595735,0.609447,0.644601,0.735407,0.777347,0.798584,0.821076,0.853274,0.586381,0.320313,0.346492,0.323016,0.323016,0.370879,0.522482,0.632946,0.718931,0.819248,0.463014,0.322174,0.330014,0.374324,0.385503,0.400304,0.363828,0.228002
0.254250,0.254250,0.419293,0.673811,0.414222,0.487023,0.671264,0.687070,0.602728,0.376222,0.189529,0.203344,0.210011,0.221671,0.213468,0.202580,0.203314,0.199088,0.222798,0.320558,0.477574,0.334802,0.196602,0.202300,0.201367,0.196439,0.381512,0.431169,0.328239,0.384486,0.535937,0.560808,0.535976,0.561820,0.573810,0.563591,0.565043,0.543726,0.555525,0.590613,0.614105,0.625165,0.668915,0.743836,0.812991,0.824218,0.847570,0.675836,0.350619,0.395411,0.333377,0.247980,0.172209,0.459948,0.708252,0.761802,0.603660,0.263665,0.291298,0.350725,0.388235,0.342834,0.395854,0.320712,0.234563
0.356809,0.356809,0.467032,0.640836,0.525827,0.496464,0.673604,0.691283,0.622017,0.348599,0.180957,0.209588,0.202065,0.210883,0.237060,0.215874,0.218699,0.213502,0.246831,0.257383,0.407979,0.321187,0.198183,0.193744,0.186823,0.279764,0.375487,0.346111,0.360664,0.514380,0.532385,0.536335,0.537812,0.544644,0.566414,0.532792,0.564093,0.529958,0.556997,0.589460,0.579662,0.615840,0.626232,0.729450,0.794300,0.795026,0.805615,0.802179,0.398834,0.422222,0.405173,0.328969,0.258031,0.475021,0.800808,0.597128,0.305820,0.250730,0.337807,0.381540,0.298206,0.364340,0.396005,0.293169,0.259178
0.254035,0.254035,0.431843,0.625045,0.550939,0.521111,0.695793,0.695003,0.563404,0.285942,0.209926,0.199108,0.224362,0.205696,0.235621,0.262800,0.336679,0.217518,0.230421,0.296930,0.392734,0.303528,0.187175,0.180630,0.200023,0.244439,0.318077,0.423248,0.476850,0.516280,0.521272,0.528334,0.531490,0.547993,0.573576,0.570897,0.558233,0.565190,0.563993,0.564328,0.575387,0.607981,0.636408,0.676276,0.755644,0.770693,0.827690,0.862691,0.429973,0.358869,0.410665,0.398753,0.415818,0.513969,0.525331,0.308206,0.318407,0.285481,0.352439,0.344128,0.302412,0.430134,0.420484,0.250800,0.230493
0.216839,0.216839,0.355223,0.713235,0.622164,0.504365,0.703965,0.695833,0.551390,0.213793,0.207038,0.204337,0.227917,0.229768,0.290007,0.263386,0.392718,0.247504,0.270976,0.262354,0.314868,0.302172,0.197665,0.216189,0.280552,0.394920,0.412196,0.486630,0.525252,0.534002,0.529783,0.512506,0.522731,0.539959,0.579021,0.591135,0.592129,0.564144,0.547922,0.583981,0.560519,0.585685,0.587016,0.635350,0.726759,0.780422,0.804655,0.833805,0.577570,0.324721,0.396979,0.425244,0.470868,0.448691,0.409203,0.411007,0.368611,0.384110,0.302689,0.350361,0.406299,0.439625,0.283327,0.215964,0.209888
0.207989,0.207989,0.264033,0.735521,0.699351,0.530786,0.656093,0.688737,0.540658,0.195337,0.201463,0.204694,0.256432,0.291978,0.306491,0.281645,0.331576,0.340844,0.279579,0.244466,0.255264,0.341151,0.216414,0.276507,0.404778,0.467988,0.481902,0.511768,0.508156,0.522068,0.520053,0.514314,0.508393,0.526266,0.572942,0.607536,0.586862,0.538924,0.588396,0.591640,0.551382,0.609801,0.593294,0.637512,0.691476,0.761243,0.801557,0.819065,0.656493,0.319007,0.394462,0.425771,0.503117,0.484896,0.494111,0.408510,0.349899,0.363153,0.319638,0.417512,0.487726,0.352252,0.219141,0.224663,0.349150