0.488000,0.488000,0.498394,0.553214,0.510515,0.509975,0.554740,0.511770,0.519448,0.518641,0.488523,0.518767,0.540937,0.520474,0.549829,0.536527,0.558092,0.547213,0.539855,0.534835,0.501856,0.512396,0.557522,0.542151,0.545131,0.553759,0.547206,0.549238,0.561949,0.529146,0.529245,0.532542,0.541010,0.518734,0.499340,0.576719,0.559503,0.553483,0.576030,0.602586,0.551059,0.590723,0.601926,0.599751,0.607546,0.613570,0.599713,0.582843,0.612963,0.631736,0.630183,0.603373,0.608421,0.609886,0.642577,0.661532,0.694093,0.661038,0.659797,0.612893,0.604080,0.621704,0.627121,0.645042,0.581515
0.508898,0.508898,0.526716,0.547968,0.541587,0.529404,0.518718,0.543367,0.536941,0.524096,0.544410,0.536940,0.546519,0.540022,0.569734,0.561487,0.534036,0.551180,0.527570,0.557854,0.549847,0.571698,0.550667,0.535121,0.535126,0.534388,0.556430,0.571562,0.549785,0.526745,0.574571,0.570637,0.588589,0.532105,0.513269,0.531738,0.536319,0.546329,0.582990,0.616980,0.613953,0.586916,0.584909,0.572590,0.572902,0.594183,0.576205,0.588456,0.599503,0.598556,0.589480,0.598857,0.589881,0.604372,0.653418,0.638160,0.647029,0.616513,0.631353,0.633657,0.629769,0.638670,0.629230,0.612673,0.646461
0.512164,0.512164,0.548363,0.522367,0.530587,0.543599,0.535298,0.526555,0.560651,0.546229,0.534873,0.549731,0.593967,0.607293,0.598153,0.605346,0.606213,0.568314,0.546410,0.590174,0.560690,0.555094,0.563796,0.541702,0.527933,0.556017,0.599250,0.650454,0.593212,0.574232,0.576428,0.669621,0.687077,0.636710,0.564616,0.622015,0.562411,0.535435,0.554199,0.624118,0.600462,0.568707,0.549605,0.602890,0.581375,0.589128,0.607471,0.566850,0.550121,0.532100,0.597784,0.598231,0.543707,0.540221,0.589118,0.590913,0.617090,0.616224,0.604902,0.609095,0.623753,0.604430,0.604520,0.627126,0.625512
0.484485,0.484485,0.523863,0.518530,0.552844,0.540674,0.515276,0.531317,0.549205,0.555561,0.550114,0.602908,0.623852,0.628051,0.627857,0.663941,0.674177,0.624200,0.607328,0.622206,0.603838,0.586350,0.579295,0.580604,0.571567,0.639032,0.726485,0.735626,0.689672,0.675191,0.663626,0.706679,0.743550,0.724276,0.570498,0.626739,0.702353,0.570530,0.571302,0.620350,0.594207,0.564216,0.570086,0.596492,0.566726,0.575570,0.598793,0.590554,0.558056,0.546766,0.560742,0.542616,0.425465,0.514001,0.564698,0.560713,0.545461,0.592504,0.590232,0.583394,0.547576,0.564639,0.587575,0.581427,0.548896
0.527865,0.527865,0.502700,0.540794,0.533894,0.544528,0.538352,0.554623,0.531250,0.548670,0.558019,0.610801,0.634086,0.649552,0.653722,0.698066,0.670518,0.688806,0.671130,0.636554,0.634651,0.623167,0.665847,0.672905,0.653141,0.687610,0.773707,0.772240,0.745416,0.760314,0.742711,0.786240,0.766090,0.743719,0.650093,0.609899,0.703181,0.633197,0.576758,0.621943,0.609208,0.567983,0.567161,0.551193,0.549466,0.584042,0.579185,0.581462,0.566566,0.551776,0.564826,0.467672,0.497239,0.544649,0.569979,0.539911,0.564548,0.551122,0.557836,0.568382,0.529176,0.493101,0.559128,0.552596,0.552269
0.509109,0.509109,0.514005,0.514101,0.572355,0.575485,0.590300,0.561077,0.553118,0.538126,0.559779,0.618686,0.657650,0.655982,0.667954,0.660689,0.684005,0.657207,0.654055,0.635106,0.632950,0.668062,0.707097,0.726421,0.673359,0.713914,0.712636,0.704588,0.706439,0.715977,0.703689,0.714600,0.740873,0.708192,0.685943,0.586469,0.717549,0.621180,0.565475,0.630352,0.636491,0.593639,0.574523,0.560294,0.560124,0.563073,0.562612,0.568763,0.566480,0.556596,0.504504,0.493924,0.524101,0.578921,0.576331,0.559449,0.560776,0.559250,0.578700,0.591582,0.572708,0.531099,0.555350,0.550233,0.549088
0.504315,0.504315,0.508249,0.494849,0.555451,0.635356,0.646107,0.623706,0.641806,0.595215,0.570544,0.611076,0.628880,0.624034,0.661214,0.621619,0.620006,0.660765,0.648893,0.635181,0.658286,0.683384,0.704479,0.698302,0.689828,0.714262,0.733377,0.727358,0.769499,0.729972,0.715811,0.757469,0.754959,0.682395,0.719754,0.579878,0.598282,0.631059,0.590274,0.606568,0.647017,0.594974,0.568394,0.565357,0.545963,0.572331,0.583303,0.560511,0.539387,0.512122,0.447353,0.545916,0.577226,0.562336,0.566711,0.557105,0.562503,0.591073,0.567011,0.567728,0.578954,0.574079,0.580107,0.575923,0.551053
0.508270,0.508270,0.507823,0.531282,0.618962,0.668388,0.697022,0.707577,0.669456,0.598914,0.569988,0.571464,0.608029,0.617756,0.618298,0.632293,0.634252,0.634509,0.642383,0.632288,0.663253,0.692184,0.653547,0.624854,0.698220,0.722496,0.694603,0.750958,0.699945,0.743715,0.727764,0.741277,0.757883,0.732147,0.725153,0.624693,0.546321,0.613829,0.587033,0.615193,0.688182,0.573565,0.571019,0.567251,0.572597,0.559869,0.560232,0.544088,0.574596,0.486056,0.490106,0.592686,0.636549,0.619748,0.576353,0.592198,0.602861,0.625322,0.639460,0.625383,0.601211,0.601237,0.588235,0.586491,0.556763
0.518547,0.518547,0.516897,0.552863,0.630476,0.625509,0.707326,0.705368,0.669778,0.669805,0.624921,0.622811,0.612529,0.631493,0.652130,0.635328,0.594130,0.628987,0.627825,0.623957,0.640538,0.612518,0.647236,0.597997,0.676634,0.690556,0.743138,0.718222,0.685220,0.712566,0.668456,0.698029,0.703713,0.670486,0.650720,0.658455,0.562060,0.603484,0.571646,0.574737,0.628743,0.577049,0.562798,0.539639,0.547479,0.563996,0.576909,0.573589,0.513901,0.487528,0.572259,0.611409,0.666670,0.713158,0.644050,0.627115,0.632112,0.657589,0.656848,0.563641,0.588136,0.575608,0.577475,0.604505,0.619468
0.565432,0.565432,0.568511,0.584867,0.627383,0.642500,0.742112,0.726096,0.699509,0.672724,0.634859,0.628220,0.668141,0.660683,0.650177,0.616183,0.608439,0.612091,0.635057,0.603197,0.599084,0.589495,0.649713,0.598077,0.626061,0.664956,0.663137,0.640974,0.654580,0.663140,0.685572,0.661356,0.657445,0.630812,0.611652,0.614207,0.492292,0.546339,0.618587,0.587331,0.429526,0.564713,0.588329,0.587513,0.559432,0.573502,0.568421,0.556573,0.442721,0.566625,0.623605,0.635616,0.637409,0.636209,0.643568,0.653167,0.656816,0.647292,0.628663,0.604284,0.617659,0.610453,0.597873,0.619500,0.570294
0.574507,0.574507,0.576288,0.591732,0.627131,0.676766,0.727539,0.713451,0.667266,0.645774,0.639249,0.665729,0.701725,0.654296,0.649257,0.627879,0.620068,0.634725,0.613704,0.607919,0.578535,0.563211,0.599388,0.538987,0.573345,0.637125,0.595097,0.611842,0.605861,0.631909,0.597569,0.595518,0.623250,0.599785,0.597351,0.591962,0.507846,0.470064,0.601253,0.613529,0.432929,0.512001,0.569639,0.591831,0.568197,0.578834,0.559025,0.493845,0.522969,0.601123,0.615291,0.612665,0.617402,0.512931,0.595414,0.636301,0.655390,0.660765,0.616411,0.604713,0.621405,0.609897,0.607127,0.558954,0.513415
0.541468,0.541468,0.559715,0.574066,0.629546,0.644224,0.686763,0.663206,0.660601,0.620095,0.639627,0.617159,0.670121,0.687782,0.642333,0.618715,0.591599,0.610919,0.580662,0.575297,0.543723,0.561622,0.565003,0.525889,0.517988,0.565757,0.584053,0.618409,0.601022,0.578107,0.584793,0.595049,0.570958,0.557811,0.591710,0.599402,0.575157,0.482782,0.617752,0.554187,0.475756,0.537658,0.584140,0.589351,0.596314,0.556237,0.538581,0.500951,0.566640,0.591645,0.560065,0.605922,0.628968,0.504287,0.535994,0.619628,0.659532,0.631007,0.621519,0.629770,0.607072,0.633736,0.628507,0.568740,0.569490
0.539774,0.539774,0.532505,0.561449,0.587313,0.633324,0.592537,0.585418,0.580859,0.570700,0.580279,0.610816,0.598862,0.596502,0.618302,0.632214,0.622813,0.569630,0.583146,0.559460,0.573781,0.566342,0.563389,0.512711,0.495648,0.584451,0.556326,0.606962,0.611067,0.565569,0.566043,0.570789,0.576540,0.584933,0.574018,0.600142,0.593996,0.480982,0.549804,0.569572,0.448435,0.530000,0.585702,0.567530,0.573171,0.574139,0.496100,0.543283,0.584085,0.599090,0.497749,0.547495,0.606840,0.540104,0.524013,0.611656,0.607499,0.627202,0.610406,0.604524,0.607821,0.596901,0.564271,0.524275,0.592072
0.532989,0.532989,0.567681,0.545533,0.557942,0.584675,0.578414,0.569664,0.556038,0.547207,0.559979,0.588629,0.597772,0.598646,0.569433,0.603990,0.624962,0.569058,0.543767,0.556711,0.552606,0.592029,0.575976,0.574845,0.528156,0.576032,0.588918,0.603769,0.588410,0.588599,0.592490,0.606521,0.644378,0.603331,0.581196,0.611056,0.617109,0.569303,0.527448,0.584942,0.473982,0.512957,0.566319,0.583198,0.581777,0.511583,0.510727,0.571972,0.557179,0.588395,0.550098,0.545354,0.565891,0.542970,0.533075,0.593137,0.589817,0.583079,0.586598,0.585531,0.601149,0.578971,0.492014,0.560093,0.594823
0.534715,0.534715,0.557375,0.547568,0.558411,0.567613,0.552886,0.567160,0.545803,0.547864,0.552733,0.556481,0.568811,0.589346,0.574031,0.581108,0.574285,0.566096,0.581828,0.584580,0.577890,0.574537,0.591770,0.539843,0.471418,0.580138,0.575528,0.581289,0.607636,0.583717,0.592908,0.659421,0.642347,0.594568,0.615911,0.628015,0.634301,0.613193,0.448556,0.561144,0.468342,0.523170,0.583091,0.574402,0.581563,0.503713,0.572496,0.594279,0.599274,0.598212,0.562116,0.470515,0.571571,0.504070,0.486570,0.575295,0.552639,0.552600,0.590639,0.582267,0.597120,0.521533,0.529747,0.549672,0.564686
0.539315,0.539315,0.542572,0.521222,0.565088,0.568323,0.565707,0.563983,0.569895,0.543338,0.575820,0.554674,0.552937,0.587405,0.564188,0.587063,0.588386,0.588488,0.614940,0.628897,0.627224,0.585014,0.581445,0.555711,0.529040,0.548333,0.602626,0.605261,0.604363,0.623214,0.600263,0.653932,0.616042,0.616737,0.633451,0.680310,0.651111,0.634600,0.552072,0.530786,0.439516,0.485086,0.587760,0.566318,0.512505,0.559672,0.570746,0.579819,0.589271,0.611513,0.559762,0.430618,0.561249,0.500628,0.525861,0.557449,0.567931,0.559249,0.544477,0.551099,0.538902,0.470055,0.567399,0.509482,0.469290
0.547675,0.547675,0.568342,0.553471,0.560495,0.586573,0.528812,0.556687,0.554840,0.567705,0.569676,0.570449,0.560912,0.587501,0.590322,0.607534,0.630044,0.608100,0.611726,0.610617,0.625728,0.594223,0.608260,0.569273,0.566882,0.581183,0.595355,0.595826,0.601533,0.642801,0.623573,0.621016,0.629413,0.581602,0.626251,0.674166,0.628270,0.581977,0.626123,0.551062,0.562657,0.583598,0.598377,0.550102,0.520473,0.561087,0.556568,0.557469,0.588774,0.598302,0.564616,0.451183,0.541060,0.514805,0.503762,0.567751,0.538980,0.532058,0.536704,0.547848,0.508444,0.504165,0.454936,0.377276,0.385215
0.569351,0.569351,0.591017,0.551389,0.559551,0.571024,0.541120,0.559468,0.547684,0.563983,0.568934,0.582892,0.551674,0.599097,0.588117,0.638470,0.594474,0.628251,0.634167,0.596905,0.604249,0.526854,0.561615,0.603125,0.562285,0.577216,0.583749,0.591193,0.598269,0.602478,0.583147,0.614747,0.602784,0.609250,0.630767,0.622356,0.603999,0.642661,0.671811,0.618535,0.529248,0.573640,0.612400,0.508544,0.571664,0.514259,0.541059,0.581463,0.580326,0.557614,0.554941,0.459505,0.483408,0.511582,0.509817,0.567968,0.562408,0.554233,0.517614,0.503869,0.491650,0.536676,0.479103,0.296687,0.428467
0.552062,0.552062,0.610953,0.572257,0.535469,0.562710,0.580753,0.581458,0.563849,0.584680,0.586123,0.610514,0.642798,0.591575,0.585213,0.560276,0.587611,0.608412,0.640780,0.605724,0.586964,0.513021,0.504726,0.573582,0.612857,0.595030,0.576522,0.613921,0.619145,0.602779,0.516078,0.598950,0.581735,0.579417,0.638309,0.605896,0.637133,0.697511,0.669330,0.662220,0.435508,0.556840,0.567120,0.552183,0.580280,0.546142,0.560882,0.574155,0.590572,0.575204,0.575100,0.525541,0.477093,0.543273,0.508919,0.552416,0.574018,0.564549,0.546001,0.461941,0.511884,0.510117,0.432660,0.372620,0.431836
0.561728,0.561728,0.579176,0.582310,0.586077,0.557375,0.565177,0.582829,0.591544,0.603098,0.630464,0.633391,0.637391,0.638170,0.617279,0.619925,0.606515,0.592423,0.582019,0.604507,0.593084,0.467134,0.474751,0.557024,0.593991,0.589762,0.572881,0.602491,0.586922,0.593064,0.539637,0.591769,0.569673,0.621517,0.657153,0.741795,0.649192,0.624375,0.530539,0.536497,0.317657,0.431426,0.394469,0.535427,0.559700,0.553286,0.563854,0.564427,0.555399,0.594156,0.574122,0.559631,0.473272,0.531836,0.531697,0.569055,0.535890,0.580590,0.513784,0.474127,0.515420,0.486279,0.501086,0.503437,0.441126
0.573568,0.573568,0.561114,0.607410,0.602025,0.579617,0.591943,0.576551,0.538496,0.620009,0.604556,0.623064,0.630371,0.673368,0.638654,0.632195,0.619401,0.612471,0.625882,0.609160,0.542534,0.445171,0.395039,0.490488,0.579568,0.602502,0.602871,0.617048,0.582105,0.576425,0.566334,0.588248,0.642731,0.637133,0.657214,0.720978,0.679516,0.511347,0.356175,0.428170,0.281525,0.238531,0.344566,0.436572,0.493784,0.561504,0.573537,0.559686,0.508469,0.557651,0.543822,0.584517,0.473022,0.514146,0.500224,0.568181,0.595256,0.540703,0.517836,0.518629,0.529591,0.544313,0.549325,0.569479,0.488840
0.573395,0.573395,0.578918,0.583120,0.588248,0.566424,0.560388,0.557184,0.577635,0.607011,0.602605,0.582916,0.590199,0.607678,0.613632,0.597767,0.591238,0.634640,0.609609,0.596201,0.520378,0.456662,0.455915,0.514661,0.546352,0.591501,0.591003,0.610969,0.577137,0.578142,0.606472,0.586118,0.599254,0.624127,0.739831,0.781506,0.795474,0.514189,0.324971,0.443498,0.362895,0.177045,0.375270,0.417994,0.450556,0.562475,0.578389,0.569581,0.555167,0.539969,0.572663,0.574428,0.505915,0.463534,0.510787,0.559435,0.536298,0.457451,0.538085,0.537352,0.539001,0.536271,0.536067,0.534484,0.545159
0.556111,0.556111,0.584774,0.587134,0.591185,0.578656,0.586377,0.593738,0.607926,0.621056,0.588972,0.594954,0.595840,0.603264,0.576522,0.610911,0.566689,0.602984,0.604885,0.581529,0.679672,0.637574,0.573035,0.580442,0.591272,0.583578,0.613672,0.612142,0.579614,0.572783,0.611398,0.578101,0.514684,0.527271,0.758625,0.753050,0.784913,0.520346,0.337672,0.443308,0.358526,0.253553,0.345541,0.340887,0.451928,0.571008,0.626088,0.586687,0.578476,0.567541,0.579261,0.561669,0.561733,0.368851,0.486038,0.538610,0.527295,0.516122,0.562683,0.545465,0.562360,0.538924,0.516904,0.524685,0.565325
0.554000,0.554000,0.556740,0.581535,0.619661,0.606618,0.617348,0.628558,0.620642,0.601778,0.576785,0.610943,0.558680,0.564700,0.573586,0.579078,0.600809,0.600670,0.578483,0.577093,0.743211,0.724590,0.547952,0.576065,0.565477,0.589724,0.604636,0.606379,0.578353,0.585775,0.592753,0.600393,0.563376,0.519556,0.595063,0.736434,0.799944,0.533162,0.385531,0.467040,0.368873,0.284086,0.387823,0.436115,0.492400,0.594592,0.588624,0.603377,0.609797,0.548040,0.542327,0.588729,0.574194,0.404436,0.535929,0.531338,0.503607,0.550694,0.556847,0.545288,0.574553,0.549791,0.557571,0.603915,0.585331
0.578818,0.578818,0.564465,0.610041,0.637822,0.615271,0.673427,0.639853,0.596690,0.588111,0.563876,0.622447,0.593514,0.549083,0.578068,0.594172,0.587140,0.599429,0.591857,0.590752,0.750984,0.765214,0.577381,0.609132,0.582127,0.555355,0.598263,0.595322,0.573975,0.592103,0.590985,0.619735,0.636627,0.564803,0.618808,0.793334,0.819558,0.524171,0.316464,0.338728,0.437261,0.273831,0.422645,0.408369,0.350890,0.409264,0.362975,0.331692,0.332191,0.269503,0.336784,0.343552,0.286585,0.323819,0.352981,0.301481,0.408080,0.546804,0.548086,0.551500,0.516480,0.515524,0.572413,0.614033,0.600966
0.559743,0.559743,0.577544,0.591298,0.603257,0.587491,0.606355,0.585380,0.600848,0.599527,0.591849,0.611247,0.590905,0.594057,0.596695,0.596908,0.613115,0.612761,0.599251,0.607767,0.710226,0.741571,0.601667,0.576872,0.636327,0.567460,0.588488,0.604900,0.559420,0.604090,0.589936,0.595939,0.620940,0.612594,0.778070,0.838159,0.836809,0.516554,0.281896,0.351995,0.428232,0.357961,0.318521,0.216830,0.234447,0.233101,0.253403,0.293379,0.259736,0.290337,0.316589,0.325025,0.302391,0.370425,0.275641,0.205927,0.294602,0.489407,0.533631,0.506013,0.483381,0.503997,0.546436,0.604879,0.665918
0.569463,0.569463,0.603916,0.553031,0.556839,0.591869,0.576609,0.592981,0.598021,0.623490,0.600094,0.587139,0.612515,0.611666,0.606274,0.580376,0.611212,0.599086,0.610618,0.592601,0.753249,0.726847,0.589764,0.550057,0.626536,0.569446,0.562113,0.572511,0.562594,0.602984,0.587305,0.554653,0.541342,0.625503,0.819734,0.809028,0.717881,0.503910,0.390637,0.384354,0.389729,0.477338,0.453564,0.455857,0.472001,0.471770,0.426319,0.382263,0.389138,0.385917,0.380647,0.407146,0.417281,0.394221,0.403930,0.372350,0.402470,0.458166,0.497571,0.511604,0.462122,0.476998,0.538205,0.627359,0.618412
0.567871,0.567871,0.573021,0.534533,0.583492,0.626509,0.614026,0.606304,0.615023,0.618289,0.597191,0.615867,0.613941,0.599661,0.598005,0.597764,0.628032,0.600672,0.441592,0.501359,0.649893,0.679419,0.603641,0.480297,0.518814,0.395367,0.466744,0.476753,0.474871,0.513362,0.542359,0.491969,0.515032,0.583084,0.591114,0.509651,0.489222,0.462391,0.462590,0.548162,0.702853,0.781101,0.593837,0.520109,0.559724,0.476354,0.345707,0.356210,0.281574,0.240221,0.226162,0.292790,0.365625,0.357668,0.425927,0.431198,0.393517,0.486393,0.514348,0.451216,0.452012,0.487547,0.532781,0.614967,0.629495
0.571101,0.571101,0.564503,0.568455,0.583523,0.622994,0.642942,0.636513,0.633543,0.631832,0.593892,0.603295,0.606942,0.598353,0.571107,0.572609,0.579670,0.522538,0.323722,0.352383,0.539838,0.618723,0.646764,0.419991,0.454022,0.389886,0.377158,0.344473,0.393440,0.507791,0.560753,0.559142,0.454191,0.359568,0.401988,0.445943,0.538288,0.568478,0.651428,0.773948,0.813821,0.815718,0.579866,0.507843,0.550751,0.488156,0.409713,0.460874,0.453463,0.473829,0.406779,0.477052,0.415192,0.402930,0.411610,0.470121,0.451984,0.406866,0.474010,0.480395,0.419479,0.436614,0.471401,0.561639,0.505272
0.591166,0.591166,0.571325,0.573032,0.570106,0.583020,0.603269,0.603456,0.612075,0.621134,0.617372,0.634721,0.608908,0.616426,0.611584,0.585558,0.566878,0.477103,0.345098,0.334465,0.538113,0.618833,0.611855,0.560644,0.418240,0.400963,0.331226,0.340888,0.501499,0.554392,0.602724,0.618794,0.581252,0.508358,0.489201,0.565779,0.657197,0.735754,0.757367,0.795965,0.810199,0.832004,0.570203,0.531764,0.535964,0.585594,0.559627,0.487853,0.511625,0.518754,0.522473,0.559388,0.418186,0.432864,0.429328,0.437250,0.430725,0.277744,0.393347,0.370869,0.571093,0.504103,0.410946,0.195583,0.204865
0.589515,0.589515,0.605713,0.556609,0.591120,0.611263,0.633235,0.654418,0.640598,0.651939,0.623375,0.605424,0.616549,0.615991,0.612539,0.572126,0.587741,0.531311,0.556498,0.515100,0.477118,0.484638,0.442979,0.530046,0.334205,0.301926,0.376065,0.481951,0.575196,0.551047,0.521192,0.456826,0.472392,0.585466,0.658634,0.745310,0.755280,0.791006,0.774477,0.827948,0.842828,0.817014,0.526618,0.441601,0.440826,0.340984,0.259955,0.226894,0.181131,0.194565,0.211768,0.244166,0.208070,0.188077,0.149139,0.129541,0.139611,0.207047,0.404551,0.473208,0.410473,0.266651,0.197169,0.150469,0.138839
0.579606,0.579606,0.560153,0.557389,0.582033,0.637590,0.749830,0.777367,0.679811,0.647322,0.601665,0.634985,0.608463,0.586914,0.609226,0.580022,0.519822,0.549063,0.567439,0.584647,0.499391,0.497712,0.437509,0.516846,0.299034,0.304134,0.363437,0.444965,0.399702,0.402602,0.482645,0.675645,0.768835,0.834090,0.783199,0.793858,0.771344,0.764747,0.766631,0.752771,0.599768,0.483393,0.314187,0.143230,0.141684,0.138774,0.161960,0.150241,0.233392,0.253937,0.343543,0.252322,0.195348,0.213159,0.172600,0.185296,0.185816,0.265416,0.366858,0.208728,0.209806,0.159230,0.126841,0.135227,0.153324
0.603725,0.603725,0.583246,0.552512,0.612792,0.672040,0.774982,0.734466,0.501842,0.537641,0.598249,0.609272,0.618948,0.620884,0.582149,0.499410,0.523687,0.510578,0.507553,0.502203,0.475639,0.380360,0.362930,0.401751,0.322186,0.410553,0.394091,0.333534,0.273487,0.235988,0.522328,0.872480,0.829187,0.800992,0.797506,0.808087,0.823322,0.692199,0.633677,0.545275,0.447288,0.443720,0.336697,0.295087,0.398670,0.425418,0.547918,0.580902,0.564565,0.577607,0.541076,0.572071,0.590457,0.591235,0.563324,0.575917,0.559820,0.462126,0.300410,0.166905,0.152410,0.142618,0.101490,0.123998,0.151777
0.557164,0.557164,0.581460,0.590621,0.602949,0.704912,0.724335,0.682766,0.456036,0.361792,0.583205,0.613549,0.595749,0.607818,0.506758,0.391673,0.457151,0.449833,0.412967,0.386747,0.389857,0.391929,0.412393,0.526293,0.567990,0.653758,0.422740,0.193496,0.197026,0.141209,0.377434,0.800406,0.809290,0.821494,0.777781,0.675625,0.671953,0.582266,0.561886,0.518965,0.547954,0.646202,0.579524,0.588273,0.625189,0.629125,0.650082,0.645341,0.617416,0.591993,0.556367,0.594989,0.578148,0.586407,0.601517,0.596181,0.573699,0.417831,0.240627,0.164788,0.206033,0.222282,0.207675,0.430285,0.318051
0.573707,0.573707,0.582869,0.563232,0.574028,0.685856,0.785089,0.633082,0.447773,0.380136,0.573826,0.580260,0.611986,0.587472,0.412721,0.281856,0.233540,0.328199,0.349118,0.349738,0.311589,0.285577,0.331437,0.637015,0.724274,0.782829,0.474770,0.207362,0.163390,0.142489,0.482591,0.793737,0.772482,0.681999,0.669812,0.571951,0.574120,0.601272,0.703005,0.774465,0.816866,0.742547,0.493087,0.586400,0.614369,0.612398,0.612488,0.606230,0.563353,0.360996,0.316431,0.368897,0.455927,0.429142,0.466849,0.393279,0.375970,0.280491,0.324195,0.117388,0.394144,0.469563,0.565906,0.601022,0.444605
0.571879,0.571879,0.576074,0.572909,0.555243,0.757252,0.830296,0.630229,0.419116,0.404988,0.444651,0.355288,0.313562,0.298655,0.237637,0.246772,0.228696,0.311755,0.354169,0.371352,0.258780,0.202460,0.207236,0.544617,0.725331,0.723458,0.399018,0.158054,0.217210,0.178771,0.489825,0.643966,0.574689,0.595522,0.608896,0.566847,0.621622,0.761301,0.850916,0.820212,0.685554,0.461688,0.322199,0.342383,0.412786,0.394283,0.373016,0.318831,0.319877,0.191134,0.164694,0.209935,0.228997,0.207776,0.206824,0.165907,0.085455,0.134525,0.245662,0.157914,0.358473,0.516999,0.574414,0.570893,0.514651
0.594496,0.594496,0.545550,0.522945,0.566529,0.717766,0.763450,0.607402,0.451093,0.495965,0.473001,0.369420,0.334906,0.334562,0.384242,0.431127,0.475557,0.466914,0.384968,0.303846,0.246930,0.231954,0.226097,0.402852,0.753520,0.687760,0.462156,0.389767,0.338902,0.188460,0.228913,0.366663,0.578530,0.583421,0.628485,0.756268,0.847204,0.782205,0.717677,0.631113,0.449010,0.319950,0.207602,0.177043,0.185049,0.205338,0.207937,0.152172,0.174863,0.153912,0.127778,0.180391,0.144167,0.135153,0.095759,0.100786,0.215650,0.318140,0.156002,0.116475,0.373146,0.517808,0.503783,0.493365,0.322662
0.552212,0.552212,0.498031,0.469254,0.521385,0.580399,0.527045,0.413355,0.574233,0.475928,0.487254,0.421886,0.421571,0.386570,0.421999,0.470861,0.443817,0.355074,0.283280,0.238683,0.206468,0.233757,0.221970,0.282247,0.548510,0.506844,0.411169,0.293713,0.246640,0.252401,0.321290,0.548979,0.694070,0.779114,0.829381,0.810485,0.751934,0.697974,0.559682,0.445275,0.328476,0.208852,0.194014,0.208350,0.193815,0.211107,0.161216,0.143208,0.181241,0.169464,0.131869,0.199235,0.149466,0.128252,0.119174,0.128427,0.406576,0.487878,0.180296,0.096795,0.249110,0.505985,0.304031,0.213693,0.143920
0.511107,0.511107,0.564494,0.632843,0.718382,0.847682,0.643563,0.335581,0.520036,0.359187,0.350800,0.312681,0.201086,0.195109,0.188124,0.197874,0.169725,0.166837,0.155871,0.144307,0.149622,0.191625,0.227891,0.234464,0.408441,0.444394,0.443797,0.437274,0.467632,0.620432,0.747690,0.823545,0.838654,0.775723,0.779943,0.691096,0.609562,0.563485,0.359870,0.247625,0.205256,0.191357,0.205516,0.197531,0.205338,0.180550,0.165569,0.158611,0.151032,0.145866,0.177032,0.233495,0.162151,0.141545,0.142787,0.211605,0.370844,0.518073,0.200793,0.112468,0.136559,0.220101,0.122897,0.111393,0.103159
0.489025,0.489025,0.622236,0.657325,0.707479,0.747027,0.647526,0.467846,0.521210,0.392022,0.281483,0.305381,0.275308,0.242331,0.229480,0.218115,0.257223,0.249635,0.253043,0.245397,0.321734,0.449283,0.494115,0.484442,0.555977,0.688142,0.616141,0.646502,0.782926,0.685677,0.788133,0.717976,0.667152,0.635776,0.663346,0.616605,0.526547,0.322587,0.198907,0.189088,0.198030,0.179953,0.180634,0.187654,0.184294,0.147950,0.204083,0.138428,0.107887,0.134969,0.113747,0.134192,0.129787,0.047647,0.395479,0.249105,0.233997,0.396708,0.163605,0.153721,0.111566,0.111123,0.106136,0.097774,0.086819
0.406155,0.406155,0.511985,0.527637,0.544297,0.628031,0.599309,0.491158,0.390298,0.220569,0.225815,0.277004,0.589675,0.582338,0.579266,0.650622,0.659015,0.661336,0.624861,0.555588,0.647205,0.753514,0.781345,0.809693,0.686962,0.800902,0.581532,0.501848,0.600992,0.534670,0.596589,0.537306,0.529060,0.581118,0.571885,0.476293,0.340587,0.220926,0.155153,0.163514,0.194165,0.177737,0.158792,0.163074,0.165468,0.143995,0.162272,0.133927,0.111003,0.165686,0.174833,0.145567,0.152734,0.247890,0.354651,0.237453,0.156546,0.418825,0.280887,0.223400,0.164022,0.097648,0.094496,0.082284,0.103080
0.533178,0.533178,0.545337,0.563303,0.595444,0.551060,0.417037,0.230290,0.172045,0.150171,0.186964,0.159664,0.591404,0.619802,0.671196,0.731779,0.792342,0.807723,0.782999,0.614621,0.689955,0.757491,0.736194,0.632939,0.485620,0.621675,0.542286,0.348884,0.491023,0.528912,0.525307,0.497191,0.484972,0.430692,0.299947,0.221029,0.169398,0.175863,0.163125,0.204022,0.156162,0.173799,0.158307,0.158162,0.174393,0.151359,0.167062,0.163830,0.133609,0.163490,0.176451,0.139722,0.300037,0.389139,0.208293,0.173162,0.135352,0.291625,0.299229,0.200375,0.152703,0.099821,0.110624,0.106442,0.065040
0.521564,0.521564,0.537346,0.407839,0.380719,0.305951,0.218902,0.156252,0.159318,0.132133,0.132661,0.149185,0.497797,0.641614,0.591700,0.710629,0.761952,0.740034,0.660629,0.490798,0.356725,0.455982,0.403039,0.340415,0.313308,0.281648,0.458003,0.323083,0.378195,0.383584,0.386194,0.370359,0.339639,0.303147,0.197169,0.139562,0.167019,0.179323,0.168548,0.169150,0.135956,0.156333,0.156475,0.155126,0.159702,0.165727,0.188319,0.164233,0.150867,0.152995,0.172989,0.137745,0.347366,0.329941,0.153062,0.124219,0.125174,0.129110,0.218142,0.181625,0.151391,0.105652,0.058587,0.086503,0.074912
0.566863,0.566863,0.460742,0.164658,0.234586,0.159663,0.170511,0.140472,0.143902,0.124396,0.160427,0.221548,0.354118,0.436573,0.322582,0.360615,0.337634,0.326765,0.295012,0.320199,0.225012,0.218894,0.185940,0.186195,0.213489,0.141347,0.414746,0.363391,0.331387,0.280323,0.289078,0.285638,0.282512,0.212958,0.198862,0.163696,0.165085,0.163701,0.158525,0.156685,0.173641,0.151868,0.152173,0.155442,0.177867,0.197186,0.241828,0.184523,0.160274,0.164923,0.162781,0.202143,0.410032,0.271921,0.156936,0.118119,0.130667,0.133839,0.246860,0.185463,0.145770,0.123451,0.072071,0.094564,0.085593
0.576634,0.576634,0.499239,0.350094,0.370015,0.356439,0.305989,0.302647,0.295169,0.299353,0.351156,0.358417,0.373952,0.410953,0.267767,0.171942,0.170127,0.150328,0.140682,0.200611,0.179657,0.138148,0.115330,0.171206,0.196097,0.144193,0.345273,0.312009,0.291592,0.212397,0.186197,0.185769,0.204332,0.173593,0.171057,0.154068,0.141244,0.165986,0.140961,0.138716,0.144999,0.146860,0.138918,0.140047,0.168508,0.179123,0.179949,0.185882,0.156989,0.152109,0.193073,0.122927,0.343079,0.380984,0.236015,0.131340,0.118589,0.103648,0.189515,0.210666,0.125599,0.103712,0.088299,0.099827,0.118424
0.548993,0.548993,0.567396,0.573503,0.589627,0.659171,0.613044,0.581242,0.558825,0.475781,0.490789,0.504701,0.489475,0.440366,0.283990,0.173082,0.121942,0.155980,0.132973,0.193827,0.184064,0.150242,0.125835,0.170319,0.182560,0.197243,0.400657,0.164520,0.254194,0.300911,0.210779,0.151180,0.162915,0.134732,0.138867,0.148521,0.141946,0.157858,0.130736,0.141311,0.120364,0.120912,0.110568,0.144918,0.185808,0.219897,0.204027,0.164786,0.165383,0.150999,0.160499,0.116539,0.387305,0.501036,0.241624,0.115052,0.110228,0.118040,0.144023,0.224331,0.142847,0.115543,0.112367,0.093673,0.116842
0.565034,0.565034,0.563477,0.567016,0.608794,0.648125,0.644868,0.538900,0.501316,0.498827,0.486680,0.465976,0.492330,0.424190,0.354537,0.278997,0.221021,0.243039,0.265955,0.304631,0.330236,0.289055,0.293869,0.424594,0.383234,0.475787,0.343005,0.339372,0.438791,0.473931,0.246600,0.141040,0.148320,0.124106,0.140682,0.137316,0.113466,0.143616,0.144063,0.124395,0.147462,0.143209,0.157769,0.154924,0.190406,0.179276,0.238875,0.196168,0.150811,0.131783,0.150636,0.124472,0.256835,0.340813,0.185257,0.170088,0.243710,0.181552,0.143527,0.204308,0.144020,0.140352,0.145422,0.150619,0.120503
0.539316,0.539316,0.557732,0.552211,0.570189,0.576537,0.541256,0.508325,0.491962,0.475368,0.489377,0.419892,0.400148,0.430587,0.511191,0.555775,0.395647,0.450401,0.437266,0.478524,0.513910,0.531611,0.501218,0.550964,0.546621,0.483987,0.324549,0.502530,0.567941,0.464165,0.293464,0.167961,0.155477,0.135755,0.155118,0.137319,0.159265,0.143656,0.148421,0.150475,0.149751,0.153089,0.153251,0.161289,0.155347,0.180575,0.198912,0.177087,0.207275,0.203178,0.165559,0.135232,0.197637,0.246412,0.241268,0.224221,0.221655,0.236729,0.272714,0.407188,0.247408,0.284868,0.303729,0.318641,0.350505
0.522168,0.522168,0.545230,0.541579,0.579150,0.601516,0.562028,0.489659,0.493758,0.505230,0.478480,0.456309,0.470855,0.504892,0.533402,0.496177,0.508979,0.560989,0.520979,0.535699,0.544635,0.573021,0.555881,0.526170,0.464670,0.459426,0.525870,0.512686,0.530769,0.446145,0.315853,0.290244,0.297027,0.265252,0.274279,0.298103,0.311752,0.295775,0.260183,0.267339,0.281656,0.284102,0.260207,0.259234,0.259942,0.292517,0.294095,0.310858,0.387727,0.353741,0.357571,0.398077,0.448357,0.440570,0.469720,0.491307,0.517864,0.452287,0.475280,0.480142,0.459516,0.460326,0.452037,0.477061,0.482765
0.530625,0.530625,0.558163,0.581343,0.586877,0.552710,0.533743,0.532732,0.554892,0.538128,0.560052,0.494912,0.490790,0.526050,0.572464,0.575709,0.603063,0.633732,0.605512,0.619386,0.635172,0.634451,0.624917,0.607529,0.589562,0.603608,0.624021,0.594602,0.598360,0.609107,0.600788,0.586350,0.581458,0.614642,0.587663,0.574485,0.598916,0.553622,0.569543,0.535011,0.547835,0.539215,0.550939,0.551216,0.559695,0.480352,0.513401,0.536925,0.510649,0.496091,0.507507,0.552430,0.563173,0.566334,0.567541,0.534928,0.492620,0.531202,0.538936,0.497626,0.521908,0.518786,0.484000,0.501910,0.523589
0.547967,0.547967,0.559063,0.547828,0.571565,0.585098,0.597144,0.581222,0.597000,0.558277,0.559028,0.504307,0.558770,0.565678,0.557799,0.577374,0.560531,0.597693,0.603561,0.599637,0.607246,0.618065,0.622433,0.589797,0.578144,0.596588,0.599915,0.596703,0.581089,0.580305,0.580733,0.557919,0.571334,0.580998,0.554268,0.566617,0.598564,0.601879,0.600476,0.582565,0.513419,0.528169,0.538742,0.544024,0.568594,0.544707,0.581008,0.562051,0.584395,0.572582,0.555517,0.531327,0.537030,0.552507,0.584719,0.519424,0.554036,0.509873,0.536650,0.543527,0.545590,0.509197,0.539352,0.533693,0.513955
0.548448,0.548448,0.526466,0.567266,0.575515,0.587372,0.547043,0.564940,0.557004,0.581581,0.576704,0.512496,0.551771,0.545378,0.555719,0.534111,0.545190,0.558437,0.554244,0.544283,0.538922,0.557144,0.575143,0.542337,0.531657,0.556835,0.602136,0.555368,0.497571,0.554223,0.551268,0.526776,0.540820,0.562506,0.545327,0.558618,0.557158,0.571301,0.584698,0.543425,0.487531,0.513453,0.508151,0.514540,0.487675,0.530391,0.524120,0.520834,0.530294,0.527717,0.531039,0.582486,0.516905,0.447277,0.410848,0.446716,0.449387,0.484696,0.504601,0.516177,0.504890,0.511308,0.545067,0.536303,0.518962
0.642114,0.642114,0.620526,0.600413,0.609347,0.605019,0.589497,0.605232,0.553712,0.564394,0.565002,0.559929,0.571961,0.564932,0.565209,0.561689,0.521300,0.563006,0.534407,0.517107,0.544386,0.541760,0.565934,0.556330,0.519169,0.547258,0.559739,0.535831,0.556404,0.561043,0.541161,0.548526,0.561213,0.581713,0.599543,0.601958,0.570280,0.607542,0.586188,0.573057,0.552369,0.530214,0.538489,0.530538,0.539031,0.566515,0.566165,0.556272,0.583061,0.564799,0.506992,0.546286,0.537937,0.542614,0.511257,0.515079,0.484465,0.506913,0.526916,0.522414,0.525248,0.530950,0.541050,0.574405,0.500037
0.587777,0.587777,0.554954,0.563045,0.575102,0.604512,0.613091,0.564754,0.553575,0.572907,0.584245,0.600522,0.587704,0.555600,0.593643,0.549543,0.568547,0.565305,0.617603,0.618727,0.569899,0.567474,0.596502,0.596543,0.585683,0.568194,0.594152,0.586804,0.580853,0.628222,0.617809,0.601863,0.610453,0.606461,0.606170,0.614674,0.606181,0.618466,0.587658,0.561718,0.559510,0.584241,0.555272,0.569928,0.558430,0.565904,0.591061,0.568655,0.557689,0.551270,0.580690,0.591604,0.547893,0.529575,0.555451,0.548287,0.497278,0.536090,0.543911,0.521431,0.518730,0.542015,0.537823,0.551798,0.502667
0.549601,0.549601,0.522773,0.555813,0.580534,0.572307,0.562986,0.572039,0.583082,0.570354,0.550674,0.541877,0.549907,0.515574,0.527277,0.541911,0.567277,0.583704,0.577442,0.583254,0.564335,0.562508,0.544834,0.562675,0.558674,0.528876,0.547117,0.545669,0.595304,0.614151,0.574155,0.587353,0.596613,0.605504,0.579321,0.599474,0.592767,0.567664,0.560338,0.584986,0.590569,0.568686,0.580106,0.587046,0.595371,0.580262,0.553213,0.570092,0.565822,0.567866,0.537815,0.573332,0.549746,0.570442,0.551193,0.533685,0.553454,0.546747,0.549532,0.481054,0.507198,0.496150,0.504852,0.516358,0.558201
0.510486,0.510486,0.512317,0.512393,0.554556,0.556285,0.570906,0.603405,0.584020,0.591720,0.554437,0.550554,0.536991,0.542136,0.579208,0.587615,0.519773,0.518572,0.552636,0.545721,0.535246,0.562654,0.528277,0.545713,0.561456,0.571689,0.549913,0.528253,0.563930,0.584206,0.571716,0.576188,0.560776,0.584580,0.592462,0.594528,0.599113,0.568387,0.553579,0.577458,0.560447,0.524706,0.548615,0.541993,0.530189,0.538632,0.559861,0.534771,0.509042,0.494164,0.541769,0.540795,0.516849,0.590811,0.528677,0.506941,0.506412,0.531961,0.579066,0.507201,0.473519,0.486104,0.448085,0.514080,0.536036
0.513411,0.513411,0.539418,0.538292,0.565239,0.573968,0.546245,0.554745,0.576026,0.549897,0.537512,0.522207,0.514526,0.543251,0.557385,0.542547,0.532328,0.553942,0.546556,0.547632,0.516802,0.520643,0.548148,0.583579,0.574681,0.567753,0.564857,0.558403,0.547146,0.554437,0.616216,0.594788,0.558765,0.616240,0.565438,0.569678,0.621108,0.603082,0.620699,0.618967,0.579066,0.544487,0.546429,0.556659,0.511387,0.528182,0.530736,0.546484,0.585758,0.601311,0.576079,0.547558,0.490273,0.508191,0.463561,0.527243,0.565906,0.549791,0.567739,0.558662,0.552557,0.544120,0.522185,0.470339,0.472618
0.563109,0.563109,0.545086,0.527415,0.553804,0.569130,0.542828,0.517498,0.548065,0.576741,0.562320,0.529297,0.563776,0.566697,0.552977,0.551202,0.520180,0.520126,0.515498,0.539068,0.519139,0.541139,0.552696,0.541256,0.527975,0.535528,0.585437,0.568658,0.545860,0.528409,0.575473,0.560236,0.546613,0.573355,0.558636,0.538572,0.564734,0.582716,0.586977,0.570594,0.584269,0.579692,0.569874,0.557735,0.535515,0.560975,0.543493,0.567559,0.595253,0.616036,0.584994,0.549546,0.511697,0.543662,0.532530,0.559387,0.571954,0.567044,0.566974,0.574923,0.563219,0.559969,0.591871,0.564059,0.565262
0.523124,0.523124,0.496949,0.542665,0.564898,0.576106,0.603478,0.559159,0.546594,0.576373,0.533355,0.538515,0.554653,0.521203,0.510498,0.556156,0.524913,0.539148,0.545104,0.547952,0.573007,0.572703,0.510759,0.453343,0.512383,0.561192,0.588018,0.562304,0.564473,0.557686,0.573856,0.561155,0.570548,0.600683,0.577338,0.585554,0.547588,0.584732,0.590298,0.574533,0.568046,0.572054,0.575025,0.520671,0.498610,0.533442,0.608263,0.597803,0.524622,0.516687,0.488895,0.489907,0.479214,0.490181,0.576323,0.552131,0.539436,0.535573,0.512724,0.488942,0.504864,0.529382,0.568463,0.550327,0.530453
0.541829,0.541829,0.541458,0.558228,0.531945,0.556836,0.574665,0.582026,0.578673,0.594018,0.559686,0.567503,0.577391,0.600353,0.574512,0.552237,0.570372,0.561120,0.557729,0.528556,0.591211,0.556135,0.566706,0.585764,0.594788,0.572285,0.598438,0.556149,0.552268,0.569264,0.591070,0.599283,0.583365,0.604390,0.604824,0.591423,0.595636,0.587128,0.582498,0.534147,0.502239,0.516433,0.526123,0.426147,0.436306,0.514879,0.547048,0.532417,0.496970,0.444588,0.386114,0.398173,0.369207,0.377283,0.457256,0.481177,0.432237,0.398594,0.395933,0.382242,0.419481,0.421230,0.456638,0.437339,0.497880
0.560356,0.560356,0.556668,0.554639,0.588867,0.552990,0.570916,0.571010,0.590462,0.580447,0.554713,0.573278,0.567806,0.592260,0.574599,0.520947,0.542968,0.525968,0.552323,0.536589,0.575295,0.575324,0.587614,0.562566,0.539429,0.575506,0.582054,0.568779,0.558871,0.589183,0.565735,0.516370,0.512107,0.556057,0.581974,0.547676,0.561988,0.539267,0.540944,0.547361,0.516992,0.559807,0.552347,0.543521,0.517619,0.432510,0.496165,0.549424,0.500152,0.470890,0.454720,0.449072,0.429454,0.387468,0.415806,0.369495,0.372329,0.352875,0.368605,0.377939,0.361669,0.370045,0.361905,0.351460,0.382858
0.562938,0.562938,0.573579,0.556812,0.596528,0.599434,0.611581,0.578117,0.552196,0.572480,0.590532,0.558644,0.577405,0.565971,0.546884,0.540211,0.566818,0.545357,0.556793,0.595079,0.575067,0.593032,0.589312,0.574460,0.589096,0.578228,0.574397,0.592850,0.571758,0.556482,0.538941,0.538419,0.553287,0.576651,0.589946,0.574800,0.522989,0.514830,0.524896,0.571957,0.564602,0.542899,0.537618,0.550897,0.537988,0.364306,0.519023,0.551812,0.478854,0.470345,0.501476,0.496189,0.502313,0.475927,0.404269,0.361906,0.438793,0.416902,0.384292,0.455408,0.418550,0.424300,0.429265,0.362445,0.365225
0.552971,0.552971,0.580181,0.575101,0.546920,0.496445,0.544036,0.518626,0.538825,0.538090,0.543851,0.500222,0.472692,0.489323,0.517564,0.496568,0.494101,0.440990,0.506050,0.542114,0.541108,0.561451,0.571884,0.578287,0.572294,0.583305,0.565367,0.592632,0.587432,0.571436,0.598320,0.586636,0.587926,0.564037,0.575803,0.568384,0.541666,0.520854,0.491623,0.527794,0.503409,0.537570,0.505962,0.497847,0.545294,0.490880,0.520610,0.546643,0.522993,0.468546,0.468467,0.459906,0.480292,0.474009,0.443655,0.472913,0.493306,0.474986,0.438113,0.527058,0.522867,0.506998,0.421660,0.392571,0.370799
0.549373,0.549373,0.525324,0.554304,0.558776,0.569401,0.572139,0.551230,0.621501,0.635389,0.640618,0.596780,0.568193,0.542860,0.513591,0.531185,0.510163,0.533839,0.537340,0.595441,0.593731,0.600868,0.542483,0.542890,0.573591,0.603233,0.607131,0.637306,0.633486,0.640552,0.633873,0.606836,0.581491,0.563719,0.604617,0.648452,0.634203,0.596064,0.623804,0.624064,0.567333,0.597513,0.535164,0.530235,0.518330,0.555424,0.586154,0.576482,0.567655,0.557647,0.569360,0.543217,0.571047,0.551824,0.529829,0.522709,0.556730,0.565408,0.536685,0.612968,0.590691,0.535170,0.486414,0.459445,0.456094