0.473937,0.473937,0.480182,0.556486,0.493708,0.493200,0.559697,0.494108,0.508361,0.510014,0.467762,0.507195,0.537927,0.504806,0.547745,0.524810,0.559435,0.541760,0.534234,0.528190,0.483910,0.493956,0.559426,0.535215,0.540137,0.552514,0.541322,0.542606,0.564031,0.518235,0.517430,0.521813,0.534330,0.507698,0.478662,0.588223,0.557103,0.548258,0.575228,0.614581,0.535492,0.597521,0.609648,0.606343,0.616855,0.624019,0.607418,0.580314,0.622225,0.645307,0.645468,0.606820,0.617080,0.614257,0.653536,0.672614,0.713830,0.672488,0.677730,0.615552,0.606326,0.630128,0.634232,0.666519,0.573808
0.496895,0.496895,0.517436,0.546414,0.539002,0.521294,0.500936,0.543534,0.530006,0.510345,0.545748,0.529146,0.540385,0.527500,0.571701,0.559803,0.515747,0.549841,0.511822,0.557717,0.545491,0.580344,0.544444,0.525819,0.528100,0.522318,0.552056,0.570918,0.542235,0.508306,0.583087,0.564424,0.596050,0.515202,0.496790,0.514994,0.525650,0.539801,0.588097,0.628215,0.629785,0.588539,0.589886,0.567127,0.567646,0.600980,0.569840,0.594168,0.608540,0.606974,0.586896,0.605264,0.593112,0.612082,0.678129,0.647713,0.660316,0.616764,0.642407,0.648081,0.640188,0.655032,0.641974,0.611263,0.667464
0.499921,0.499921,0.551087,0.507834,0.519141,0.540744,0.531161,0.511915,0.564187,0.541720,0.523636,0.540511,0.602475,0.619326,0.601823,0.611165,0.616657,0.564231,0.533707,0.600680,0.554048,0.547174,0.564555,0.533323,0.512481,0.548936,0.598877,0.671868,0.591413,0.571285,0.564682,0.695473,0.707398,0.652064,0.556300,0.648938,0.551932,0.521976,0.543437,0.642472,0.605239,0.566149,0.535363,0.618546,0.582070,0.592136,0.622595,0.560021,0.542567,0.510989,0.612051,0.611361,0.538913,0.527267,0.593510,0.590736,0.631314,0.626844,0.608831,0.614700,0.641522,0.608827,0.607847,0.644100,0.638479
0.463130,0.463130,0.517221,0.502402,0.555388,0.535012,0.498020,0.521813,0.545787,0.554300,0.541984,0.615366,0.635376,0.637589,0.634409,0.679006,0.698390,0.629807,0.611045,0.635290,0.610677,0.588564,0.575356,0.580689,0.563710,0.652050,0.743050,0.747894,0.701398,0.687965,0.671905,0.709047,0.755207,0.744280,0.551669,0.636363,0.744478,0.559202,0.568519,0.635118,0.597250,0.559445,0.569554,0.609099,0.562246,0.573023,0.607059,0.598820,0.553790,0.541067,0.556976,0.544338,0.389165,0.501093,0.564793,0.558693,0.528559,0.602287,0.595231,0.587416,0.534842,0.564502,0.593722,0.583693,0.536597
0.525688,0.525688,0.483278,0.541613,0.519982,0.539079,0.527989,0.555657,0.516915,0.545554,0.552302,0.620362,0.642955,0.662799,0.661866,0.720584,0.673389,0.712259,0.691694,0.645025,0.649090,0.626385,0.685116,0.690142,0.665944,0.693756,0.792220,0.786502,0.755011,0.777134,0.751203,0.805539,0.775139,0.758626,0.663191,0.607363,0.723086,0.649465,0.570617,0.635285,0.617482,0.562190,0.566434,0.542300,0.540241,0.592208,0.579147,0.584583,0.565633,0.544983,0.574649,0.437714,0.487600,0.540167,0.573634,0.525935,0.568009,0.541996,0.550733,0.568361,0.516210,0.464904,0.560160,0.546320,0.549228
0.495525,0.495525,0.504625,0.497231,0.581052,0.572676,0.598110,0.553657,0.546624,0.523836,0.554092,0.629709,0.677082,0.668637,0.682108,0.668771,0.708404,0.661702,0.665145,0.643962,0.637496,0.682363,0.719112,0.744852,0.675726,0.728546,0.713774,0.705300,0.704972,0.721438,0.706955,0.711309,0.750532,0.714731,0.705429,0.571148,0.757597,0.624707,0.552477,0.648667,0.652290,0.597730,0.575524,0.557246,0.559307,0.559027,0.557278,0.567976,0.567233,0.559015,0.489259,0.477793,0.509766,0.588641,0.578864,0.557090,0.558400,0.553696,0.583213,0.601927,0.577161,0.517557,0.552664,0.543751,0.544211
0.491240,0.491240,0.497536,0.473105,0.545143,0.653285,0.660380,0.627054,0.663462,0.602802,0.565930,0.623275,0.639732,0.626679,0.684086,0.623225,0.618463,0.680297,0.659923,0.642579,0.671510,0.693023,0.720081,0.712633,0.697946,0.721728,0.749100,0.730194,0.790702,0.735248,0.719496,0.771640,0.767790,0.675038,0.742964,0.567082,0.598531,0.650229,0.591283,0.607950,0.663578,0.599091,0.564798,0.565358,0.534093,0.575022,0.591589,0.558329,0.528230,0.502081,0.415431,0.545689,0.581496,0.553678,0.565492,0.550579,0.556105,0.599808,0.558094,0.559842,0.580113,0.574107,0.583528,0.579326,0.545148
0.496209,0.496209,0.494020,0.519449,0.634993,0.688831,0.711060,0.728092,0.686089,0.596198,0.563843,0.561933,0.615645,0.625382,0.618966,0.644063,0.649931,0.641678,0.655794,0.639016,0.676376,0.717319,0.660409,0.623256,0.714691,0.738192,0.686977,0.770791,0.694234,0.759537,0.738547,0.749931,0.771988,0.745416,0.745663,0.634741,0.525051,0.629670,0.586060,0.623397,0.726541,0.563122,0.572081,0.567253,0.577788,0.554832,0.556311,0.530924,0.590159,0.466509,0.467091,0.603553,0.653639,0.628093,0.568527,0.597511,0.608800,0.634777,0.656491,0.646261,0.607452,0.612360,0.591569,0.591314,0.547698
0.505477,0.505477,0.500242,0.545166,0.649502,0.622473,0.720653,0.714123,0.673980,0.692951,0.633901,0.637274,0.613676,0.639817,0.669718,0.650050,0.587367,0.643692,0.635219,0.631974,0.657447,0.609624,0.666353,0.590233,0.698506,0.695047,0.765048,0.729841,0.692044,0.728971,0.665142,0.709293,0.714844,0.678003,0.655940,0.687895,0.554918,0.619888,0.563787,0.566739,0.654101,0.575223,0.559312,0.525285,0.539435,0.562101,0.580535,0.580686,0.500943,0.460801,0.577930,0.616178,0.683459,0.745734,0.656438,0.635399,0.640349,0.674085,0.680759,0.545213,0.591867,0.570152,0.573993,0.611344,0.638058
0.566101,0.566101,0.569640,0.586940,0.639704,0.645033,0.760853,0.735869,0.715102,0.686718,0.643188,0.630321,0.686111,0.674976,0.662924,0.619222,0.614981,0.613918,0.652920,0.604257,0.603782,0.587094,0.677185,0.601002,0.635397,0.679585,0.674757,0.645323,0.668777,0.670757,0.712668,0.673483,0.669892,0.639879,0.614816,0.630208,0.463010,0.540890,0.640887,0.596722,0.391964,0.572529,0.596377,0.596474,0.553862,0.575377,0.566978,0.562605,0.403033,0.573023,0.640181,0.650453,0.647162,0.648519,0.657774,0.668059,0.671122,0.656173,0.637590,0.610935,0.629694,0.621226,0.600509,0.640951,0.565763
0.577337,0.577337,0.577205,0.595917,0.635096,0.694286,0.740208,0.726841,0.672799,0.655690,0.646888,0.684772,0.722961,0.656894,0.662529,0.638242,0.629841,0.652211,0.620296,0.619832,0.579920,0.555174,0.611988,0.521462,0.571025,0.661885,0.589901,0.619227,0.605771,0.650085,0.594052,0.592521,0.638867,0.604331,0.601584,0.600127,0.490609,0.436493,0.611737,0.640504,0.404372,0.495741,0.568400,0.599800,0.562562,0.584499,0.559743,0.470390,0.511980,0.615159,0.627418,0.616606,0.632907,0.481562,0.604794,0.648187,0.665615,0.680881,0.620305,0.606172,0.634135,0.613124,0.616315,0.550840,0.491423
0.531749,0.531749,0.558378,0.570135,0.647301,0.649590,0.709839,0.674529,0.683451,0.624977,0.660158,0.614768,0.689149,0.717288,0.652151,0.625691,0.586387,0.624000,0.576690,0.576757,0.529412,0.560277,0.564205,0.514895,0.500641,0.560146,0.586325,0.632792,0.605900,0.573692,0.587824,0.604903,0.565735,0.546628,0.598976,0.607397,0.583933,0.456014,0.649655,0.545393,0.458415,0.534489,0.590679,0.593532,0.609265,0.547758,0.535542,0.478963,0.569760,0.598775,0.551711,0.617988,0.653816,0.480250,0.521822,0.630993,0.682316,0.636097,0.629761,0.647001,0.607651,0.651724,0.649988,0.567015,0.571601
0.534779,0.534779,0.516850,0.559935,0.586892,0.655078,0.587591,0.583635,0.578855,0.566826,0.576676,0.623240,0.597952,0.592107,0.629492,0.647295,0.638118,0.560346,0.592350,0.552831,0.579884,0.562624,0.564091,0.493970,0.470756,0.599390,0.542064,0.616666,0.625217,0.558032,0.561385,0.566136,0.572793,0.590282,0.569176,0.607036,0.606344,0.448861,0.544696,0.578272,0.417286,0.523687,0.595889,0.561269,0.570500,0.585776,0.471259,0.539432,0.591187,0.615329,0.467168,0.537394,0.625390,0.532230,0.504558,0.628166,0.608188,0.643663,0.617334,0.609195,0.616256,0.601460,0.563556,0.499797,0.602882
0.521698,0.521698,0.574395,0.536186,0.552053,0.587261,0.580653,0.568485,0.551844,0.539368,0.555611,0.594231,0.605611,0.608081,0.559596,0.610515,0.645254,0.566049,0.529802,0.553513,0.541805,0.604470,0.574193,0.585915,0.518279,0.578274,0.595568,0.614170,0.586545,0.594201,0.598238,0.609113,0.668380,0.609885,0.576757,0.619913,0.630085,0.570926,0.513927,0.603144,0.453807,0.498000,0.564749,0.588165,0.589412,0.491421,0.491213,0.578382,0.544896,0.596318,0.545927,0.542861,0.564193,0.539092,0.523984,0.602522,0.595060,0.583078,0.587490,0.585165,0.609067,0.587726,0.460785,0.563572,0.603855
0.525361,0.525361,0.556965,0.543298,0.555341,0.567312,0.543764,0.568899,0.536348,0.543715,0.547004,0.550664,0.565998,0.595205,0.573450,0.581903,0.569837,0.561101,0.585528,0.586550,0.577201,0.570458,0.603533,0.530902,0.435604,0.593495,0.571276,0.577328,0.620855,0.579780,0.591690,0.683721,0.657262,0.590393,0.626368,0.634805,0.645601,0.632413,0.406156,0.572774,0.447025,0.516775,0.591744,0.571983,0.595173,0.476582,0.580818,0.602355,0.609087,0.605611,0.564239,0.440170,0.584737,0.486208,0.458430,0.584504,0.542974,0.543207,0.602489,0.583392,0.613506,0.504555,0.520661,0.546569,0.566828
0.532466,0.532466,0.536196,0.501149,0.567499,0.566134,0.567616,0.561529,0.574797,0.530560,0.583270,0.548615,0.544657,0.595641,0.555900,0.591346,0.589696,0.589898,0.626576,0.644448,0.644329,0.583889,0.581974,0.552985,0.518742,0.536119,0.615784,0.614395,0.608287,0.637807,0.597137,0.676741,0.616584,0.629069,0.642714,0.703752,0.663150,0.657644,0.545046,0.524278,0.408272,0.456240,0.600089,0.567178,0.488013,0.563580,0.570501,0.581668,0.589936,0.626622,0.560786,0.398094,0.571971,0.480955,0.521099,0.553735,0.571423,0.559383,0.534430,0.545959,0.534712,0.437301,0.585287,0.500730,0.453563
0.540360,0.540360,0.570689,0.550675,0.555802,0.599273,0.509115,0.555547,0.549388,0.569579,0.568261,0.571141,0.557273,0.591753,0.595036,0.611771,0.650520,0.611959,0.617437,0.615325,0.640657,0.600011,0.625753,0.563666,0.567508,0.585913,0.601179,0.599780,0.604030,0.664460,0.635919,0.625734,0.648350,0.570474,0.634542,0.698009,0.638554,0.567468,0.649128,0.537190,0.569581,0.593629,0.608242,0.546219,0.501803,0.565166,0.553022,0.548905,0.594525,0.608557,0.568671,0.425202,0.545188,0.503846,0.483327,0.574471,0.526394,0.519552,0.530171,0.549192,0.493056,0.495303,0.433812,0.371889,0.377377
0.569421,0.569421,0.600236,0.541760,0.558433,0.573158,0.529183,0.558219,0.539192,0.561480,0.565912,0.588269,0.534340,0.611991,0.584950,0.668667,0.588897,0.643732,0.649125,0.595620,0.617788,0.504599,0.558854,0.621282,0.551459,0.577169,0.585439,0.592834,0.601432,0.607156,0.582370,0.627473,0.606188,0.620076,0.643014,0.630067,0.601130,0.654682,0.693403,0.631872,0.512693,0.573256,0.636369,0.478233,0.584279,0.490578,0.531554,0.589031,0.581745,0.548626,0.555601,0.433832,0.466778,0.499644,0.493678,0.572789,0.560801,0.553734,0.501129,0.491744,0.471785,0.539505,0.484916,0.269223,0.435672
0.541594,0.541594,0.630813,0.572464,0.517501,0.561419,0.587833,0.586307,0.557966,0.589509,0.584750,0.616555,0.669685,0.587086,0.587594,0.544030,0.589999,0.613291,0.663648,0.610833,0.592442,0.499640,0.484707,0.574004,0.630662,0.601565,0.572344,0.627321,0.633003,0.615896,0.485964,0.612454,0.581787,0.569864,0.657136,0.596592,0.647568,0.726809,0.687963,0.699140,0.410839,0.564646,0.572277,0.548522,0.588937,0.539092,0.560192,0.573641,0.600392,0.573696,0.580736,0.518393,0.455137,0.547962,0.489085,0.547797,0.580135,0.562276,0.549206,0.434845,0.505306,0.502579,0.414621,0.361858,0.428302
0.558180,0.558180,0.580411,0.582376,0.594578,0.549600,0.559594,0.585859,0.601725,0.607211,0.648468,0.645508,0.646965,0.651277,0.623742,0.633901,0.613360,0.593918,0.572958,0.612448,0.609371,0.443765,0.460012,0.559649,0.600473,0.592781,0.566379,0.610363,0.584841,0.603423,0.524633,0.602753,0.556841,0.634928,0.665977,0.772962,0.653509,0.641508,0.517897,0.543382,0.300434,0.444293,0.374217,0.539374,0.561171,0.547943,0.562177,0.563129,0.548743,0.607814,0.575063,0.562154,0.449533,0.528544,0.524057,0.575350,0.513560,0.595018,0.497641,0.452930,0.508768,0.464273,0.491048,0.500071,0.423315
0.575531,0.575531,0.551616,0.622609,0.611090,0.580557,0.603022,0.580428,0.514660,0.640498,0.604689,0.635937,0.639568,0.702751,0.649801,0.646643,0.630514,0.617357,0.642999,0.621266,0.536482,0.430346,0.376064,0.469960,0.587244,0.611774,0.610658,0.631339,0.581370,0.576260,0.561819,0.588327,0.669334,0.646882,0.658324,0.727885,0.691868,0.493452,0.336947,0.432824,0.271781,0.231566,0.337294,0.424848,0.477082,0.563411,0.575582,0.558980,0.482438,0.558428,0.528563,0.601398,0.447184,0.509519,0.478029,0.570112,0.615430,0.534728,0.504615,0.509117,0.521003,0.544264,0.546899,0.582041,0.470678
0.574008,0.574008,0.581044,0.582381,0.592477,0.561853,0.553838,0.548787,0.579023,0.613836,0.610834,0.578686,0.589273,0.610098,0.623924,0.598130,0.590311,0.656023,0.613178,0.606312,0.498753,0.431871,0.435381,0.502443,0.534057,0.599202,0.589320,0.622291,0.574348,0.577449,0.619991,0.586221,0.606630,0.634263,0.755037,0.794815,0.808889,0.509696,0.307024,0.452787,0.372126,0.163420,0.380629,0.419849,0.426750,0.565999,0.577549,0.568768,0.554026,0.526500,0.576510,0.579761,0.490621,0.448046,0.501233,0.562090,0.529154,0.421598,0.537117,0.530544,0.531903,0.527946,0.529521,0.524110,0.542994
0.549736,0.549736,0.592102,0.590617,0.594697,0.577045,0.589623,0.597918,0.615355,0.636646,0.588598,0.600085,0.603498,0.615498,0.568889,0.629721,0.554524,0.609538,0.615619,0.572756,0.712127,0.654363,0.576380,0.586997,0.602652,0.580913,0.626555,0.622437,0.579243,0.567414,0.626526,0.578941,0.489614,0.500323,0.781530,0.757525,0.791748,0.515585,0.318997,0.447987,0.357441,0.252412,0.343551,0.320052,0.434357,0.572092,0.650180,0.585622,0.578728,0.566975,0.585479,0.553889,0.572195,0.343270,0.470931,0.534184,0.519296,0.502323,0.567553,0.537779,0.563950,0.531550,0.499827,0.506204,0.566672
0.548534,0.548534,0.549569,0.579266,0.633252,0.612241,0.622669,0.640990,0.632899,0.607811,0.572380,0.626481,0.546011,0.561510,0.573599,0.574909,0.612319,0.608121,0.575478,0.565765,0.763921,0.741131,0.525745,0.577624,0.557776,0.597521,0.611090,0.615879,0.576433,0.589308,0.595029,0.609832,0.561209,0.497028,0.586057,0.742722,0.809681,0.529458,0.375680,0.482053,0.362944,0.278005,0.388623,0.434353,0.486116,0.616627,0.595532,0.620015,0.633336,0.550726,0.541215,0.606057,0.589810,0.389770,0.549811,0.537868,0.489101,0.551578,0.554954,0.535949,0.583918,0.545935,0.553451,0.621065,0.586640
0.584680,0.584680,0.557941,0.622239,0.657258,0.618395,0.707064,0.656585,0.596178,0.591609,0.552546,0.640972,0.602334,0.534861,0.579382,0.601651,0.584788,0.605294,0.596765,0.582940,0.770080,0.782059,0.564663,0.627424,0.581294,0.543275,0.607723,0.599563,0.571503,0.597584,0.592048,0.631816,0.662206,0.554609,0.610206,0.810475,0.825656,0.527194,0.305375,0.321617,0.455622,0.248484,0.438985,0.415002,0.340675,0.417032,0.360711,0.321863,0.331286,0.246670,0.330154,0.339615,0.268207,0.312071,0.353098,0.288598,0.405321,0.552021,0.542725,0.553430,0.500764,0.498028,0.576010,0.627548,0.601231
0.553709,0.553709,0.577611,0.596262,0.612612,0.584657,0.613671,0.579598,0.608866,0.604485,0.594910,0.623181,0.590199,0.600872,0.602478,0.601883,0.624358,0.623458,0.601987,0.610498,0.715125,0.757623,0.603422,0.569636,0.663897,0.559231,0.593122,0.619833,0.547874,0.616349,0.591322,0.599825,0.638073,0.610022,0.791757,0.860745,0.851965,0.522098,0.257738,0.347596,0.436395,0.352942,0.311329,0.198692,0.229497,0.222717,0.244682,0.295508,0.249593,0.291566,0.309872,0.319439,0.291027,0.377033,0.268131,0.195601,0.273924,0.485037,0.531907,0.489401,0.467375,0.491483,0.538847,0.607972,0.694379
0.566586,0.566586,0.622142,0.543797,0.546447,0.598361,0.569829,0.598603,0.599430,0.639356,0.605433,0.582469,0.623928,0.621013,0.615971,0.574056,0.620535,0.600000,0.632038,0.588668,0.780276,0.741626,0.586050,0.539253,0.655163,0.572697,0.561818,0.576764,0.561466,0.619967,0.594463,0.551479,0.524314,0.632550,0.843458,0.825651,0.726256,0.493320,0.383863,0.374912,0.359792,0.477467,0.441792,0.458415,0.475423,0.481252,0.435234,0.379264,0.393327,0.388509,0.379678,0.415128,0.424641,0.390807,0.408226,0.369811,0.403628,0.441716,0.481986,0.509690,0.444061,0.457342,0.528587,0.648568,0.619333
0.565737,0.565737,0.574848,0.516133,0.588687,0.643512,0.621382,0.609806,0.622825,0.626914,0.598685,0.629424,0.622953,0.602990,0.604849,0.603479,0.647681,0.619464,0.416183,0.487275,0.671915,0.700873,0.611051,0.456816,0.516575,0.371320,0.459614,0.470001,0.458822,0.495871,0.537999,0.465028,0.503396,0.594941,0.593003,0.492366,0.463236,0.438253,0.438870,0.540692,0.708526,0.796368,0.601941,0.504851,0.569758,0.466910,0.327067,0.353213,0.269918,0.231349,0.214950,0.280596,0.362545,0.344657,0.426470,0.427672,0.376143,0.484251,0.513012,0.426510,0.441628,0.478854,0.525244,0.630954,0.649468
0.569910,0.569910,0.561099,0.568940,0.584553,0.636501,0.661838,0.652086,0.646684,0.647595,0.592088,0.606111,0.613678,0.603856,0.563564,0.568834,0.582423,0.519376,0.307715,0.337633,0.531692,0.624487,0.680283,0.385432,0.450677,0.382502,0.376628,0.330048,0.376199,0.495007,0.560099,0.562815,0.428197,0.328735,0.384483,0.416926,0.533430,0.563330,0.658434,0.786014,0.828869,0.824866,0.573053,0.485075,0.553540,0.471680,0.387325,0.460193,0.447027,0.484873,0.391810,0.486065,0.405873,0.397883,0.398677,0.466674,0.447799,0.399402,0.468007,0.483900,0.392683,0.417270,0.451550,0.572171,0.505697
0.598296,0.598296,0.566857,0.574879,0.565629,0.579308,0.606085,0.602735,0.615630,0.627406,0.624435,0.654791,0.611969,0.626708,0.623904,0.589422,0.567357,0.461516,0.331330,0.312404,0.542295,0.643512,0.628807,0.571220,0.405476,0.409645,0.317550,0.323600,0.498103,0.553146,0.620067,0.647003,0.599265,0.499911,0.467376,0.563590,0.670124,0.749826,0.764966,0.804793,0.816542,0.847961,0.560151,0.527286,0.528242,0.607683,0.575377,0.487696,0.526228,0.530304,0.533298,0.577772,0.414421,0.443055,0.433149,0.442617,0.444904,0.260338,0.398439,0.341088,0.597361,0.512012,0.422518,0.175032,0.203202
0.591758,0.591758,0.624715,0.545481,0.599358,0.618895,0.637852,0.663590,0.647060,0.669270,0.633676,0.604070,0.627044,0.626147,0.623311,0.564755,0.603871,0.518479,0.567414,0.511113,0.453374,0.465317,0.409552,0.536139,0.325741,0.289054,0.374197,0.479475,0.595180,0.552886,0.509623,0.420752,0.440015,0.583959,0.666123,0.760096,0.762000,0.806948,0.775869,0.848083,0.860513,0.833811,0.527055,0.445625,0.454810,0.338624,0.250039,0.231787,0.164271,0.188949,0.206556,0.242723,0.208847,0.182856,0.131230,0.108049,0.120087,0.209698,0.411943,0.493457,0.417840,0.260090,0.196109,0.147596,0.130125
0.579648,0.579648,0.551365,0.553322,0.578696,0.644313,0.764653,0.796240,0.702745,0.668924,0.598583,0.656210,0.613021,0.580748,0.622132,0.589485,0.496675,0.549000,0.569237,0.604117,0.484034,0.499993,0.421280,0.533547,0.287452,0.296071,0.356343,0.450932,0.393822,0.398565,0.456789,0.675718,0.773215,0.854135,0.787642,0.806183,0.773642,0.773101,0.779397,0.768707,0.590721,0.476028,0.310638,0.120884,0.130017,0.122236,0.148835,0.125317,0.230989,0.241600,0.362288,0.242923,0.169490,0.206959,0.151699,0.168915,0.163523,0.261928,0.376789,0.196293,0.218028,0.154985,0.114747,0.131215,0.156549
0.616994,0.616994,0.588719,0.538626,0.625091,0.677966,0.796132,0.742833,0.475145,0.532455,0.608362,0.612941,0.630623,0.636739,0.589667,0.480402,0.520821,0.497848,0.496483,0.491955,0.472292,0.367377,0.350586,0.392219,0.305408,0.406958,0.392665,0.334587,0.279156,0.225213,0.528819,0.883774,0.848970,0.804223,0.806155,0.820900,0.848325,0.696309,0.642747,0.535529,0.412317,0.429235,0.331338,0.293571,0.406933,0.422738,0.547617,0.584111,0.562281,0.589715,0.537820,0.578713,0.601237,0.604036,0.554393,0.579305,0.562835,0.471486,0.304270,0.163229,0.146523,0.138709,0.076575,0.106080,0.149002
0.547720,0.547720,0.584003,0.599740,0.603690,0.726695,0.725701,0.702309,0.438981,0.334456,0.595440,0.627157,0.592892,0.623359,0.494845,0.380918,0.467356,0.447458,0.408039,0.380409,0.388250,0.393433,0.406660,0.523435,0.567178,0.674983,0.414173,0.179913,0.212336,0.133865,0.376139,0.801838,0.818281,0.842873,0.789399,0.672192,0.685027,0.571523,0.551165,0.492619,0.534862,0.669683,0.588484,0.599209,0.647831,0.648015,0.674317,0.665950,0.633077,0.606616,0.558039,0.614441,0.581157,0.595333,0.618868,0.612022,0.588319,0.419644,0.234013,0.166666,0.216764,0.220948,0.183915,0.444217,0.314027
0.574560,0.574560,0.587907,0.556144,0.567360,0.687159,0.806375,0.638739,0.433116,0.363002,0.590747,0.585193,0.632981,0.602998,0.414564,0.278632,0.224381,0.323967,0.343202,0.345417,0.309018,0.285844,0.329515,0.664869,0.742038,0.799954,0.477773,0.207925,0.160635,0.141733,0.484851,0.809477,0.786960,0.678100,0.685790,0.559732,0.565149,0.594801,0.707391,0.781745,0.828692,0.762164,0.475582,0.601338,0.632689,0.627720,0.627056,0.620039,0.573207,0.353426,0.310120,0.364733,0.467005,0.425715,0.482071,0.394196,0.386461,0.280782,0.348905,0.098005,0.401144,0.472564,0.571884,0.631859,0.426058
0.569066,0.569066,0.578414,0.578777,0.536479,0.771835,0.856285,0.635307,0.395686,0.393028,0.433764,0.343673,0.300731,0.290143,0.226053,0.247311,0.215246,0.309420,0.349053,0.379221,0.261090,0.207242,0.202503,0.549056,0.741628,0.730110,0.389353,0.140044,0.236388,0.181259,0.495045,0.664584,0.556991,0.597485,0.616688,0.550159,0.613846,0.769903,0.873740,0.837911,0.686798,0.456874,0.313970,0.336811,0.421467,0.396296,0.376775,0.312989,0.326330,0.183624,0.158436,0.218079,0.236264,0.208318,0.208293,0.159312,0.053983,0.116199,0.279198,0.159458,0.353906,0.512459,0.582475,0.574002,0.515243
0.607583,0.607583,0.539628,0.508949,0.563911,0.739992,0.781043,0.621032,0.419545,0.495473,0.468180,0.361380,0.326491,0.326329,0.385484,0.428504,0.486860,0.479276,0.387588,0.302974,0.259465,0.249255,0.229616,0.400207,0.769842,0.712308,0.456212,0.394270,0.353631,0.185532,0.218811,0.353351,0.586603,0.571111,0.620938,0.762576,0.869964,0.789116,0.722845,0.634542,0.433928,0.321546,0.209726,0.169600,0.178121,0.208663,0.217928,0.138678,0.175003,0.151744,0.112922,0.192611,0.134113,0.129759,0.070955,0.076993,0.221676,0.334669,0.144830,0.100214,0.372388,0.516383,0.497978,0.511427,0.315720
0.551280,0.551280,0.476820,0.437447,0.498231,0.571784,0.507035,0.387660,0.599988,0.461496,0.491042,0.421441,0.435339,0.383334,0.427498,0.487003,0.456631,0.358390,0.292064,0.256267,0.216714,0.256997,0.232539,0.277105,0.555767,0.492621,0.405141,0.279415,0.237551,0.242947,0.315731,0.550660,0.698734,0.790770,0.848848,0.825700,0.757697,0.715923,0.557132,0.446062,0.333208,0.209039,0.204125,0.228553,0.205364,0.232936,0.158330,0.136563,0.197453,0.179831,0.117241,0.220563,0.146927,0.120062,0.111709,0.120441,0.422972,0.504308,0.170133,0.069892,0.247491,0.529142,0.299231,0.213515,0.130047
0.493929,0.493929,0.562666,0.649538,0.725825,0.870161,0.651035,0.311578,0.526332,0.341544,0.347706,0.312670,0.191987,0.195321,0.180778,0.197294,0.153809,0.157538,0.146379,0.131809,0.139437,0.182928,0.224720,0.219047,0.398838,0.421860,0.425632,0.426673,0.459413,0.625543,0.756085,0.837859,0.860107,0.781271,0.795482,0.692533,0.610461,0.570917,0.357927,0.243117,0.210056,0.201638,0.223190,0.208585,0.223062,0.188308,0.166714,0.163143,0.151174,0.140543,0.193590,0.268864,0.164849,0.144293,0.134224,0.223564,0.369566,0.536780,0.195774,0.094082,0.127650,0.229959,0.097396,0.094852,0.090345
0.471492,0.471492,0.652164,0.680833,0.729470,0.762801,0.665398,0.449875,0.530876,0.398202,0.277007,0.310078,0.277098,0.232126,0.220715,0.200983,0.257049,0.240996,0.246603,0.229715,0.327286,0.453347,0.502126,0.481406,0.549456,0.713022,0.629014,0.674167,0.801805,0.699248,0.812267,0.724333,0.669452,0.634857,0.678850,0.630406,0.529699,0.315733,0.194860,0.198369,0.213242,0.186374,0.188513,0.200190,0.196155,0.139436,0.230986,0.131187,0.088406,0.132192,0.088921,0.122895,0.124200,0.020084,0.402151,0.254746,0.227698,0.403607,0.148810,0.156976,0.091148,0.094580,0.097102,0.088087,0.071474
0.379346,0.379346,0.495346,0.506631,0.519159,0.644938,0.613249,0.496583,0.399209,0.212535,0.238892,0.276990,0.604381,0.588130,0.576423,0.661391,0.660463,0.665204,0.624624,0.545014,0.657124,0.766580,0.788968,0.819146,0.701048,0.829800,0.575700,0.479740,0.614252,0.507018,0.603737,0.519927,0.509625,0.591200,0.578561,0.483204,0.342561,0.227386,0.149194,0.161111,0.211889,0.185610,0.157359,0.164360,0.168379,0.139035,0.164087,0.126642,0.093612,0.175336,0.190591,0.143803,0.148963,0.251723,0.364806,0.252191,0.153866,0.434917,0.287107,0.247322,0.173416,0.080112,0.081931,0.063707,0.100758
0.533850,0.533850,0.542682,0.569453,0.618637,0.555518,0.423633,0.220826,0.160606,0.143649,0.203044,0.152414,0.602152,0.625206,0.699444,0.743983,0.808245,0.824657,0.803342,0.619655,0.713624,0.776899,0.745918,0.634976,0.467722,0.628128,0.545180,0.327668,0.486790,0.530932,0.521096,0.488987,0.482714,0.433524,0.291046,0.222718,0.158368,0.181207,0.163541,0.229096,0.151465,0.183626,0.158959,0.158576,0.186200,0.148626,0.172070,0.171621,0.125572,0.168175,0.187196,0.130554,0.310046,0.404623,0.204763,0.178998,0.124550,0.311514,0.315889,0.208877,0.152179,0.083198,0.110387,0.105864,0.039483
0.504760,0.504760,0.542259,0.406565,0.384748,0.305905,0.221914,0.150718,0.164763,0.125307,0.120166,0.147162,0.497510,0.682812,0.587702,0.723195,0.773653,0.733777,0.670634,0.484513,0.343241,0.472156,0.409892,0.337169,0.312591,0.265938,0.471722,0.305869,0.377230,0.380831,0.384833,0.369122,0.332983,0.308579,0.201572,0.123896,0.173241,0.191244,0.173254,0.173999,0.123493,0.157695,0.157607,0.155252,0.159100,0.168287,0.202355,0.165401,0.150635,0.150389,0.183906,0.127264,0.352024,0.340056,0.142656,0.111457,0.117740,0.109626,0.234588,0.188236,0.152382,0.094976,0.025201,0.075627,0.060822
0.573084,0.573084,0.459400,0.147933,0.243392,0.142489,0.171804,0.128983,0.137565,0.103739,0.160080,0.224095,0.345651,0.435642,0.306612,0.365676,0.332751,0.323244,0.281407,0.328749,0.224412,0.224624,0.179105,0.185217,0.230188,0.132960,0.429875,0.362171,0.329115,0.280859,0.297607,0.293419,0.297287,0.219268,0.216021,0.167744,0.170529,0.165089,0.160202,0.156873,0.188849,0.150193,0.152546,0.156326,0.189328,0.212927,0.275962,0.193898,0.161716,0.171235,0.160619,0.218582,0.428012,0.267353,0.152799,0.104007,0.128914,0.128277,0.284474,0.192392,0.144224,0.124186,0.052074,0.087363,0.071305
0.584677,0.584677,0.490256,0.347465,0.372212,0.370248,0.310004,0.310838,0.300467,0.301289,0.362094,0.358475,0.364075,0.417241,0.269367,0.159197,0.169552,0.139454,0.127654,0.213051,0.186285,0.127497,0.094196,0.179194,0.214200,0.137947,0.345292,0.317972,0.301996,0.215202,0.187206,0.190569,0.218524,0.177723,0.177403,0.153572,0.133778,0.173861,0.136068,0.133319,0.142829,0.147855,0.136768,0.133822,0.172558,0.183885,0.181137,0.200585,0.155691,0.148316,0.217221,0.103712,0.340430,0.388378,0.251498,0.123462,0.112769,0.081154,0.203470,0.233150,0.109562,0.090106,0.074531,0.089701,0.115928
0.539785,0.539785,0.571772,0.583291,0.596754,0.692503,0.625232,0.594632,0.572113,0.467636,0.487446,0.506163,0.485842,0.442972,0.285315,0.175115,0.097630,0.159588,0.117503,0.208081,0.190201,0.147208,0.108100,0.167171,0.182253,0.175459,0.415717,0.144705,0.254041,0.308682,0.224065,0.145529,0.166375,0.125510,0.132688,0.149182,0.140681,0.162309,0.120267,0.143670,0.105767,0.110291,0.090020,0.143142,0.199118,0.244245,0.219755,0.161913,0.172173,0.150783,0.163954,0.101429,0.394558,0.525875,0.246862,0.090925,0.088155,0.104742,0.137123,0.254113,0.138986,0.104559,0.105059,0.073869,0.111326
0.566365,0.566365,0.560985,0.562645,0.619996,0.666528,0.676179,0.525883,0.482764,0.489827,0.473790,0.448849,0.492389,0.415678,0.352585,0.278570,0.218847,0.240320,0.265297,0.306359,0.341769,0.289754,0.291253,0.437559,0.371310,0.496774,0.330551,0.339455,0.435103,0.492324,0.244292,0.130635,0.148743,0.112342,0.139239,0.135402,0.092746,0.143001,0.145140,0.109972,0.151100,0.141323,0.165122,0.154001,0.208441,0.179543,0.270332,0.213315,0.145488,0.117549,0.152391,0.110418,0.268315,0.350570,0.179162,0.175424,0.283033,0.193795,0.133778,0.215582,0.135576,0.134235,0.141821,0.152859,0.098229
0.530715,0.530715,0.557176,0.546325,0.566758,0.573104,0.525930,0.494852,0.480014,0.455774,0.484694,0.405237,0.384023,0.412242,0.510038,0.576986,0.379173,0.454251,0.428745,0.476289,0.512987,0.538207,0.492648,0.558045,0.556984,0.482250,0.297837,0.507672,0.585785,0.458081,0.300335,0.165410,0.153926,0.125014,0.156533,0.125175,0.163658,0.135645,0.144956,0.149500,0.145347,0.150748,0.149468,0.162478,0.148742,0.186531,0.208627,0.174517,0.216379,0.217302,0.164690,0.121049,0.190651,0.245110,0.237551,0.216403,0.211210,0.232116,0.263518,0.426289,0.228768,0.291782,0.307644,0.322122,0.365061
0.508510,0.508510,0.540509,0.528489,0.581606,0.618440,0.565450,0.468089,0.477003,0.495956,0.458694,0.442036,0.461541,0.496113,0.528445,0.469806,0.494315,0.566526,0.504989,0.526692,0.532978,0.574731,0.551725,0.510915,0.433123,0.430130,0.530586,0.492020,0.520979,0.427163,0.307075,0.293975,0.307084,0.256503,0.273388,0.305620,0.322358,0.303063,0.248911,0.262977,0.285479,0.289882,0.250938,0.252977,0.250204,0.298141,0.294934,0.310906,0.395007,0.353017,0.362759,0.400484,0.453387,0.432441,0.471674,0.496311,0.534009,0.445044,0.476880,0.472893,0.459399,0.458898,0.446421,0.476213,0.475727
0.519652,0.519652,0.556359,0.589939,0.594721,0.541744,0.517857,0.522535,0.555724,0.528573,0.568863,0.480492,0.471750,0.513476,0.579640,0.579397,0.618422,0.657922,0.613743,0.635472,0.656063,0.651108,0.639823,0.621860,0.599431,0.618292,0.646616,0.601624,0.609288,0.629814,0.619031,0.600115,0.589945,0.642658,0.600493,0.581420,0.621325,0.551320,0.579277,0.532849,0.557444,0.543435,0.558236,0.555733,0.571287,0.469351,0.513140,0.543398,0.499797,0.486221,0.497933,0.559610,0.568677,0.571922,0.571995,0.530598,0.465997,0.530934,0.539098,0.477889,0.515012,0.514324,0.464999,0.487898,0.518268
0.543914,0.543914,0.560639,0.536348,0.570734,0.590063,0.613768,0.584503,0.613084,0.551475,0.559024,0.484205,0.564603,0.569229,0.551338,0.584472,0.551099,0.605253,0.613413,0.606077,0.616102,0.629654,0.637750,0.593307,0.578459,0.604648,0.602571,0.605490,0.585605,0.580382,0.584001,0.551599,0.571840,0.583595,0.545595,0.563253,0.608579,0.613461,0.609978,0.594294,0.494698,0.519401,0.533321,0.537661,0.576770,0.538803,0.595757,0.559955,0.598790,0.580196,0.556834,0.514521,0.528584,0.551697,0.604121,0.504633,0.565904,0.492513,0.533312,0.542912,0.547389,0.491315,0.539057,0.529179,0.499807
0.539763,0.539763,0.502682,0.568171,0.572859,0.593825,0.530344,0.561455,0.548301,0.588631,0.584365,0.490518,0.549437,0.535429,0.554409,0.518290,0.540900,0.553858,0.549206,0.537204,0.525463,0.550894,0.576772,0.530598,0.518805,0.549820,0.619423,0.551290,0.466534,0.553169,0.547624,0.511043,0.530590,0.561140,0.533431,0.553958,0.549241,0.565671,0.590076,0.533580,0.462748,0.502583,0.490828,0.502855,0.459470,0.521902,0.506220,0.503762,0.514290,0.511785,0.518371,0.600529,0.502562,0.418941,0.382634,0.428999,0.424397,0.469849,0.488815,0.503943,0.487107,0.496281,0.543360,0.526794,0.508767
0.667250,0.667250,0.642297,0.608814,0.622962,0.613481,0.591178,0.624474,0.545135,0.561652,0.561337,0.556319,0.573517,0.564552,0.562126,0.565260,0.498925,0.566995,0.518654,0.494219,0.540513,0.530738,0.564247,0.553662,0.497921,0.541568,0.554394,0.519671,0.557401,0.556883,0.526877,0.541954,0.556735,0.583409,0.609556,0.613369,0.562447,0.621552,0.587690,0.576854,0.552576,0.516530,0.534610,0.519407,0.533844,0.570025,0.566814,0.551869,0.595115,0.569616,0.480857,0.538996,0.530691,0.546873,0.501099,0.509289,0.470692,0.494631,0.520111,0.512131,0.517801,0.522971,0.532389,0.587083,0.481667
0.591405,0.591405,0.545542,0.558463,0.570490,0.614416,0.631453,0.556541,0.545839,0.574547,0.590009,0.615954,0.596424,0.548405,0.612583,0.539539,0.573302,0.557618,0.640187,0.642240,0.567502,0.566167,0.610200,0.607609,0.596083,0.567833,0.608046,0.596741,0.577990,0.649474,0.636220,0.610567,0.623484,0.614260,0.614184,0.625876,0.614280,0.635519,0.592325,0.555232,0.552700,0.596529,0.547397,0.573006,0.552579,0.561442,0.603691,0.566896,0.551717,0.541782,0.592283,0.604975,0.541618,0.513023,0.557215,0.549460,0.474840,0.532546,0.541226,0.512603,0.505887,0.541955,0.531051,0.552754,0.483740
0.547290,0.547290,0.506788,0.555682,0.587164,0.570737,0.555182,0.569839,0.589364,0.568113,0.542908,0.529240,0.546866,0.496162,0.508927,0.531178,0.569423,0.593995,0.575029,0.586926,0.562329,0.561077,0.533945,0.560844,0.555473,0.509748,0.540454,0.534515,0.605806,0.627559,0.566344,0.590447,0.602608,0.616668,0.573093,0.606242,0.596706,0.561521,0.554192,0.591685,0.601406,0.566438,0.586162,0.594201,0.609478,0.586787,0.542467,0.573720,0.567989,0.575619,0.521540,0.579021,0.543792,0.574386,0.547497,0.523798,0.558586,0.542383,0.548404,0.456287,0.500215,0.479571,0.494544,0.499831,0.563044
0.495843,0.495843,0.498644,0.492223,0.551427,0.549756,0.571284,0.620200,0.583539,0.604739,0.549761,0.549982,0.529869,0.536013,0.588275,0.603702,0.499629,0.497445,0.550529,0.538137,0.523782,0.568180,0.512677,0.537039,0.558646,0.577221,0.545119,0.511450,0.561995,0.589082,0.566405,0.576376,0.552840,0.583981,0.600259,0.599978,0.605983,0.564096,0.542069,0.577782,0.555781,0.505661,0.544374,0.531957,0.516553,0.528611,0.563213,0.523683,0.487687,0.464096,0.537591,0.533768,0.497192,0.612547,0.519732,0.490734,0.484868,0.519053,0.592715,0.491224,0.448632,0.473971,0.418253,0.509249,0.532828
0.496664,0.496664,0.536614,0.532254,0.566581,0.578682,0.537001,0.549211,0.581778,0.539219,0.527823,0.508994,0.495351,0.536802,0.554658,0.532256,0.523933,0.557434,0.542501,0.546167,0.502100,0.503879,0.543732,0.595231,0.578493,0.567977,0.563005,0.557423,0.540256,0.546430,0.638691,0.604735,0.549355,0.641052,0.557740,0.565688,0.642839,0.609717,0.639384,0.638169,0.580838,0.535665,0.539120,0.558663,0.492228,0.517537,0.518409,0.539407,0.595217,0.616315,0.578005,0.545069,0.468784,0.492414,0.431980,0.518963,0.572364,0.542509,0.567638,0.557382,0.553042,0.542066,0.514945,0.442837,0.448584
0.568104,0.568104,0.543507,0.512879,0.549122,0.570312,0.532672,0.496909,0.541685,0.583044,0.565263,0.515266,0.568609,0.571291,0.550855,0.549757,0.506110,0.506149,0.497535,0.534773,0.501578,0.535290,0.553289,0.538265,0.515659,0.520235,0.595122,0.568710,0.539367,0.510092,0.577836,0.555012,0.536022,0.571336,0.554793,0.522604,0.560964,0.583604,0.588307,0.563063,0.589474,0.584192,0.570233,0.557514,0.528499,0.566163,0.530824,0.565429,0.605547,0.636278,0.593855,0.548758,0.498115,0.547312,0.522936,0.560169,0.574890,0.568055,0.567881,0.582806,0.564354,0.556990,0.607476,0.566027,0.571935
0.510676,0.510676,0.472541,0.538821,0.567254,0.576669,0.622933,0.555342,0.536048,0.581639,0.517186,0.529751,0.552399,0.500240,0.486729,0.559190,0.508368,0.533381,0.541500,0.543497,0.577146,0.580344,0.491979,0.417265,0.494577,0.561376,0.594751,0.557626,0.565860,0.554307,0.575140,0.554461,0.568868,0.612901,0.574226,0.595895,0.532022,0.589975,0.596317,0.577233,0.569095,0.574582,0.583089,0.512114,0.484398,0.520798,0.631884,0.614751,0.506242,0.505076,0.475082,0.480372,0.471798,0.474614,0.594338,0.549774,0.535913,0.534973,0.504302,0.474750,0.492678,0.523288,0.575114,0.550455,0.519316
0.536332,0.536332,0.536360,0.560047,0.512646,0.553481,0.573365,0.587274,0.579181,0.605317,0.556112,0.568054,0.579386,0.616738,0.578830,0.546964,0.577253,0.561751,0.558143,0.509924,0.606160,0.546352,0.567553,0.599525,0.612768,0.567882,0.611886,0.548635,0.545716,0.567192,0.598934,0.615875,0.588237,0.616316,0.616019,0.597298,0.607797,0.592976,0.590298,0.521258,0.481544,0.497959,0.518626,0.394636,0.411311,0.509968,0.543860,0.519215,0.483623,0.428542,0.370477,0.391560,0.356496,0.366444,0.442984,0.476857,0.420894,0.390961,0.391087,0.372525,0.417355,0.409299,0.451096,0.420665,0.494315
0.559102,0.559102,0.553362,0.547685,0.602372,0.540931,0.568947,0.566913,0.600238,0.582409,0.544567,0.576657,0.561994,0.600309,0.579059,0.500672,0.536533,0.508041,0.551034,0.521047,0.577623,0.574291,0.595066,0.557377,0.519740,0.578481,0.584418,0.566929,0.552565,0.601223,0.565819,0.494628,0.489106,0.548950,0.586301,0.533484,0.562725,0.529044,0.532377,0.544813,0.497773,0.565399,0.550980,0.545518,0.515398,0.412417,0.478160,0.552968,0.488236,0.460442,0.444331,0.439294,0.423229,0.374346,0.416935,0.360032,0.366079,0.341198,0.364327,0.373205,0.351352,0.364313,0.351340,0.340275,0.378922
0.560721,0.560721,0.576592,0.547924,0.608899,0.614714,0.631772,0.583221,0.543249,0.574504,0.605234,0.554448,0.588201,0.567834,0.541138,0.535938,0.575426,0.545586,0.555123,0.613547,0.574409,0.603066,0.594839,0.572584,0.600339,0.578361,0.572843,0.602552,0.570625,0.550404,0.525228,0.529520,0.549846,0.580753,0.597498,0.580758,0.505732,0.500910,0.514011,0.580865,0.570779,0.535117,0.530514,0.551572,0.541329,0.333719,0.518411,0.554771,0.456910,0.455302,0.497318,0.488304,0.498419,0.474193,0.396287,0.346223,0.439336,0.413086,0.372576,0.454249,0.405070,0.414628,0.434085,0.354151,0.361460
0.546622,0.546622,0.588574,0.579677,0.539426,0.463599,0.537375,0.497336,0.527956,0.521583,0.532455,0.476731,0.441630,0.466029,0.508499,0.476704,0.479259,0.406543,0.489645,0.530998,0.526935,0.554974,0.572383,0.583134,0.568656,0.587081,0.556655,0.596170,0.589316,0.564190,0.609169,0.590064,0.596510,0.558195,0.574678,0.563143,0.530716,0.506941,0.463282,0.513795,0.477540,0.531374,0.488178,0.474609,0.549391,0.476726,0.505282,0.542606,0.515267,0.445028,0.446866,0.435867,0.461019,0.457420,0.424611,0.466487,0.482020,0.462442,0.413344,0.523103,0.514687,0.503082,0.404008,0.387382,0.362800
0.546573,0.546573,0.507358,0.551252,0.556373,0.574141,0.576276,0.542532,0.641602,0.652574,0.662797,0.606813,0.572833,0.541243,0.498301,0.528850,0.496204,0.534581,0.528131,0.609539,0.600405,0.615408,0.530167,0.532742,0.573828,0.612922,0.614230,0.654366,0.645634,0.657510,0.648063,0.614453,0.582230,0.557573,0.612827,0.670543,0.653218,0.600444,0.643527,0.645521,0.563046,0.615353,0.525028,0.525497,0.501594,0.556036,0.596823,0.578784,0.569378,0.557984,0.577780,0.538141,0.580074,0.552141,0.525712,0.512059,0.558986,0.571948,0.526734,0.635031,0.600892,0.528338,0.477318,0.450408,0.450596