0.468796,0.468796,0.474358,0.556770,0.488159,0.487601,0.560643,0.488265,0.503637,0.506176,0.460556,0.502310,0.535909,0.498871,0.546120,0.520285,0.559430,0.539014,0.531594,0.525217,0.478400,0.487709,0.559536,0.532134,0.537568,0.551404,0.538518,0.539607,0.564343,0.513966,0.512580,0.517638,0.531291,0.503151,0.472116,0.591942,0.555905,0.545861,0.575095,0.618459,0.529957,0.600335,0.612458,0.608975,0.619998,0.627584,0.610369,0.579864,0.625429,0.650846,0.651509,0.608626,0.620078,0.616197,0.658320,0.677567,0.719009,0.677514,0.684167,0.617036,0.607940,0.633597,0.637623,0.674279,0.571990
0.492320,0.492320,0.513440,0.544868,0.537086,0.517907,0.494349,0.542524,0.526891,0.504704,0.545010,0.525852,0.537477,0.522807,0.572228,0.558995,0.508668,0.548648,0.505736,0.557051,0.543138,0.583042,0.541472,0.522120,0.525133,0.517620,0.550102,0.570728,0.539039,0.501243,0.586011,0.562521,0.599229,0.508653,0.491321,0.508168,0.521653,0.536888,0.590084,0.632021,0.635369,0.589376,0.591930,0.565588,0.566270,0.603859,0.568109,0.596642,0.611693,0.610150,0.586511,0.607931,0.594667,0.614827,0.686346,0.652246,0.665659,0.617680,0.647348,0.653896,0.644612,0.661299,0.647333,0.611586,0.675388
0.495112,0.495112,0.550910,0.502171,0.514474,0.538766,0.528998,0.505994,0.564883,0.539277,0.519285,0.536783,0.605769,0.623224,0.603772,0.613468,0.620129,0.562937,0.529042,0.604581,0.551564,0.543962,0.564615,0.529858,0.506487,0.546067,0.599878,0.679921,0.591792,0.570689,0.561492,0.704285,0.713561,0.657677,0.553509,0.658107,0.547934,0.517106,0.539439,0.649359,0.607417,0.565448,0.530191,0.623470,0.582524,0.593565,0.627572,0.557835,0.539480,0.503095,0.616653,0.615494,0.536546,0.522397,0.595380,0.591247,0.636743,0.630685,0.610715,0.616815,0.648476,0.610792,0.609522,0.650656,0.643783
0.455712,0.455712,0.514230,0.496215,0.555475,0.532247,0.491990,0.517956,0.543788,0.553243,0.538570,0.619325,0.639949,0.641742,0.637655,0.684817,0.706239,0.632225,0.612925,0.640319,0.613302,0.589931,0.574440,0.581140,0.561510,0.657590,0.746068,0.751100,0.706643,0.693573,0.676802,0.711179,0.758674,0.749749,0.545761,0.640655,0.752463,0.555673,0.567854,0.640631,0.598989,0.557802,0.569376,0.613199,0.560845,0.572357,0.610068,0.602082,0.551841,0.538441,0.555321,0.543902,0.380987,0.495900,0.564596,0.557905,0.522439,0.605936,0.597415,0.589033,0.530100,0.564399,0.596156,0.584602,0.532105
0.524107,0.524107,0.477093,0.540797,0.514442,0.536478,0.523907,0.555354,0.511279,0.543668,0.550017,0.623567,0.647168,0.668351,0.665998,0.725798,0.675937,0.718684,0.698814,0.649021,0.654882,0.628039,0.692279,0.696543,0.671700,0.697068,0.797291,0.789996,0.757841,0.780928,0.753543,0.810561,0.777457,0.762915,0.668825,0.607811,0.726895,0.655784,0.569052,0.640382,0.620357,0.560438,0.566181,0.538718,0.536582,0.595297,0.579214,0.585765,0.565238,0.541927,0.577437,0.429363,0.484378,0.537650,0.574639,0.520670,0.568924,0.538337,0.548009,0.568304,0.511218,0.455421,0.560152,0.543541,0.547462
0.490575,0.490575,0.500546,0.491288,0.583824,0.571884,0.601392,0.550906,0.543764,0.518496,0.551994,0.633795,0.684047,0.673950,0.687535,0.672679,0.715511,0.664670,0.670078,0.648355,0.640373,0.688126,0.722421,0.749469,0.678570,0.731938,0.715341,0.707359,0.706344,0.723569,0.709764,0.711939,0.753988,0.717686,0.711448,0.567346,0.765154,0.626353,0.548320,0.655659,0.658146,0.599832,0.575834,0.555852,0.558749,0.557501,0.555355,0.567671,0.567278,0.559236,0.484427,0.472537,0.503764,0.592055,0.579572,0.555949,0.557291,0.551395,0.584799,0.605602,0.578472,0.512320,0.551111,0.540836,0.541784
0.486721,0.486721,0.493291,0.465937,0.541208,0.660085,0.666042,0.628737,0.671374,0.605884,0.564553,0.627450,0.644464,0.628389,0.691775,0.624595,0.618849,0.687380,0.664656,0.646502,0.677149,0.697017,0.724139,0.717144,0.701879,0.723945,0.753451,0.730772,0.795857,0.736539,0.721417,0.775329,0.771418,0.675638,0.748901,0.563943,0.599320,0.657256,0.592428,0.609185,0.669665,0.601285,0.563652,0.565244,0.529554,0.575803,0.594621,0.557344,0.523824,0.498052,0.408942,0.544520,0.583106,0.550554,0.565125,0.547928,0.553813,0.603352,0.555266,0.557411,0.580712,0.574226,0.584805,0.580443,0.542414
0.491644,0.491644,0.489140,0.514706,0.640672,0.695615,0.715430,0.732209,0.692142,0.596396,0.562217,0.559205,0.618458,0.628476,0.619827,0.649143,0.656252,0.645338,0.661332,0.642640,0.681516,0.723514,0.663931,0.623972,0.719308,0.742215,0.686820,0.775650,0.694457,0.763780,0.741602,0.752774,0.775417,0.748937,0.750957,0.638787,0.517625,0.635262,0.586227,0.626359,0.733831,0.560173,0.572369,0.567078,0.579369,0.552801,0.554724,0.525938,0.595484,0.459301,0.459446,0.607463,0.660005,0.631192,0.566499,0.600029,0.611287,0.638648,0.662699,0.653951,0.609788,0.616051,0.593145,0.593404,0.544185
0.500143,0.500143,0.494090,0.542053,0.656614,0.622666,0.724073,0.717355,0.677114,0.700923,0.637555,0.642883,0.614672,0.643851,0.676495,0.655892,0.585929,0.649790,0.638651,0.635589,0.663926,0.609838,0.673414,0.588818,0.705372,0.697566,0.769994,0.732726,0.695682,0.732828,0.666488,0.713506,0.718443,0.681904,0.659232,0.697243,0.552454,0.625071,0.561536,0.564508,0.663589,0.574768,0.557995,0.519968,0.536141,0.561313,0.581705,0.582906,0.496329,0.451948,0.579841,0.617985,0.689269,0.752386,0.661464,0.639019,0.644284,0.680408,0.688902,0.539131,0.593821,0.568745,0.573231,0.613743,0.644862
0.566036,0.566036,0.569855,0.588073,0.644815,0.647825,0.765560,0.738220,0.719695,0.691863,0.647370,0.632035,0.692643,0.680832,0.668152,0.620764,0.617586,0.615057,0.659750,0.605499,0.605952,0.586932,0.686026,0.602846,0.639568,0.685074,0.679578,0.648560,0.674695,0.674334,0.719843,0.678403,0.674943,0.644250,0.616474,0.636039,0.453018,0.538351,0.648770,0.600454,0.382830,0.574712,0.599395,0.599910,0.551617,0.575933,0.566407,0.564071,0.393997,0.574830,0.646302,0.656350,0.651525,0.654121,0.663394,0.673990,0.676995,0.660346,0.641665,0.613638,0.633935,0.624846,0.602069,0.648807,0.564385
0.578156,0.578156,0.577502,0.597972,0.638651,0.700622,0.743485,0.730147,0.676212,0.660369,0.650759,0.691622,0.727500,0.659464,0.668050,0.642695,0.633682,0.658707,0.622704,0.623750,0.580443,0.552453,0.616074,0.515107,0.570376,0.670675,0.588970,0.621992,0.606663,0.657188,0.593763,0.592384,0.645116,0.606495,0.603691,0.603225,0.485270,0.427532,0.614990,0.650285,0.397652,0.489768,0.568012,0.602965,0.560783,0.586457,0.559572,0.462121,0.507390,0.619413,0.631862,0.618329,0.638702,0.472326,0.608328,0.653347,0.670170,0.688062,0.622095,0.607503,0.639259,0.614707,0.619525,0.547883,0.484650
0.527909,0.527909,0.557667,0.569023,0.654247,0.652889,0.716329,0.679091,0.691062,0.627108,0.667811,0.614885,0.695239,0.724270,0.656462,0.628546,0.585396,0.628644,0.575708,0.577307,0.524137,0.559678,0.563698,0.510607,0.494618,0.558182,0.587556,0.638082,0.608154,0.572507,0.589205,0.608549,0.564240,0.542584,0.601975,0.610261,0.586897,0.446924,0.660670,0.541585,0.452249,0.532415,0.593107,0.595344,0.613648,0.544270,0.533668,0.472090,0.570564,0.601498,0.548780,0.621907,0.662186,0.473187,0.516504,0.635307,0.690108,0.638927,0.633188,0.653594,0.608590,0.658478,0.657554,0.566413,0.572068
0.532336,0.532336,0.510672,0.559296,0.587048,0.663067,0.586563,0.583518,0.578402,0.565841,0.575716,0.627623,0.598593,0.591449,0.633971,0.653189,0.643873,0.557499,0.595800,0.550150,0.581889,0.561271,0.564124,0.487775,0.462483,0.604643,0.536968,0.619866,0.630112,0.555575,0.559923,0.564865,0.571864,0.592641,0.567867,0.609740,0.610602,0.439242,0.542276,0.580922,0.410610,0.520822,0.599593,0.559331,0.569643,0.589701,0.462744,0.537233,0.593821,0.620417,0.457108,0.533562,0.631539,0.528961,0.497407,0.633908,0.609166,0.650176,0.619863,0.611240,0.619248,0.603525,0.563289,0.491546,0.606820
0.517192,0.517192,0.576290,0.532397,0.549754,0.588285,0.581547,0.568060,0.549952,0.536055,0.553889,0.596472,0.608605,0.611494,0.556657,0.612995,0.652715,0.565212,0.524616,0.552032,0.537642,0.608876,0.573578,0.589578,0.514407,0.578732,0.598413,0.617624,0.586329,0.596692,0.600802,0.610538,0.677083,0.612458,0.575748,0.622957,0.634671,0.571328,0.508804,0.608943,0.446876,0.492405,0.564058,0.590197,0.592201,0.485320,0.484970,0.580418,0.540421,0.599305,0.543638,0.541188,0.563295,0.536896,0.520409,0.605756,0.597382,0.583280,0.588222,0.585503,0.611879,0.590824,0.450244,0.564337,0.607058
0.521625,0.521625,0.556264,0.541049,0.553842,0.567141,0.540131,0.569344,0.532495,0.541553,0.544364,0.548280,0.565175,0.597578,0.573431,0.582378,0.568614,0.559531,0.587154,0.587629,0.577256,0.569323,0.607787,0.527291,0.425961,0.598240,0.570132,0.576390,0.625304,0.578903,0.592104,0.691892,0.663016,0.589870,0.630258,0.637980,0.650503,0.639324,0.395925,0.575898,0.440099,0.513743,0.594829,0.571236,0.599917,0.468034,0.583516,0.605302,0.612597,0.608334,0.564630,0.431369,0.588929,0.480840,0.449173,0.587538,0.539179,0.539523,0.606682,0.583882,0.618647,0.498472,0.516871,0.544664,0.567218
0.529503,0.529503,0.533271,0.494050,0.568090,0.565282,0.568094,0.560444,0.576231,0.525679,0.585774,0.545943,0.541333,0.598825,0.553109,0.593330,0.590711,0.590999,0.630590,0.650436,0.650607,0.584005,0.582286,0.551478,0.514762,0.531437,0.620011,0.617517,0.610126,0.643370,0.597226,0.684579,0.617347,0.633806,0.646975,0.710770,0.668106,0.665761,0.541847,0.521402,0.401309,0.447271,0.604478,0.567380,0.480636,0.564420,0.570295,0.582409,0.590657,0.631767,0.560676,0.391003,0.574735,0.474791,0.518937,0.551799,0.572348,0.559038,0.530439,0.543550,0.532456,0.428053,0.590943,0.497032,0.447389
0.537183,0.537183,0.571194,0.549068,0.553855,0.603825,0.501837,0.554673,0.546946,0.570058,0.567732,0.571273,0.555881,0.593494,0.597363,0.613435,0.658140,0.613722,0.619607,0.617345,0.646362,0.602515,0.631572,0.561825,0.567601,0.587720,0.603607,0.601788,0.605616,0.672193,0.640973,0.627714,0.655560,0.567628,0.638408,0.705248,0.643268,0.563664,0.657202,0.531832,0.571365,0.597384,0.611385,0.544225,0.494883,0.566116,0.551336,0.545579,0.596970,0.612054,0.569568,0.418814,0.545087,0.499374,0.476986,0.576363,0.521643,0.514623,0.527320,0.548591,0.487905,0.491806,0.427924,0.370748,0.376042
0.569386,0.569386,0.603645,0.537905,0.557786,0.573644,0.524711,0.557391,0.535739,0.560498,0.565016,0.590494,0.528179,0.616307,0.584291,0.679325,0.587646,0.649946,0.654839,0.596131,0.622184,0.496923,0.557746,0.627183,0.547579,0.577332,0.586364,0.594057,0.603351,0.609170,0.582439,0.631937,0.607878,0.623844,0.648003,0.633536,0.601354,0.659813,0.700349,0.636517,0.506755,0.573035,0.644948,0.468978,0.588560,0.483430,0.527814,0.591898,0.582367,0.545251,0.555170,0.426996,0.460417,0.494688,0.488385,0.573971,0.559963,0.552864,0.495005,0.487642,0.464778,0.538954,0.484888,0.260868,0.435382
0.537592,0.537592,0.637698,0.572598,0.510632,0.560784,0.590445,0.588085,0.555880,0.591580,0.584823,0.618689,0.679620,0.586205,0.589084,0.538471,0.591552,0.615222,0.671875,0.612996,0.594525,0.494980,0.478525,0.573994,0.636871,0.604230,0.571246,0.631904,0.638209,0.620099,0.477390,0.616786,0.582166,0.567402,0.664386,0.594922,0.652561,0.732544,0.693886,0.710483,0.404813,0.566420,0.573406,0.546457,0.591770,0.535963,0.559601,0.573423,0.604054,0.573286,0.582470,0.515225,0.447634,0.548142,0.483074,0.545432,0.582097,0.561185,0.549154,0.427551,0.501886,0.499074,0.410399,0.359471,0.425898
0.556790,0.556790,0.580860,0.582658,0.598012,0.546547,0.557712,0.587053,0.605568,0.608943,0.655322,0.650560,0.651398,0.656534,0.626188,0.639092,0.615871,0.595259,0.570619,0.615309,0.614653,0.436480,0.454049,0.559964,0.603033,0.594405,0.564672,0.613231,0.584614,0.607128,0.519174,0.606699,0.552839,0.640244,0.670056,0.778755,0.656167,0.648445,0.513039,0.543731,0.295096,0.445746,0.369473,0.539280,0.561190,0.545431,0.561433,0.562537,0.546031,0.612295,0.575291,0.562375,0.441994,0.526414,0.520913,0.577155,0.504995,0.600176,0.491978,0.446047,0.505405,0.456494,0.487221,0.497385,0.418816
0.576171,0.576171,0.548168,0.627588,0.614140,0.581004,0.606954,0.581726,0.505804,0.648164,0.605572,0.641208,0.643806,0.711200,0.654476,0.652376,0.634816,0.619158,0.649524,0.625164,0.533567,0.426381,0.372450,0.462444,0.589910,0.614864,0.613543,0.636417,0.581454,0.576261,0.560371,0.588716,0.679007,0.651347,0.660929,0.729720,0.697606,0.487534,0.332395,0.432013,0.269707,0.233561,0.333754,0.421256,0.471246,0.563636,0.576188,0.558406,0.474591,0.558347,0.522945,0.607135,0.439012,0.506907,0.470859,0.570398,0.621801,0.531834,0.499200,0.504974,0.517242,0.543055,0.545012,0.585887,0.464237
0.574169,0.574169,0.581950,0.582377,0.594409,0.560459,0.551416,0.545539,0.579836,0.616170,0.613968,0.577696,0.589708,0.611506,0.627839,0.599031,0.590663,0.663802,0.614783,0.610124,0.491054,0.425082,0.429447,0.497341,0.529434,0.602368,0.589434,0.626117,0.573702,0.577382,0.624267,0.586628,0.609361,0.638835,0.758253,0.798841,0.811912,0.505663,0.302953,0.452291,0.374184,0.160823,0.383197,0.419465,0.420848,0.566765,0.577417,0.568481,0.553018,0.521348,0.577746,0.581280,0.485605,0.442648,0.497020,0.562482,0.526083,0.413731,0.535782,0.527585,0.528792,0.524511,0.526691,0.519911,0.541207
0.547091,0.547091,0.594885,0.592249,0.596459,0.576806,0.591232,0.600062,0.617947,0.642536,0.588997,0.602378,0.606505,0.619471,0.566763,0.636438,0.550607,0.612030,0.619277,0.570437,0.720880,0.660409,0.577430,0.589200,0.606760,0.580263,0.631079,0.625871,0.579386,0.565927,0.631734,0.579445,0.482127,0.491292,0.788329,0.759343,0.793733,0.511738,0.314603,0.446741,0.356654,0.252973,0.341802,0.313704,0.429303,0.572218,0.658729,0.585726,0.578937,0.566747,0.587638,0.550921,0.575162,0.337766,0.465233,0.531834,0.515886,0.496941,0.568624,0.534462,0.564075,0.528432,0.493719,0.498984,0.566936
0.546095,0.546095,0.546785,0.578881,0.638299,0.614615,0.624676,0.646091,0.637698,0.610199,0.571319,0.631740,0.541472,0.560480,0.573745,0.573721,0.616271,0.610907,0.574738,0.562964,0.768909,0.745948,0.518111,0.578241,0.555244,0.600708,0.613457,0.619083,0.576040,0.590974,0.596387,0.613171,0.560200,0.489998,0.583848,0.744541,0.812587,0.525999,0.371939,0.483719,0.361133,0.277135,0.389284,0.432008,0.483226,0.623614,0.598036,0.626078,0.642995,0.550845,0.539510,0.612082,0.595472,0.384485,0.552227,0.538264,0.484260,0.550885,0.553758,0.532128,0.586847,0.543739,0.551468,0.626405,0.587406
0.586699,0.586699,0.555661,0.626237,0.664243,0.619830,0.716055,0.662863,0.596818,0.593348,0.548791,0.647779,0.605864,0.529635,0.579973,0.604747,0.584486,0.607792,0.599090,0.581346,0.774734,0.785730,0.561313,0.633699,0.581329,0.538928,0.611160,0.601561,0.570946,0.599959,0.593043,0.636347,0.671178,0.551309,0.609121,0.816798,0.828571,0.524769,0.303196,0.314920,0.458916,0.241925,0.441487,0.416881,0.338197,0.418306,0.360926,0.316277,0.329750,0.243628,0.326348,0.338245,0.262775,0.308772,0.354153,0.283986,0.405383,0.552521,0.539969,0.553297,0.495050,0.491893,0.577094,0.632278,0.602340
0.551431,0.551431,0.577802,0.598457,0.615845,0.584283,0.616411,0.578198,0.611964,0.606678,0.596723,0.627234,0.590553,0.603850,0.604933,0.604156,0.628154,0.627173,0.603603,0.612353,0.717206,0.762922,0.605131,0.567639,0.673404,0.556660,0.595057,0.624630,0.543739,0.620255,0.592385,0.601717,0.644676,0.610261,0.798223,0.867392,0.859259,0.520759,0.250522,0.345366,0.436351,0.350951,0.308581,0.192490,0.229332,0.220605,0.245413,0.296467,0.249379,0.292627,0.308392,0.317256,0.289238,0.379742,0.266811,0.193574,0.270330,0.482427,0.530396,0.483945,0.461272,0.487193,0.535643,0.609434,0.703418
0.565668,0.565668,0.627985,0.540211,0.542593,0.601243,0.568039,0.601238,0.600693,0.645423,0.607882,0.581418,0.627878,0.624205,0.619256,0.572515,0.623745,0.600950,0.640063,0.587826,0.786470,0.745894,0.585501,0.535246,0.664860,0.573554,0.561326,0.577772,0.560871,0.625270,0.597135,0.549926,0.518064,0.635785,0.849932,0.827437,0.730332,0.488865,0.382939,0.373748,0.353470,0.474849,0.436761,0.457194,0.474595,0.482507,0.436031,0.378567,0.395526,0.389833,0.379404,0.416604,0.424845,0.390163,0.409008,0.369492,0.404518,0.436173,0.476623,0.508007,0.438274,0.450421,0.524784,0.656312,0.620355
0.565068,0.565068,0.575339,0.509174,0.590844,0.649854,0.624036,0.611567,0.625740,0.630151,0.600031,0.634325,0.626097,0.604800,0.607572,0.605938,0.654743,0.625603,0.411127,0.482492,0.679694,0.707331,0.613785,0.448726,0.514449,0.365944,0.455158,0.465831,0.452408,0.489780,0.535760,0.455897,0.498668,0.599466,0.594593,0.486222,0.453934,0.431834,0.431770,0.537027,0.715192,0.801456,0.605324,0.498984,0.572245,0.462284,0.321835,0.352022,0.267816,0.229909,0.214228,0.278440,0.362569,0.340359,0.425034,0.425328,0.372644,0.482461,0.511422,0.420379,0.437728,0.475315,0.521992,0.636426,0.656920
0.569566,0.569566,0.559849,0.569044,0.585122,0.641823,0.668805,0.658081,0.652014,0.653656,0.592399,0.607750,0.616276,0.606369,0.561420,0.567897,0.583381,0.517327,0.303697,0.332354,0.528226,0.626795,0.691650,0.374388,0.447950,0.380960,0.376839,0.325623,0.373282,0.490088,0.559430,0.563468,0.421910,0.320052,0.381749,0.410332,0.531075,0.561653,0.663061,0.791604,0.833351,0.827944,0.571379,0.478365,0.553650,0.465494,0.382776,0.457692,0.443096,0.486266,0.389181,0.486340,0.403973,0.397111,0.396139,0.463536,0.444618,0.398337,0.463646,0.483897,0.385945,0.412834,0.444248,0.575638,0.503932
0.601235,0.601235,0.565504,0.575525,0.564350,0.578548,0.607860,0.603593,0.617434,0.630064,0.627153,0.662175,0.613491,0.630402,0.627989,0.591147,0.567319,0.455441,0.327929,0.306833,0.542268,0.652541,0.634623,0.573885,0.402489,0.411679,0.313894,0.318521,0.495063,0.551905,0.625275,0.657041,0.605371,0.496145,0.459918,0.562655,0.676207,0.752346,0.767565,0.807723,0.819407,0.854652,0.556949,0.525095,0.524541,0.615087,0.579648,0.485925,0.529271,0.532040,0.535158,0.582945,0.413491,0.444849,0.435053,0.444868,0.450737,0.254400,0.399884,0.333465,0.606749,0.512987,0.426219,0.166187,0.203578
0.592932,0.592932,0.631075,0.541235,0.602631,0.621638,0.640676,0.668047,0.650750,0.675891,0.638095,0.604545,0.630987,0.629898,0.626985,0.562585,0.609272,0.513110,0.569920,0.508642,0.445795,0.458182,0.403730,0.536567,0.323642,0.286217,0.374270,0.477379,0.601706,0.552570,0.505276,0.411437,0.430525,0.584279,0.671341,0.763339,0.764283,0.811332,0.776867,0.853779,0.867675,0.835411,0.524745,0.445937,0.458268,0.340439,0.249587,0.237227,0.157952,0.184752,0.204255,0.245565,0.211588,0.180749,0.125701,0.098577,0.113451,0.212013,0.412388,0.497475,0.418820,0.257966,0.196384,0.146988,0.126260
0.579962,0.579962,0.548116,0.551713,0.577953,0.648242,0.768168,0.800965,0.709969,0.676418,0.598487,0.664034,0.614985,0.579323,0.626334,0.592927,0.489074,0.548135,0.569414,0.610490,0.479040,0.498976,0.417337,0.536094,0.284554,0.295249,0.354174,0.450008,0.392297,0.398544,0.447436,0.679987,0.775006,0.858643,0.789585,0.809760,0.774894,0.775604,0.782751,0.773228,0.589963,0.470394,0.308042,0.110429,0.124842,0.114525,0.146151,0.118310,0.228882,0.237514,0.365717,0.240019,0.164745,0.201914,0.148648,0.167725,0.160548,0.262480,0.380603,0.191932,0.223039,0.154310,0.110265,0.128987,0.158086
0.621162,0.621162,0.590876,0.533521,0.629452,0.681418,0.801663,0.747669,0.465435,0.530127,0.611902,0.614528,0.635128,0.642509,0.592286,0.474221,0.519027,0.493043,0.492253,0.487993,0.469700,0.364637,0.347059,0.390058,0.302346,0.404226,0.392950,0.335181,0.279246,0.223644,0.529670,0.883867,0.854366,0.805456,0.809179,0.823914,0.854171,0.699248,0.647558,0.531600,0.404994,0.424728,0.328762,0.292465,0.406721,0.418780,0.547801,0.588601,0.562471,0.595599,0.535359,0.581882,0.608369,0.611261,0.553456,0.582933,0.564350,0.472203,0.304564,0.163380,0.144712,0.136528,0.068702,0.097971,0.148063
0.544231,0.544231,0.585015,0.603326,0.604714,0.731498,0.726214,0.709243,0.433562,0.326866,0.599803,0.632054,0.592743,0.628512,0.490524,0.377569,0.467459,0.444544,0.406973,0.379016,0.388103,0.394265,0.405807,0.520984,0.566978,0.686081,0.411454,0.176535,0.219143,0.129759,0.374561,0.805545,0.821381,0.847709,0.792625,0.673471,0.689882,0.569008,0.547520,0.483887,0.529724,0.679391,0.592203,0.604091,0.655471,0.654680,0.682865,0.673296,0.638467,0.611461,0.558127,0.620695,0.581828,0.598410,0.624166,0.616947,0.592989,0.419764,0.233207,0.168617,0.218659,0.220359,0.178803,0.450091,0.314650
0.574841,0.574841,0.589858,0.553659,0.565810,0.689088,0.811318,0.642464,0.428770,0.358385,0.596134,0.586787,0.642462,0.608840,0.414326,0.277085,0.225256,0.320647,0.340772,0.343261,0.307884,0.285157,0.324260,0.676874,0.744716,0.803251,0.476811,0.211909,0.160445,0.141071,0.482129,0.817903,0.791514,0.678679,0.691409,0.556436,0.562804,0.594246,0.711358,0.785717,0.833016,0.769234,0.468434,0.606666,0.639412,0.633315,0.632476,0.625310,0.575926,0.353641,0.306537,0.364209,0.466570,0.423940,0.483196,0.393458,0.388289,0.278421,0.352614,0.087362,0.404730,0.471443,0.574531,0.642043,0.420343
0.568258,0.568258,0.579119,0.580592,0.530062,0.775895,0.863706,0.638914,0.389707,0.390959,0.429993,0.340909,0.294987,0.286140,0.225484,0.250146,0.211488,0.308052,0.346742,0.381482,0.261419,0.210594,0.199353,0.549565,0.745603,0.733790,0.383017,0.134166,0.242831,0.182063,0.496601,0.674450,0.551755,0.599163,0.619603,0.544849,0.612901,0.772633,0.882518,0.841250,0.689764,0.451146,0.310903,0.335278,0.422827,0.396430,0.377307,0.308917,0.326316,0.182302,0.157373,0.222872,0.241998,0.210808,0.210556,0.158047,0.043023,0.108618,0.286948,0.160508,0.352545,0.509563,0.584944,0.574432,0.514392
0.611894,0.611894,0.536783,0.503430,0.563065,0.745473,0.786385,0.626184,0.411296,0.493918,0.464589,0.359260,0.324026,0.323746,0.386744,0.425785,0.488415,0.480321,0.387870,0.302252,0.262291,0.254040,0.232168,0.399566,0.774222,0.719817,0.451180,0.397408,0.355273,0.186386,0.218490,0.347542,0.590012,0.568194,0.619931,0.763632,0.876309,0.791499,0.725461,0.638952,0.429123,0.321053,0.213128,0.167981,0.175481,0.211401,0.223375,0.134518,0.175585,0.151476,0.107593,0.198431,0.130017,0.126959,0.061571,0.068957,0.221940,0.340103,0.141100,0.092438,0.373718,0.514207,0.494932,0.514352,0.313392
0.550300,0.550300,0.469945,0.429224,0.489956,0.569226,0.498615,0.381328,0.608993,0.455188,0.490164,0.420229,0.438572,0.382500,0.428516,0.489006,0.458740,0.359687,0.292717,0.260745,0.221927,0.262764,0.237159,0.274536,0.557523,0.487585,0.403782,0.276504,0.237020,0.239231,0.315578,0.549557,0.702514,0.796222,0.853657,0.828761,0.760040,0.721219,0.555876,0.444029,0.334227,0.211652,0.208852,0.235429,0.210313,0.240803,0.158049,0.133880,0.204878,0.185130,0.111532,0.227271,0.146053,0.116446,0.109002,0.115646,0.427656,0.507793,0.169465,0.059497,0.249315,0.535394,0.296376,0.215362,0.125048
0.488266,0.488266,0.561731,0.655798,0.728232,0.875585,0.657580,0.304454,0.526732,0.336958,0.347157,0.311429,0.188524,0.196213,0.178022,0.196832,0.149481,0.155401,0.143850,0.127031,0.135812,0.180953,0.223407,0.215067,0.396648,0.414990,0.420160,0.421658,0.454804,0.630147,0.755161,0.842196,0.866266,0.783106,0.799841,0.694567,0.611743,0.572903,0.358966,0.244562,0.213652,0.206824,0.229718,0.213614,0.229550,0.192048,0.168275,0.165674,0.151390,0.138556,0.201261,0.277622,0.166665,0.144984,0.129960,0.228211,0.369312,0.541368,0.197607,0.088164,0.124017,0.237540,0.088799,0.089406,0.086167
0.464725,0.464725,0.662699,0.688229,0.735093,0.766776,0.672698,0.442862,0.531706,0.399363,0.274885,0.310862,0.277254,0.227249,0.215811,0.192575,0.257977,0.236181,0.245085,0.224431,0.331541,0.452698,0.500505,0.479066,0.546543,0.721923,0.633509,0.684392,0.806669,0.704170,0.817931,0.727261,0.672188,0.636635,0.684311,0.635776,0.529501,0.312331,0.194938,0.203218,0.219255,0.189823,0.192368,0.206166,0.201811,0.136568,0.240714,0.127432,0.082637,0.130106,0.081501,0.118516,0.121457,0.015774,0.405631,0.255498,0.229541,0.405792,0.145318,0.158645,0.084946,0.088891,0.093769,0.084569,0.064650
0.374743,0.374743,0.489412,0.499017,0.510110,0.651810,0.617747,0.496708,0.400330,0.213513,0.244610,0.276706,0.613658,0.592447,0.577469,0.667319,0.664429,0.670511,0.628169,0.542267,0.662963,0.769231,0.793280,0.823239,0.707158,0.835886,0.574126,0.472577,0.618924,0.497554,0.606750,0.513626,0.502365,0.594719,0.580727,0.482523,0.344595,0.231729,0.147822,0.161189,0.219222,0.189721,0.157595,0.165699,0.170437,0.136981,0.165306,0.123056,0.088007,0.180199,0.198187,0.142927,0.147802,0.254528,0.367957,0.256148,0.153136,0.440943,0.289438,0.253743,0.178397,0.074428,0.077738,0.054135,0.099274
0.532785,0.532785,0.540465,0.570853,0.626401,0.556171,0.424603,0.221567,0.157758,0.141962,0.210517,0.152948,0.609602,0.627016,0.708570,0.746384,0.813180,0.828435,0.807453,0.621501,0.721125,0.781749,0.751900,0.639648,0.457981,0.634660,0.544692,0.322049,0.483902,0.530437,0.518561,0.485704,0.480795,0.432618,0.286003,0.226319,0.155978,0.184337,0.164788,0.237893,0.150439,0.188586,0.159932,0.159437,0.192012,0.147978,0.175029,0.175875,0.121961,0.170796,0.192438,0.126721,0.313125,0.409355,0.205680,0.182100,0.119844,0.313652,0.318164,0.213558,0.152210,0.078016,0.109650,0.104819,0.024490
0.498192,0.498192,0.542336,0.406341,0.385002,0.303320,0.225578,0.149649,0.167598,0.122096,0.115260,0.147279,0.496234,0.696820,0.587006,0.729598,0.778421,0.737018,0.677385,0.481184,0.340046,0.472346,0.410860,0.336797,0.310675,0.259583,0.473087,0.302683,0.377758,0.380365,0.384636,0.369076,0.330362,0.308174,0.205000,0.117833,0.176907,0.196923,0.176268,0.176647,0.118461,0.158714,0.158627,0.155845,0.159590,0.170402,0.207806,0.166812,0.150830,0.149905,0.189348,0.122309,0.353256,0.342084,0.139245,0.106807,0.114866,0.101763,0.241609,0.191907,0.152883,0.091123,0.012047,0.070921,0.052644
0.574778,0.574778,0.457154,0.142411,0.249373,0.137805,0.173342,0.123774,0.134401,0.096097,0.160670,0.225876,0.342433,0.433386,0.300453,0.368444,0.331514,0.319854,0.276629,0.329080,0.227562,0.229269,0.177260,0.185412,0.237377,0.128469,0.432778,0.361191,0.327546,0.280172,0.298524,0.294363,0.299735,0.223398,0.222656,0.170484,0.173543,0.166471,0.161517,0.157530,0.196382,0.149839,0.153002,0.157227,0.194775,0.218921,0.283665,0.198543,0.163099,0.174823,0.160670,0.224583,0.432269,0.265919,0.152085,0.099121,0.127058,0.125746,0.292898,0.195956,0.143422,0.122857,0.040295,0.084473,0.064814
0.587267,0.587267,0.486283,0.345800,0.372355,0.372523,0.311505,0.314282,0.302233,0.303256,0.363604,0.357763,0.362137,0.417306,0.269981,0.156208,0.170098,0.135887,0.122972,0.218676,0.190058,0.122860,0.087490,0.183347,0.221200,0.135185,0.344417,0.319157,0.303676,0.217607,0.188269,0.193200,0.224735,0.180311,0.180720,0.153839,0.130584,0.178099,0.133625,0.130607,0.141865,0.148102,0.135243,0.131013,0.175148,0.186564,0.182072,0.207551,0.155884,0.147512,0.225870,0.094526,0.338066,0.390647,0.255782,0.119733,0.110219,0.074240,0.209749,0.240667,0.103693,0.085659,0.069035,0.086025,0.114276
0.536027,0.536027,0.572809,0.586648,0.599918,0.705916,0.629652,0.600010,0.575588,0.463448,0.485114,0.504964,0.483634,0.441661,0.286473,0.177398,0.089344,0.161535,0.111336,0.213106,0.192701,0.145963,0.101444,0.167215,0.183128,0.171528,0.420368,0.139124,0.256739,0.310915,0.228855,0.143857,0.168388,0.121561,0.129790,0.149427,0.139854,0.164469,0.115991,0.143873,0.100507,0.106480,0.083797,0.142518,0.204758,0.251951,0.224681,0.161842,0.175972,0.151035,0.165701,0.093553,0.397877,0.531168,0.247623,0.083832,0.081408,0.100384,0.134730,0.263439,0.136868,0.100522,0.102302,0.066325,0.109112
0.566558,0.566558,0.559944,0.561232,0.623689,0.672945,0.686640,0.520955,0.476765,0.486575,0.468760,0.442776,0.490941,0.413444,0.350864,0.278278,0.219872,0.241499,0.266554,0.307124,0.342537,0.289665,0.290402,0.438861,0.369342,0.502490,0.327514,0.339170,0.431896,0.495176,0.243406,0.126124,0.148793,0.108087,0.137987,0.133712,0.086217,0.142464,0.145082,0.104649,0.152298,0.140161,0.168811,0.154236,0.216101,0.180198,0.277361,0.220059,0.143587,0.112121,0.153087,0.104999,0.271617,0.353999,0.178552,0.178739,0.293456,0.199529,0.129464,0.217809,0.131843,0.130921,0.139771,0.153536,0.090141
0.527207,0.527207,0.556508,0.543750,0.565809,0.572298,0.520277,0.490291,0.475876,0.448873,0.482380,0.402317,0.380972,0.408054,0.507830,0.583177,0.375393,0.453121,0.424976,0.474117,0.511045,0.538283,0.489267,0.559014,0.558921,0.480316,0.290281,0.507527,0.591469,0.453707,0.303023,0.165953,0.153653,0.120390,0.157413,0.119764,0.166161,0.131739,0.143571,0.149184,0.143601,0.150136,0.148442,0.163849,0.146971,0.189501,0.212667,0.174597,0.218359,0.221029,0.165376,0.114629,0.188595,0.247730,0.238115,0.213997,0.206740,0.232542,0.261696,0.430123,0.223881,0.293964,0.310016,0.323504,0.367321
0.503069,0.503069,0.538082,0.523602,0.582503,0.623717,0.566155,0.460525,0.471281,0.492231,0.451703,0.437199,0.457067,0.492380,0.526052,0.460734,0.489215,0.567636,0.498853,0.523077,0.528564,0.575301,0.549761,0.504878,0.425288,0.422228,0.530929,0.485352,0.516929,0.421907,0.305208,0.294347,0.310250,0.254387,0.272917,0.308549,0.325798,0.305736,0.246691,0.263072,0.286071,0.291227,0.249842,0.253003,0.248714,0.299906,0.295078,0.311779,0.397175,0.351216,0.363063,0.401013,0.452628,0.428097,0.470311,0.495845,0.536497,0.440620,0.476013,0.468772,0.457325,0.455953,0.442862,0.474437,0.472328
0.515256,0.515256,0.555195,0.593074,0.597741,0.537581,0.511692,0.518592,0.555161,0.524670,0.571010,0.475882,0.465138,0.508208,0.581769,0.580532,0.623179,0.666178,0.616544,0.641182,0.663541,0.657187,0.645292,0.626343,0.603193,0.622831,0.654332,0.604475,0.612795,0.636548,0.625261,0.605906,0.593664,0.652037,0.606357,0.584040,0.628661,0.549689,0.583213,0.531116,0.559151,0.543040,0.559581,0.556406,0.574550,0.464608,0.511259,0.543584,0.494916,0.482615,0.493657,0.560842,0.569792,0.573299,0.572992,0.528456,0.456784,0.529989,0.537827,0.471463,0.511675,0.511951,0.458151,0.483150,0.515634
0.541610,0.541610,0.560792,0.531922,0.570478,0.592032,0.618994,0.585632,0.618119,0.548694,0.558499,0.478196,0.565800,0.570062,0.548615,0.586903,0.547707,0.608100,0.616775,0.608613,0.619122,0.634035,0.643610,0.594928,0.578622,0.607759,0.604043,0.608764,0.587207,0.580433,0.585192,0.549119,0.572004,0.584491,0.542222,0.562166,0.611937,0.617271,0.613070,0.598540,0.488703,0.515685,0.530697,0.534656,0.578958,0.535820,0.600775,0.558807,0.603687,0.582388,0.556620,0.507799,0.525165,0.550660,0.610488,0.498711,0.568827,0.486797,0.531191,0.541504,0.546770,0.485541,0.537759,0.526845,0.494487
0.536293,0.536293,0.494186,0.568470,0.572191,0.596570,0.524449,0.560298,0.545003,0.591263,0.586872,0.483948,0.547883,0.531508,0.553488,0.512132,0.538776,0.551880,0.547002,0.534215,0.520437,0.548513,0.577303,0.526183,0.513968,0.547008,0.624968,0.549455,0.456198,0.552284,0.545688,0.504974,0.526657,0.560508,0.528999,0.552040,0.546301,0.564071,0.592336,0.529687,0.454492,0.498091,0.485184,0.498224,0.450137,0.518551,0.499392,0.497517,0.507989,0.505531,0.513434,0.606681,0.497244,0.412789,0.377067,0.424477,0.418754,0.464409,0.483614,0.499019,0.481447,0.490967,0.541783,0.522850,0.504530
0.676037,0.676037,0.650018,0.611646,0.627431,0.616308,0.592350,0.630796,0.541646,0.560638,0.560030,0.554759,0.573888,0.564323,0.560851,0.566144,0.491279,0.568072,0.512600,0.486682,0.538462,0.526554,0.563572,0.552238,0.490734,0.539032,0.552269,0.513508,0.557246,0.555095,0.521595,0.539085,0.554947,0.584205,0.613066,0.617087,0.560120,0.626056,0.588498,0.577960,0.551785,0.510912,0.532510,0.514783,0.531338,0.570819,0.566752,0.549743,0.599373,0.570840,0.472939,0.535782,0.527572,0.546804,0.496693,0.506001,0.465520,0.489935,0.517028,0.507709,0.514527,0.519572,0.528769,0.591320,0.475922
0.593026,0.593026,0.542021,0.556920,0.569231,0.617694,0.638080,0.553736,0.542685,0.575002,0.592141,0.620760,0.599586,0.545393,0.618548,0.535411,0.574691,0.554858,0.648117,0.650293,0.566626,0.565603,0.614564,0.611246,0.599900,0.567504,0.612456,0.600460,0.577221,0.656902,0.642836,0.613519,0.627741,0.616916,0.617012,0.629714,0.617104,0.641775,0.594357,0.552834,0.550006,0.601070,0.544064,0.573899,0.550146,0.559892,0.608111,0.566304,0.549292,0.537889,0.596513,0.609374,0.538721,0.506414,0.557147,0.548783,0.467486,0.530535,0.539199,0.508888,0.500542,0.540768,0.528020,0.552261,0.477907
0.545656,0.545656,0.500641,0.555090,0.589501,0.570301,0.552502,0.569245,0.591894,0.567402,0.539754,0.524527,0.545122,0.489877,0.501739,0.527104,0.569888,0.597755,0.574259,0.588288,0.561603,0.560362,0.529806,0.560109,0.554086,0.502538,0.537558,0.530305,0.609576,0.632273,0.564221,0.591957,0.605134,0.620378,0.571500,0.608989,0.598723,0.559648,0.551932,0.594265,0.605322,0.565604,0.588283,0.596801,0.614015,0.589081,0.538224,0.574705,0.568351,0.577811,0.515299,0.580676,0.541069,0.575433,0.545455,0.519704,0.559484,0.539935,0.546999,0.448014,0.496977,0.473880,0.490774,0.493587,0.563992
0.490664,0.490664,0.493540,0.485793,0.549811,0.547030,0.571350,0.625538,0.583520,0.609208,0.547455,0.548894,0.526712,0.533101,0.591355,0.609127,0.492856,0.490225,0.549238,0.534856,0.519357,0.569570,0.506645,0.533464,0.557421,0.578927,0.542639,0.504977,0.561244,0.591003,0.564911,0.576574,0.550115,0.584044,0.603468,0.602366,0.608677,0.562870,0.537783,0.578079,0.554010,0.498738,0.542222,0.528036,0.511366,0.524634,0.563948,0.519422,0.481056,0.454330,0.535536,0.530648,0.490633,0.619330,0.516093,0.485513,0.478057,0.514044,0.597446,0.486185,0.441108,0.469505,0.411672,0.506629,0.530722
0.490690,0.490690,0.534685,0.529491,0.566703,0.580134,0.533279,0.546826,0.583728,0.535028,0.524073,0.503822,0.488860,0.533960,0.553345,0.528143,0.520513,0.557796,0.540148,0.544634,0.496685,0.497420,0.541397,0.599340,0.579567,0.567893,0.562163,0.556647,0.537170,0.543206,0.646635,0.608253,0.545804,0.649833,0.555143,0.564497,0.650705,0.612143,0.646095,0.645083,0.581488,0.532067,0.535897,0.558756,0.486218,0.513164,0.513563,0.536264,0.598811,0.620990,0.578580,0.543240,0.461520,0.486837,0.424109,0.515370,0.574090,0.539309,0.567404,0.556417,0.552263,0.540193,0.511665,0.435220,0.441646
0.569192,0.569192,0.541893,0.507090,0.546913,0.570627,0.528703,0.490088,0.538835,0.585114,0.565848,0.509617,0.569709,0.572391,0.549377,0.548331,0.500716,0.500560,0.491282,0.532531,0.495082,0.532520,0.552738,0.536292,0.510762,0.514357,0.598747,0.568644,0.536403,0.503187,0.578543,0.553058,0.532083,0.570686,0.553273,0.516667,0.559770,0.584243,0.589210,0.560885,0.591568,0.585852,0.570207,0.556893,0.525431,0.567371,0.525958,0.564663,0.609119,0.643557,0.596979,0.547433,0.493078,0.547187,0.518892,0.559945,0.575601,0.568178,0.567894,0.585204,0.564355,0.555553,0.612440,0.566218,0.573528
0.505648,0.505648,0.464348,0.536643,0.567755,0.576736,0.629154,0.553573,0.531955,0.583391,0.511058,0.526316,0.551077,0.492825,0.479474,0.559688,0.501893,0.530689,0.539296,0.541128,0.578333,0.582773,0.486015,0.408933,0.488271,0.561218,0.597334,0.555896,0.566049,0.552696,0.575516,0.551930,0.568421,0.616841,0.573413,0.599915,0.526341,0.592148,0.598768,0.578048,0.569213,0.575175,0.585543,0.508472,0.479826,0.515584,0.639947,0.620037,0.499546,0.500335,0.469667,0.476460,0.467951,0.468473,0.600381,0.548033,0.533702,0.533575,0.500501,0.469178,0.488212,0.520482,0.576750,0.549666,0.514785
0.533591,0.533591,0.533805,0.560189,0.505156,0.552046,0.572921,0.589331,0.579497,0.609164,0.554564,0.568025,0.579999,0.621764,0.580169,0.544377,0.579211,0.561553,0.557708,0.502871,0.611147,0.542507,0.567549,0.604444,0.618370,0.566479,0.616211,0.545596,0.542893,0.566501,0.601878,0.621060,0.589954,0.620015,0.619590,0.599632,0.611903,0.595191,0.593109,0.516314,0.475182,0.491400,0.515430,0.387527,0.406041,0.507459,0.541883,0.513933,0.479376,0.424302,0.367506,0.390556,0.353391,0.364475,0.437551,0.474183,0.418040,0.389496,0.390309,0.370606,0.416327,0.407061,0.447221,0.417023,0.491831
0.558315,0.558315,0.551679,0.544745,0.607212,0.536370,0.568400,0.565717,0.603944,0.583155,0.540627,0.577758,0.560156,0.603378,0.580472,0.493729,0.533638,0.501266,0.549908,0.515177,0.578338,0.574117,0.598059,0.555589,0.512384,0.579617,0.585348,0.566337,0.550047,0.605498,0.565737,0.487749,0.482086,0.546192,0.588053,0.528324,0.562792,0.525072,0.528876,0.542983,0.491112,0.566666,0.549523,0.544734,0.513521,0.409067,0.471843,0.553108,0.484228,0.455594,0.440072,0.435294,0.420558,0.371994,0.416290,0.357998,0.365109,0.337222,0.363675,0.372816,0.348265,0.363444,0.348184,0.336689,0.378606
0.559789,0.559789,0.577507,0.544453,0.612806,0.619534,0.638579,0.584886,0.539560,0.575000,0.610142,0.552519,0.591763,0.568105,0.538243,0.533600,0.577626,0.544537,0.553830,0.619298,0.574087,0.606702,0.597099,0.572027,0.604532,0.578426,0.572436,0.606140,0.570338,0.547935,0.520041,0.526021,0.547907,0.582104,0.600341,0.582740,0.499247,0.495602,0.509499,0.583398,0.572385,0.531609,0.527425,0.550942,0.540975,0.326731,0.517278,0.554839,0.449375,0.449569,0.494643,0.485132,0.495698,0.472116,0.394585,0.341366,0.437546,0.411664,0.370300,0.451807,0.402040,0.411634,0.433533,0.351321,0.360583
0.543801,0.543801,0.591442,0.581159,0.536276,0.452914,0.534554,0.490394,0.523886,0.515502,0.528190,0.469290,0.433339,0.458041,0.504631,0.470135,0.474305,0.399377,0.484388,0.526744,0.521877,0.552587,0.572542,0.584822,0.567584,0.588728,0.553851,0.598050,0.590607,0.562092,0.612951,0.591689,0.599838,0.556214,0.574506,0.561509,0.526595,0.501462,0.454323,0.508028,0.469385,0.528650,0.482750,0.466782,0.549541,0.472443,0.498946,0.540330,0.511922,0.438177,0.440516,0.429565,0.454385,0.451521,0.419432,0.463148,0.477837,0.457285,0.407827,0.520723,0.510927,0.500474,0.400145,0.386861,0.361074
0.544784,0.544784,0.500659,0.549603,0.555087,0.575494,0.577350,0.538973,0.648594,0.658865,0.670715,0.610407,0.574009,0.539487,0.492746,0.527154,0.491093,0.533621,0.524312,0.614008,0.603192,0.619934,0.525571,0.528801,0.573958,0.616118,0.616825,0.660682,0.650621,0.663942,0.653543,0.617195,0.582657,0.555494,0.615623,0.678564,0.659976,0.602557,0.650374,0.652764,0.561645,0.620705,0.520980,0.523204,0.495340,0.555541,0.600732,0.579482,0.569657,0.557430,0.580159,0.535427,0.582743,0.551171,0.523491,0.507446,0.558962,0.573537,0.522770,0.642320,0.604645,0.525204,0.473743,0.446081,0.447046