0.772831,0.772831,0.674694,0.522907,0.363855,0.353782,0.339885,0.565829,0.401456,0.125131,0.451618,0.620400,0.619082,0.579701,0.609381,0.582182,0.573761,0.482236,0.396474,0.336560,0.321373,0.543349,0.650265,0.631342,0.624895,0.631286,0.631538,0.634986,0.652509,0.426958,0.316422,0.362906,0.402436,0.410247,0.372078,0.415257,0.396273,0.632691,0.776545,0.841374,0.676437,0.560853,0.575174,0.615416,0.612251,0.523027,0.491595,0.472696,0.446327,0.342674,0.290955,0.205232,0.246125,0.432861,0.497179,0.427763,0.424827,0.404615,0.413602,0.323227,0.305222,0.384010,0.383555,0.403411,0.430045
0.790732,0.790732,0.687883,0.398361,0.386120,0.414389,0.250803,0.427920,0.456840,0.400712,0.484476,0.468679,0.398751,0.315964,0.316650,0.251431,0.148268,0.149337,0.129036,0.183585,0.275719,0.613731,0.631909,0.609207,0.605382,0.605430,0.624163,0.645752,0.630144,0.418091,0.347479,0.358302,0.383421,0.399982,0.391880,0.356503,0.379953,0.629808,0.771484,0.775040,0.631635,0.519019,0.536919,0.596157,0.517796,0.462294,0.498274,0.423950,0.248848,0.283842,0.323436,0.284350,0.195017,0.252047,0.562316,0.619356,0.414805,0.365146,0.362857,0.319642,0.312975,0.371883,0.365075,0.331052,0.492700
0.758578,0.758578,0.703660,0.240140,0.373823,0.578836,0.466675,0.269791,0.332795,0.338611,0.233656,0.134460,0.127286,0.119672,0.102793,0.097706,0.109539,0.103815,0.103641,0.200207,0.361639,0.606678,0.630515,0.610012,0.590450,0.613293,0.611825,0.643430,0.622586,0.475483,0.344092,0.392225,0.370979,0.360606,0.385998,0.395195,0.371684,0.560019,0.696250,0.765622,0.624925,0.494276,0.498922,0.636642,0.516124,0.501937,0.512080,0.299445,0.242130,0.247703,0.316655,0.294612,0.299818,0.220370,0.267287,0.649457,0.621356,0.441226,0.353276,0.317695,0.341248,0.319697,0.326991,0.351147,0.500146
0.669469,0.669469,0.550609,0.138085,0.425914,0.434741,0.130016,0.129081,0.135198,0.132757,0.111877,0.122315,0.107725,0.099293,0.099523,0.126767,0.141081,0.113704,0.162174,0.311259,0.572314,0.656484,0.612042,0.613275,0.601591,0.639485,0.656821,0.639377,0.622872,0.493875,0.371689,0.364356,0.376911,0.363292,0.384814,0.369142,0.405750,0.522929,0.667635,0.736916,0.641466,0.516923,0.544091,0.633751,0.518106,0.498424,0.454100,0.404195,0.264614,0.244447,0.328219,0.324740,0.259856,0.212431,0.174391,0.519570,0.646463,0.602420,0.394359,0.334790,0.306471,0.296080,0.315701,0.316792,0.428743
0.715865,0.715865,0.395549,0.127474,0.419577,0.414471,0.117034,0.130273,0.110083,0.119401,0.109348,0.115538,0.104746,0.106376,0.108678,0.142941,0.128146,0.232929,0.496427,0.474998,0.620289,0.622147,0.615836,0.604903,0.589380,0.613509,0.662962,0.645969,0.630400,0.519963,0.392854,0.410166,0.374407,0.374707,0.402919,0.413535,0.372913,0.543046,0.642716,0.675609,0.673553,0.587756,0.575948,0.594367,0.527719,0.453380,0.544326,0.616144,0.401234,0.193663,0.217578,0.264964,0.294160,0.256771,0.178557,0.305243,0.640509,0.638572,0.586131,0.370285,0.287681,0.234820,0.279950,0.293945,0.408436
0.650515,0.650515,0.437638,0.427764,0.626910,0.437659,0.154002,0.124616,0.124226,0.117790,0.124803,0.132909,0.122195,0.113996,0.123623,0.119062,0.161533,0.290201,0.486738,0.441656,0.586804,0.561045,0.605970,0.593889,0.555284,0.612881,0.625357,0.621735,0.608032,0.471801,0.375254,0.354396,0.364528,0.376887,0.394409,0.424534,0.430773,0.501355,0.604310,0.645023,0.709615,0.635500,0.593927,0.596266,0.484073,0.401813,0.638399,0.701614,0.616811,0.411513,0.336763,0.279118,0.246811,0.277135,0.164212,0.229812,0.557463,0.599193,0.684220,0.596770,0.375256,0.288700,0.284042,0.284003,0.410647
0.510792,0.510792,0.465283,0.434201,0.442400,0.432253,0.163291,0.137670,0.175276,0.178378,0.159074,0.141495,0.107955,0.099142,0.125430,0.104132,0.158266,0.397297,0.460527,0.437118,0.510279,0.493607,0.624906,0.621029,0.595383,0.618968,0.637460,0.632382,0.654237,0.480839,0.401294,0.427350,0.412615,0.381660,0.407544,0.377599,0.366771,0.486730,0.605396,0.558448,0.683630,0.650470,0.603821,0.625139,0.416351,0.500860,0.729857,0.751459,0.670226,0.625625,0.585040,0.435677,0.209556,0.149029,0.126701,0.176062,0.477914,0.579035,0.618754,0.651446,0.442507,0.302954,0.305209,0.301185,0.386396
0.277939,0.277939,0.148651,0.152641,0.301748,0.447058,0.204114,0.180589,0.175074,0.152361,0.147653,0.107439,0.108009,0.108494,0.093150,0.156678,0.271871,0.407664,0.414946,0.442322,0.384991,0.499069,0.603054,0.607229,0.614031,0.624291,0.602700,0.641475,0.595772,0.483138,0.387595,0.412597,0.429657,0.429539,0.417715,0.413938,0.386974,0.432259,0.597524,0.537669,0.635369,0.624356,0.615092,0.665661,0.435707,0.611342,0.739637,0.723925,0.715308,0.662607,0.566354,0.437719,0.183815,0.132955,0.101701,0.174941,0.437308,0.512569,0.584518,0.650587,0.486496,0.324507,0.305419,0.312424,0.390040
0.215381,0.215381,0.126600,0.149062,0.364518,0.439745,0.196409,0.155779,0.172502,0.189900,0.150217,0.138769,0.182365,0.343500,0.486536,0.288161,0.268836,0.385359,0.380339,0.440019,0.266608,0.445167,0.612411,0.559282,0.611573,0.596144,0.626727,0.598535,0.566698,0.489392,0.344732,0.370396,0.375967,0.369682,0.370679,0.467483,0.492165,0.482930,0.597334,0.504783,0.504281,0.631786,0.632019,0.626884,0.471702,0.660365,0.777001,0.754790,0.696218,0.632731,0.539397,0.389920,0.190639,0.151453,0.107534,0.183914,0.413048,0.477439,0.521184,0.561852,0.448517,0.403625,0.385446,0.393747,0.460739
0.235950,0.235950,0.152019,0.181526,0.412703,0.467370,0.206178,0.159503,0.200305,0.201166,0.172654,0.292016,0.525190,0.649758,0.642785,0.522613,0.369114,0.374558,0.428492,0.434580,0.187270,0.480514,0.594649,0.480726,0.485056,0.517115,0.551118,0.565367,0.636746,0.617689,0.589786,0.590814,0.629286,0.675303,0.708893,0.754746,0.763520,0.753963,0.708699,0.653744,0.592432,0.663535,0.694298,0.662729,0.509021,0.523115,0.619312,0.710915,0.658852,0.639176,0.549614,0.414726,0.222303,0.115472,0.106813,0.241795,0.420714,0.430845,0.437365,0.571034,0.387518,0.408372,0.485581,0.485443,0.497346
0.244612,0.244612,0.172405,0.205180,0.424233,0.500445,0.205353,0.217748,0.262306,0.299718,0.426614,0.619688,0.690751,0.614731,0.648647,0.465374,0.269470,0.371364,0.453049,0.373673,0.177819,0.449032,0.392136,0.364279,0.494307,0.607324,0.613243,0.690449,0.738943,0.796399,0.761959,0.781872,0.837406,0.833300,0.834488,0.828313,0.809738,0.791193,0.726029,0.734092,0.695672,0.651261,0.665576,0.659733,0.459654,0.448100,0.490879,0.620764,0.549824,0.465107,0.425550,0.362830,0.221245,0.086539,0.115216,0.295861,0.418387,0.408467,0.383561,0.432235,0.253125,0.370942,0.616874,0.551186,0.582522
0.228056,0.228056,0.177921,0.227498,0.464636,0.504551,0.291448,0.337274,0.442480,0.487775,0.626780,0.638105,0.623261,0.684098,0.439932,0.157420,0.242629,0.341790,0.459992,0.232587,0.154354,0.516670,0.601970,0.659832,0.727288,0.742999,0.787254,0.838562,0.817469,0.793269,0.809681,0.827763,0.815330,0.816555,0.843809,0.850501,0.835858,0.824141,0.780582,0.631369,0.725360,0.694495,0.651051,0.660991,0.621666,0.473517,0.529749,0.590529,0.287162,0.215697,0.302342,0.323643,0.197369,0.123990,0.125691,0.323036,0.406696,0.319415,0.321309,0.292689,0.152812,0.339447,0.648510,0.659833,0.651218
0.209221,0.209221,0.137525,0.259348,0.485234,0.587185,0.354640,0.460547,0.554660,0.644856,0.628962,0.579931,0.520029,0.274186,0.140214,0.244548,0.413105,0.352512,0.450481,0.141202,0.232676,0.551542,0.655929,0.656318,0.736114,0.805032,0.776613,0.839874,0.845076,0.804266,0.813436,0.822811,0.826620,0.842173,0.827768,0.849382,0.834292,0.800086,0.756023,0.645023,0.680286,0.702880,0.614604,0.626575,0.649670,0.609284,0.649074,0.495948,0.273496,0.331197,0.331951,0.236576,0.179716,0.153954,0.164424,0.379619,0.325472,0.251773,0.239648,0.185752,0.194493,0.268866,0.587351,0.661736,0.690045
0.183968,0.183968,0.159184,0.278822,0.488995,0.596119,0.517529,0.602199,0.639196,0.607725,0.549578,0.504544,0.263457,0.144913,0.132931,0.331930,0.534854,0.490129,0.410748,0.250884,0.382194,0.631011,0.685820,0.727362,0.800901,0.818781,0.838296,0.854236,0.842071,0.843172,0.834903,0.830758,0.845944,0.834374,0.828575,0.842845,0.827949,0.787438,0.748092,0.642667,0.706259,0.716125,0.552234,0.610704,0.644389,0.654415,0.648119,0.396674,0.313216,0.431385,0.365362,0.250748,0.217859,0.240555,0.243670,0.387189,0.275486,0.154202,0.301289,0.271909,0.218097,0.233121,0.486611,0.645178,0.651705
0.201114,0.201114,0.161452,0.330422,0.518368,0.612611,0.642858,0.697711,0.627095,0.560118,0.440132,0.181700,0.127580,0.192676,0.283184,0.383850,0.447369,0.503448,0.561190,0.643155,0.673184,0.682445,0.748901,0.762200,0.829527,0.853230,0.846211,0.856520,0.871966,0.847252,0.826412,0.853540,0.823789,0.786580,0.825488,0.821893,0.783728,0.759399,0.690369,0.643633,0.747050,0.752728,0.523016,0.573740,0.648769,0.680656,0.539833,0.361448,0.405760,0.503911,0.498023,0.397146,0.328012,0.242173,0.248396,0.340429,0.205644,0.126977,0.421112,0.384414,0.215382,0.189842,0.339481,0.548019,0.608236
0.244366,0.244366,0.184698,0.370075,0.564653,0.601288,0.598009,0.576496,0.591062,0.545445,0.338000,0.473133,0.654804,0.763607,0.735943,0.664267,0.654176,0.620434,0.668403,0.721105,0.732286,0.692971,0.779396,0.838277,0.866251,0.852514,0.864989,0.864421,0.849396,0.863288,0.842461,0.859498,0.814401,0.811037,0.810802,0.828044,0.777466,0.759730,0.737502,0.693673,0.742281,0.733908,0.516560,0.562657,0.639145,0.633770,0.360792,0.280486,0.421962,0.544875,0.492524,0.384535,0.262949,0.239419,0.325312,0.273380,0.162916,0.152938,0.438383,0.491967,0.366138,0.333944,0.428960,0.459522,0.413610
0.553203,0.553203,0.607320,0.653157,0.657998,0.658137,0.411752,0.505088,0.546919,0.588850,0.650651,0.822351,0.842076,0.846256,0.796700,0.738695,0.750190,0.726588,0.747147,0.757431,0.789367,0.779876,0.847134,0.842148,0.852583,0.857512,0.839760,0.823385,0.809685,0.839530,0.809232,0.787224,0.779331,0.707521,0.747070,0.765119,0.701134,0.658545,0.733078,0.729106,0.770233,0.805673,0.543641,0.616659,0.652003,0.538324,0.270287,0.241525,0.454499,0.463740,0.385042,0.259658,0.184813,0.246755,0.293763,0.230521,0.120205,0.148899,0.474509,0.610249,0.604134,0.576063,0.537829,0.456252,0.273869
0.701914,0.701914,0.704198,0.670511,0.685212,0.676837,0.601891,0.618177,0.620962,0.661028,0.732551,0.856645,0.818872,0.835206,0.747665,0.806009,0.775971,0.836276,0.852188,0.827228,0.848802,0.826116,0.848637,0.837065,0.793068,0.811816,0.787710,0.783501,0.779202,0.762926,0.718537,0.745701,0.716430,0.719661,0.715851,0.670963,0.647596,0.662373,0.819028,0.772126,0.687934,0.778094,0.630134,0.619272,0.617820,0.523058,0.386975,0.380457,0.430679,0.400762,0.319782,0.190994,0.169077,0.249419,0.227615,0.161445,0.119547,0.232423,0.541416,0.612684,0.576131,0.603147,0.525029,0.390307,0.311641
0.494933,0.494933,0.510610,0.493865,0.470209,0.512641,0.544613,0.572687,0.604119,0.670353,0.792795,0.858067,0.898521,0.825665,0.765865,0.695528,0.767794,0.837887,0.871352,0.835668,0.823590,0.833879,0.799415,0.769393,0.779871,0.774337,0.718384,0.745911,0.746373,0.721265,0.678470,0.694022,0.642316,0.636363,0.658248,0.617902,0.667048,0.731934,0.832452,0.790437,0.665477,0.739030,0.711085,0.613963,0.612701,0.500744,0.417495,0.334966,0.386512,0.390293,0.321868,0.229694,0.218079,0.261785,0.148187,0.116880,0.140316,0.354977,0.635361,0.563550,0.358507,0.540990,0.480901,0.496837,0.499660
0.669157,0.669157,0.641133,0.649252,0.677083,0.655701,0.650416,0.635417,0.636655,0.664519,0.699967,0.708652,0.738767,0.690237,0.670862,0.580549,0.549799,0.673567,0.824127,0.856169,0.854084,0.824425,0.826611,0.800077,0.742673,0.673065,0.642181,0.654382,0.630906,0.642590,0.654273,0.643697,0.589969,0.622116,0.594498,0.602139,0.707754,0.802158,0.794314,0.798123,0.636628,0.646738,0.723988,0.643282,0.614076,0.563987,0.472250,0.369939,0.324419,0.379382,0.283193,0.216542,0.188376,0.169724,0.128647,0.127150,0.128250,0.441380,0.679845,0.498873,0.260526,0.366003,0.550099,0.658801,0.683516
0.830147,0.830147,0.798694,0.846351,0.846034,0.849338,0.872041,0.688025,0.335454,0.450573,0.420597,0.554724,0.499492,0.539582,0.523457,0.432365,0.437947,0.515748,0.835239,0.889038,0.853305,0.855343,0.853734,0.840327,0.750246,0.625257,0.638043,0.631581,0.591316,0.614963,0.618274,0.608497,0.626775,0.613177,0.615658,0.638283,0.751334,0.752338,0.714289,0.801407,0.678386,0.614173,0.694793,0.655702,0.623520,0.645679,0.621071,0.464838,0.315337,0.263459,0.176820,0.217026,0.192762,0.152807,0.161909,0.261155,0.263277,0.483164,0.725864,0.440997,0.261678,0.322062,0.520765,0.695490,0.689032
0.868465,0.868465,0.857786,0.857808,0.862411,0.849903,0.827880,0.528188,0.331551,0.348042,0.338458,0.441392,0.423512,0.418798,0.445720,0.380688,0.498051,0.644980,0.738876,0.832914,0.831837,0.823413,0.838724,0.739708,0.571023,0.563369,0.618685,0.619440,0.584241,0.605252,0.643389,0.617555,0.621882,0.637734,0.644723,0.735332,0.821718,0.767672,0.698630,0.767918,0.765622,0.604478,0.608733,0.639474,0.589298,0.539602,0.454434,0.345016,0.245058,0.171019,0.320173,0.316927,0.167335,0.119793,0.313912,0.468898,0.347380,0.580040,0.722967,0.450600,0.296345,0.292810,0.440662,0.650893,0.765172
0.869400,0.869400,0.869209,0.855674,0.852802,0.826238,0.670364,0.397201,0.346437,0.371109,0.408084,0.517659,0.481278,0.407214,0.442749,0.590465,0.741916,0.835972,0.829771,0.816478,0.849579,0.791056,0.716720,0.600559,0.475773,0.518912,0.639370,0.630885,0.601160,0.615675,0.666436,0.635845,0.626679,0.611808,0.707859,0.775658,0.805841,0.751285,0.697987,0.726725,0.694594,0.673056,0.516692,0.585792,0.582763,0.534664,0.487792,0.308028,0.215706,0.315649,0.359687,0.168983,0.142371,0.169956,0.419040,0.571514,0.634856,0.767317,0.708861,0.469697,0.352091,0.293722,0.392029,0.610099,0.769134
0.868641,0.868641,0.837769,0.833363,0.829588,0.568418,0.382332,0.353466,0.382363,0.444948,0.506692,0.461687,0.458443,0.442545,0.632115,0.771568,0.832423,0.831948,0.818746,0.836406,0.838440,0.666454,0.543764,0.524350,0.340300,0.555805,0.636658,0.645702,0.634480,0.649446,0.642637,0.648326,0.639691,0.643731,0.757105,0.842636,0.777604,0.708561,0.694307,0.755303,0.678142,0.710755,0.619868,0.500111,0.588456,0.548418,0.544868,0.525623,0.492808,0.366194,0.140762,0.187299,0.273752,0.365255,0.526370,0.712167,0.791684,0.777398,0.647035,0.436080,0.348271,0.278692,0.307213,0.398721,0.593205
0.802529,0.802529,0.790006,0.842517,0.833751,0.431665,0.404489,0.410332,0.404448,0.436021,0.445417,0.416975,0.528817,0.659968,0.804515,0.837947,0.826769,0.845596,0.855114,0.810862,0.699984,0.590322,0.505351,0.496046,0.279922,0.576514,0.647890,0.639071,0.632076,0.638239,0.636461,0.661415,0.671331,0.669842,0.751755,0.827998,0.759104,0.686081,0.662251,0.685147,0.751757,0.670230,0.643291,0.601288,0.541208,0.531206,0.551753,0.559611,0.508292,0.281746,0.311419,0.411517,0.319768,0.377102,0.445737,0.703909,0.794935,0.759177,0.632586,0.508109,0.314893,0.241554,0.312148,0.464417,0.584764
0.696211,0.696211,0.763559,0.823444,0.797771,0.469437,0.448310,0.448616,0.478846,0.470654,0.452295,0.512375,0.721148,0.838999,0.841178,0.853869,0.879407,0.889692,0.823614,0.647507,0.542658,0.532615,0.541047,0.386732,0.275473,0.586681,0.637716,0.652994,0.630586,0.632086,0.630607,0.636245,0.672593,0.661688,0.699679,0.787164,0.759546,0.673432,0.660668,0.709023,0.699043,0.631886,0.572348,0.567201,0.614982,0.512073,0.449222,0.484992,0.398924,0.321140,0.322074,0.345529,0.395557,0.358007,0.304956,0.590233,0.715622,0.706068,0.653600,0.578646,0.413339,0.289634,0.347240,0.514376,0.641137
0.793737,0.793737,0.841552,0.805334,0.748008,0.613169,0.501268,0.495584,0.498898,0.530918,0.615650,0.752429,0.851513,0.869486,0.874140,0.857545,0.884482,0.822767,0.625179,0.507364,0.551903,0.503690,0.532873,0.317741,0.222134,0.583549,0.621740,0.620735,0.620077,0.635095,0.627576,0.625350,0.653544,0.712551,0.729983,0.687935,0.672729,0.732734,0.715292,0.676290,0.674237,0.621749,0.576418,0.583506,0.529525,0.523200,0.508306,0.475273,0.452788,0.433528,0.434834,0.408142,0.305005,0.244629,0.249884,0.304111,0.580172,0.601710,0.640949,0.681680,0.646777,0.415453,0.388755,0.551719,0.589924
0.868711,0.868711,0.858694,0.769913,0.666679,0.602135,0.518634,0.487608,0.560367,0.715256,0.847067,0.872528,0.872934,0.872471,0.876377,0.874301,0.817349,0.626929,0.486651,0.482362,0.534777,0.518979,0.524824,0.292080,0.192754,0.547740,0.633970,0.619162,0.619138,0.623065,0.626317,0.596139,0.677895,0.740989,0.717572,0.684047,0.599313,0.575036,0.617389,0.691437,0.707292,0.652283,0.677447,0.650142,0.680661,0.631422,0.608300,0.592415,0.498962,0.422168,0.322550,0.280509,0.264146,0.249583,0.284591,0.258908,0.302377,0.570595,0.677052,0.684225,0.671036,0.579828,0.471382,0.536064,0.596791
0.873326,0.873326,0.783819,0.646284,0.573841,0.597994,0.586126,0.702524,0.857896,0.872798,0.860021,0.870450,0.874746,0.866679,0.838151,0.734401,0.530761,0.500158,0.523834,0.476510,0.499639,0.503004,0.540305,0.227048,0.218304,0.545406,0.617808,0.596390,0.586081,0.605955,0.615214,0.608216,0.642595,0.728718,0.734519,0.639685,0.588367,0.454813,0.316608,0.382076,0.519037,0.606072,0.624173,0.599688,0.613180,0.549711,0.481289,0.477984,0.421467,0.402456,0.297583,0.313549,0.265707,0.265414,0.240778,0.296376,0.323246,0.416713,0.606283,0.700732,0.612392,0.565933,0.547861,0.587249,0.638418
0.754000,0.754000,0.593632,0.566764,0.545781,0.535857,0.715434,0.852239,0.874538,0.870115,0.881796,0.888541,0.875635,0.866911,0.763147,0.551572,0.486267,0.482368,0.478693,0.431962,0.512543,0.518384,0.458136,0.178255,0.176629,0.559290,0.601049,0.594923,0.562129,0.583260,0.605368,0.603049,0.668806,0.756138,0.690784,0.605013,0.519798,0.429583,0.329859,0.221104,0.161970,0.300772,0.389283,0.449341,0.458829,0.495208,0.470933,0.441762,0.416826,0.388370,0.335116,0.341113,0.287955,0.334233,0.349202,0.419340,0.445383,0.357083,0.498399,0.617052,0.651856,0.601405,0.589135,0.569912,0.645612
0.641691,0.641691,0.611649,0.552799,0.590920,0.759471,0.846612,0.869778,0.853754,0.882292,0.884923,0.868876,0.867004,0.726120,0.531629,0.468449,0.503319,0.446966,0.484001,0.443862,0.503996,0.480579,0.351868,0.149962,0.191323,0.536741,0.608607,0.626802,0.596320,0.574503,0.609546,0.619797,0.677623,0.715017,0.625295,0.554976,0.434591,0.390467,0.315103,0.273794,0.196562,0.179385,0.163518,0.190659,0.286979,0.304390,0.408937,0.451249,0.372968,0.399901,0.384526,0.370466,0.435213,0.484420,0.430948,0.425841,0.425560,0.418210,0.340719,0.577448,0.684590,0.633732,0.569541,0.581441,0.653057
0.561147,0.561147,0.478639,0.607551,0.828578,0.873159,0.868540,0.873026,0.843336,0.887865,0.878269,0.886788,0.702038,0.480683,0.448215,0.446289,0.410619,0.422738,0.449845,0.443723,0.460170,0.427333,0.241085,0.146741,0.144227,0.550392,0.617420,0.630353,0.619050,0.621098,0.594788,0.613793,0.646107,0.671343,0.613116,0.539051,0.351504,0.284307,0.204259,0.203328,0.201206,0.176630,0.194409,0.128398,0.140368,0.127803,0.227609,0.331375,0.337882,0.309042,0.408084,0.439898,0.460788,0.496256,0.444666,0.489190,0.499602,0.521109,0.457168,0.483706,0.641542,0.667958,0.605664,0.565857,0.640195
0.772242,0.772242,0.817439,0.860297,0.891296,0.871593,0.879499,0.871894,0.870188,0.886988,0.861705,0.666397,0.507953,0.465143,0.470820,0.419743,0.431698,0.398013,0.410262,0.402203,0.420213,0.385188,0.160185,0.130096,0.175523,0.573848,0.619991,0.617139,0.635013,0.610079,0.580459,0.598263,0.645618,0.643452,0.612074,0.478819,0.281870,0.160301,0.141154,0.124606,0.141722,0.195486,0.184597,0.132661,0.141357,0.118258,0.283488,0.411746,0.163579,0.159100,0.289003,0.458251,0.525662,0.529157,0.526179,0.584563,0.579151,0.614229,0.610585,0.568628,0.548747,0.626631,0.615760,0.571027,0.607542
0.857513,0.857513,0.870570,0.891905,0.882948,0.875386,0.874805,0.856228,0.889215,0.836325,0.629575,0.477630,0.421615,0.431127,0.426343,0.419352,0.436699,0.406723,0.401789,0.381023,0.415658,0.377846,0.147628,0.148301,0.182005,0.576528,0.641512,0.607444,0.632424,0.569581,0.534749,0.579242,0.673662,0.660702,0.592644,0.386561,0.230471,0.147780,0.126496,0.126929,0.154663,0.202334,0.186030,0.140679,0.126345,0.145198,0.514205,0.556625,0.153479,0.175139,0.309971,0.522874,0.587166,0.564572,0.597752,0.553474,0.535350,0.572714,0.599888,0.472125,0.338157,0.566254,0.584967,0.599222,0.622386
0.720166,0.720166,0.709407,0.711561,0.734206,0.726364,0.766483,0.795687,0.796392,0.635918,0.497830,0.407836,0.429467,0.412621,0.403768,0.417304,0.404104,0.412257,0.421066,0.400060,0.410396,0.356848,0.132085,0.114056,0.153305,0.552260,0.624659,0.625447,0.597503,0.549064,0.523282,0.610024,0.677175,0.641259,0.568414,0.331050,0.228276,0.206222,0.153152,0.152209,0.156933,0.182969,0.172447,0.194704,0.144349,0.200998,0.602101,0.514421,0.170640,0.270765,0.463894,0.624462,0.638433,0.604302,0.622949,0.485774,0.479491,0.444065,0.392446,0.104428,0.189762,0.444657,0.597238,0.602794,0.615504
0.596319,0.596319,0.543630,0.558582,0.533487,0.589511,0.551971,0.595883,0.687516,0.563905,0.425812,0.404081,0.398258,0.411976,0.392559,0.426701,0.390538,0.387483,0.424420,0.412860,0.418669,0.360820,0.109544,0.099792,0.145087,0.542053,0.581727,0.569385,0.602680,0.519725,0.456108,0.605516,0.646973,0.644624,0.571429,0.531926,0.512022,0.362910,0.213441,0.154318,0.132328,0.132754,0.180055,0.171305,0.145417,0.272016,0.627022,0.409447,0.146626,0.297807,0.509371,0.658970,0.670099,0.614811,0.544461,0.398331,0.172380,0.149256,0.126630,0.200837,0.343769,0.439477,0.553917,0.603069,0.635960
0.589948,0.589948,0.572286,0.554205,0.535793,0.566826,0.488594,0.619858,0.701503,0.663254,0.432423,0.381395,0.413803,0.411534,0.413014,0.402128,0.362509,0.343020,0.397281,0.322693,0.387883,0.396990,0.118945,0.100933,0.151296,0.538775,0.599869,0.622958,0.629910,0.500902,0.466643,0.617375,0.670920,0.662321,0.704591,0.744873,0.713344,0.586055,0.392823,0.231865,0.142729,0.143743,0.150001,0.169608,0.153051,0.384814,0.634731,0.287112,0.103312,0.295078,0.479482,0.606472,0.633362,0.569774,0.273824,0.125420,0.097296,0.147352,0.241128,0.498853,0.591614,0.553368,0.559699,0.623421,0.616475
0.606757,0.606757,0.584114,0.534396,0.532743,0.460577,0.504247,0.657345,0.743818,0.644666,0.497873,0.326703,0.391214,0.390315,0.385487,0.386639,0.327049,0.328315,0.389696,0.337380,0.392712,0.433811,0.131499,0.106085,0.167685,0.535747,0.626372,0.641239,0.627203,0.508551,0.531164,0.688855,0.683500,0.723609,0.763547,0.745915,0.668290,0.617373,0.503159,0.382080,0.242975,0.158268,0.159474,0.187061,0.170779,0.481523,0.536443,0.186912,0.129252,0.313849,0.441866,0.456761,0.543969,0.300054,0.136493,0.108425,0.107224,0.218128,0.501620,0.544359,0.539557,0.554548,0.528949,0.594281,0.631245
0.585644,0.585644,0.531430,0.556484,0.527121,0.541869,0.636607,0.672603,0.671291,0.327893,0.394705,0.380950,0.370378,0.429867,0.403669,0.364525,0.303550,0.336906,0.347706,0.285640,0.435908,0.457260,0.127279,0.112712,0.205077,0.559753,0.646754,0.663381,0.571888,0.448696,0.487303,0.648929,0.740322,0.758459,0.787348,0.714810,0.649703,0.643133,0.560090,0.464472,0.369327,0.206306,0.170337,0.162756,0.212245,0.481871,0.457724,0.147644,0.146176,0.324081,0.431713,0.353403,0.271981,0.148635,0.107704,0.121908,0.116823,0.416690,0.559521,0.593351,0.588562,0.578926,0.516260,0.542021,0.594024
0.625518,0.625518,0.595655,0.547083,0.466344,0.576406,0.640032,0.659428,0.327383,0.147694,0.300226,0.344847,0.329959,0.401367,0.388890,0.303436,0.321966,0.308934,0.343055,0.288102,0.467449,0.501082,0.118481,0.112887,0.200338,0.620496,0.712671,0.724262,0.582675,0.422879,0.520240,0.619090,0.707005,0.702121,0.718879,0.679272,0.678201,0.649134,0.602403,0.543866,0.448890,0.302182,0.183241,0.171962,0.221189,0.446551,0.432797,0.119689,0.142906,0.313833,0.383791,0.253549,0.138249,0.077434,0.107083,0.120651,0.208469,0.552278,0.599653,0.636854,0.600639,0.609026,0.538544,0.450274,0.513722
0.632121,0.632121,0.575267,0.496681,0.500386,0.611036,0.603591,0.497344,0.164029,0.100006,0.240807,0.369623,0.340352,0.348925,0.330074,0.312576,0.312268,0.308937,0.315958,0.282286,0.281570,0.252743,0.116508,0.106225,0.162276,0.591563,0.681940,0.660956,0.428701,0.411939,0.519018,0.582188,0.636849,0.713806,0.673998,0.664103,0.692641,0.650658,0.533839,0.449235,0.440918,0.410579,0.251259,0.147871,0.252364,0.454987,0.327674,0.121628,0.176672,0.318278,0.433965,0.181024,0.101270,0.108913,0.105548,0.152627,0.435097,0.658024,0.654455,0.636067,0.621010,0.584585,0.508663,0.364942,0.426339
0.633900,0.633900,0.531931,0.463714,0.582452,0.556821,0.474096,0.213780,0.145810,0.113907,0.156275,0.327943,0.375724,0.295524,0.301477,0.255804,0.276141,0.279957,0.285110,0.230338,0.132914,0.101739,0.131441,0.121651,0.147495,0.577268,0.644342,0.607912,0.375130,0.436538,0.459182,0.540033,0.627418,0.685515,0.631097,0.632057,0.618429,0.621472,0.521085,0.455245,0.310709,0.346546,0.255244,0.128099,0.308630,0.471879,0.279969,0.145600,0.260135,0.298807,0.396143,0.138087,0.096989,0.131091,0.105323,0.207106,0.560605,0.638219,0.632945,0.628008,0.621316,0.547228,0.483843,0.363576,0.281371
0.590911,0.590911,0.494789,0.474352,0.554645,0.480887,0.268057,0.161034,0.175707,0.123202,0.081711,0.229291,0.362118,0.329481,0.245156,0.286462,0.283649,0.259524,0.273774,0.215537,0.098739,0.109561,0.124835,0.106778,0.155230,0.570763,0.661129,0.518704,0.362275,0.399052,0.390310,0.457918,0.555884,0.605485,0.612182,0.586446,0.619215,0.606698,0.507035,0.436929,0.350650,0.311287,0.219591,0.111379,0.252024,0.417279,0.214569,0.138376,0.260621,0.251130,0.329685,0.119575,0.125738,0.124616,0.107579,0.377602,0.557813,0.569728,0.598803,0.607943,0.609995,0.526569,0.382318,0.314739,0.272449
0.557410,0.557410,0.418437,0.402699,0.498558,0.354862,0.195482,0.164041,0.178425,0.148763,0.345775,0.400543,0.336466,0.262402,0.208917,0.285122,0.251356,0.250134,0.250694,0.199199,0.117175,0.120738,0.104552,0.092454,0.142921,0.567568,0.672067,0.471782,0.384352,0.354458,0.328592,0.391309,0.496303,0.524692,0.615552,0.605114,0.600776,0.576353,0.494041,0.444215,0.420484,0.370289,0.285352,0.131168,0.218698,0.317736,0.212368,0.142518,0.236556,0.272333,0.280396,0.134687,0.119077,0.094484,0.143023,0.522626,0.572016,0.567062,0.581464,0.571204,0.586566,0.519688,0.375049,0.300657,0.275644
0.473517,0.473517,0.392073,0.432029,0.561607,0.405418,0.149934,0.173781,0.165130,0.171253,0.517452,0.545672,0.311588,0.244369,0.248139,0.240585,0.247217,0.221237,0.253887,0.377808,0.381414,0.263170,0.096290,0.099629,0.159479,0.569875,0.630047,0.436307,0.359432,0.321026,0.241977,0.316787,0.421532,0.452385,0.543322,0.563937,0.560391,0.598908,0.504709,0.440192,0.413755,0.395136,0.367974,0.207386,0.174573,0.272902,0.132136,0.144611,0.243452,0.295049,0.317579,0.104620,0.106689,0.095932,0.264496,0.561053,0.538825,0.558946,0.558092,0.583392,0.544304,0.451317,0.349511,0.266685,0.299026
0.400796,0.400796,0.409475,0.537660,0.585191,0.422606,0.154671,0.212910,0.189372,0.142435,0.434072,0.503818,0.396343,0.219647,0.230030,0.254749,0.182583,0.237058,0.275596,0.490043,0.565462,0.458192,0.105168,0.094193,0.146042,0.529389,0.631911,0.374007,0.409885,0.347577,0.238187,0.234291,0.322249,0.390507,0.502055,0.546276,0.548687,0.605390,0.533326,0.462315,0.404319,0.366856,0.340730,0.338756,0.274327,0.289896,0.138963,0.141028,0.269089,0.291555,0.234484,0.108990,0.114431,0.130145,0.398337,0.528922,0.544622,0.587360,0.620096,0.621948,0.553961,0.396957,0.328260,0.224912,0.275224
0.455903,0.455903,0.547466,0.586921,0.600405,0.414277,0.194906,0.168473,0.154628,0.173137,0.423570,0.459280,0.476619,0.322012,0.232450,0.208562,0.188333,0.209744,0.309204,0.448418,0.517315,0.427480,0.117771,0.130921,0.117828,0.518762,0.539007,0.379166,0.391482,0.407805,0.281887,0.175642,0.243739,0.338862,0.495106,0.515158,0.499660,0.580450,0.584847,0.464731,0.444380,0.429767,0.428823,0.396452,0.387171,0.243899,0.157502,0.196344,0.273984,0.261882,0.213722,0.103898,0.094241,0.153100,0.481611,0.570201,0.615765,0.613546,0.609388,0.606426,0.478513,0.313259,0.295523,0.211044,0.191816
0.564952,0.564952,0.586528,0.520726,0.500616,0.372788,0.133904,0.156248,0.163817,0.162815,0.436314,0.452562,0.443722,0.411150,0.248953,0.193750,0.188763,0.233241,0.347179,0.487978,0.498427,0.420905,0.095417,0.090623,0.133152,0.482639,0.549045,0.372171,0.317335,0.374338,0.385253,0.223515,0.198770,0.299272,0.472856,0.485552,0.546711,0.553266,0.566693,0.542593,0.471613,0.429931,0.422479,0.427520,0.399803,0.298518,0.133778,0.180915,0.293988,0.281365,0.212051,0.108504,0.114693,0.265636,0.542693,0.589112,0.632757,0.628345,0.608815,0.631847,0.375881,0.279744,0.250340,0.156668,0.201716
0.530346,0.530346,0.484315,0.446878,0.483125,0.392087,0.143775,0.141929,0.158348,0.177113,0.404578,0.468578,0.452900,0.455811,0.401950,0.244733,0.194636,0.242809,0.403520,0.503091,0.493239,0.412533,0.110197,0.091631,0.145350,0.477811,0.606043,0.328936,0.236426,0.343968,0.376976,0.287072,0.227100,0.232509,0.366367,0.439712,0.515707,0.546785,0.526175,0.517981,0.527799,0.502377,0.438208,0.412017,0.422721,0.417006,0.178950,0.179107,0.293983,0.259668,0.201904,0.124445,0.139122,0.427609,0.631686,0.632094,0.640438,0.609221,0.622124,0.570400,0.333069,0.254533,0.219719,0.148168,0.213649
0.501663,0.501663,0.440592,0.438685,0.459473,0.354693,0.151779,0.154062,0.175139,0.151662,0.389836,0.429372,0.434588,0.435492,0.447837,0.345649,0.239368,0.294449,0.464924,0.519744,0.527198,0.414526,0.109928,0.100960,0.147798,0.468457,0.571984,0.333109,0.206555,0.311250,0.383866,0.355704,0.273765,0.240888,0.301352,0.358669,0.479519,0.515303,0.568066,0.543361,0.514321,0.481921,0.479372,0.454568,0.436450,0.378990,0.309163,0.232887,0.248268,0.230553,0.137790,0.106516,0.249375,0.623312,0.644301,0.621325,0.594927,0.632991,0.623888,0.460876,0.298138,0.273560,0.158683,0.119328,0.249802
0.489208,0.489208,0.405775,0.380120,0.406713,0.341625,0.194205,0.157887,0.188197,0.147039,0.383750,0.409371,0.445009,0.441210,0.434242,0.441673,0.304905,0.312717,0.493783,0.496593,0.483545,0.416887,0.138926,0.094882,0.113891,0.449866,0.531570,0.321354,0.201468,0.281333,0.389805,0.394525,0.340850,0.271685,0.213066,0.321607,0.426422,0.509287,0.582622,0.605781,0.533474,0.479741,0.465812,0.460350,0.469068,0.402062,0.406005,0.316105,0.323729,0.279332,0.142805,0.110869,0.435738,0.631278,0.644990,0.596266,0.621833,0.591072,0.602333,0.423813,0.271926,0.221224,0.150443,0.132781,0.312408
0.441493,0.441493,0.322870,0.385329,0.395577,0.345211,0.140581,0.155548,0.152275,0.156434,0.363063,0.408999,0.449606,0.436894,0.469024,0.452321,0.438086,0.386166,0.420359,0.477421,0.477386,0.420065,0.138260,0.098927,0.118633,0.465309,0.552286,0.397506,0.172685,0.271020,0.363876,0.372979,0.376887,0.355032,0.223894,0.247408,0.352823,0.429208,0.533479,0.532208,0.515703,0.502059,0.472234,0.457480,0.440660,0.451850,0.409794,0.368822,0.296519,0.167974,0.103973,0.257764,0.621132,0.617223,0.587313,0.616201,0.609414,0.595184,0.542245,0.361472,0.216108,0.170570,0.152195,0.147601,0.477585
0.453677,0.453677,0.373224,0.371171,0.391408,0.334142,0.162191,0.174431,0.137695,0.138870,0.317828,0.412750,0.421386,0.418611,0.439343,0.466505,0.427519,0.455880,0.450943,0.461062,0.483169,0.411178,0.119797,0.104683,0.105210,0.452635,0.553433,0.507574,0.293284,0.246316,0.304396,0.374909,0.417009,0.422565,0.347175,0.237443,0.258384,0.405207,0.437103,0.495654,0.509798,0.497529,0.461082,0.432570,0.441883,0.456355,0.453345,0.428522,0.346751,0.155067,0.103322,0.458250,0.643386,0.628429,0.602482,0.634040,0.630058,0.596697,0.508668,0.317818,0.209756,0.147919,0.137162,0.208375,0.587358
0.400127,0.400127,0.313517,0.341748,0.332983,0.298399,0.183430,0.134724,0.136537,0.148990,0.317656,0.425725,0.407223,0.391080,0.441428,0.400497,0.435305,0.416279,0.490178,0.510729,0.482874,0.427877,0.128810,0.111458,0.132368,0.449274,0.588972,0.573378,0.416261,0.290567,0.332199,0.401926,0.446407,0.446558,0.398603,0.297353,0.157429,0.290262,0.333758,0.408393,0.453661,0.524480,0.446538,0.420168,0.368553,0.353347,0.412352,0.454087,0.413637,0.269875,0.282023,0.657843,0.642485,0.607567,0.642276,0.654320,0.621799,0.576278,0.443367,0.231621,0.146368,0.129185,0.117053,0.217761,0.608184
0.398427,0.398427,0.290029,0.328210,0.363794,0.287888,0.159644,0.159188,0.166289,0.148805,0.290325,0.381647,0.378941,0.343893,0.392365,0.387836,0.420160,0.433772,0.450352,0.477272,0.467624,0.405614,0.111359,0.105158,0.131876,0.430833,0.521079,0.499909,0.543662,0.404289,0.269174,0.381503,0.446025,0.489337,0.443066,0.403940,0.228238,0.148044,0.226703,0.335152,0.434580,0.486557,0.454027,0.422914,0.413835,0.395535,0.477690,0.604708,0.495751,0.348879,0.493913,0.666414,0.625049,0.625332,0.630688,0.623519,0.631716,0.543400,0.405176,0.156484,0.148700,0.129444,0.152271,0.200015,0.626375
0.382325,0.382325,0.304772,0.290295,0.331256,0.275834,0.145757,0.164498,0.163933,0.161463,0.272293,0.351462,0.333570,0.365485,0.411580,0.431503,0.374557,0.387311,0.410375,0.414112,0.415381,0.401393,0.114029,0.092061,0.122612,0.428675,0.490813,0.468536,0.492025,0.509842,0.295169,0.335129,0.399500,0.489294,0.504299,0.481045,0.411748,0.221873,0.140781,0.244831,0.338024,0.410757,0.434101,0.401898,0.417959,0.449838,0.622694,0.644392,0.433418,0.334272,0.607201,0.624543,0.596781,0.677225,0.629880,0.639926,0.564901,0.450828,0.335822,0.154804,0.130771,0.129953,0.129878,0.233706,0.603129
0.340124,0.340124,0.302844,0.314867,0.317380,0.301202,0.140172,0.140483,0.170363,0.146472,0.247263,0.331909,0.355149,0.410044,0.426834,0.419223,0.415294,0.433764,0.416641,0.414072,0.375389,0.300783,0.107827,0.117679,0.134657,0.419122,0.469034,0.454095,0.467849,0.547272,0.495393,0.320493,0.296448,0.438745,0.449462,0.463690,0.476359,0.384473,0.214968,0.149752,0.225728,0.290283,0.412094,0.378664,0.372091,0.485557,0.604607,0.594279,0.326649,0.478392,0.620289,0.620736,0.626444,0.653579,0.618191,0.625001,0.534174,0.365552,0.245194,0.137030,0.124743,0.108435,0.126314,0.278154,0.584597
0.306181,0.306181,0.212296,0.205440,0.214735,0.218309,0.142788,0.134086,0.162708,0.166356,0.227499,0.304122,0.381843,0.418592,0.413172,0.417272,0.393540,0.399478,0.377118,0.414628,0.372993,0.272346,0.130162,0.105010,0.133837,0.359937,0.441749,0.442386,0.477165,0.528547,0.595680,0.419127,0.250937,0.371258,0.438735,0.445890,0.466960,0.462968,0.406126,0.199008,0.136247,0.218834,0.431558,0.394541,0.387271,0.545923,0.601761,0.493569,0.293415,0.631996,0.631970,0.619937,0.638544,0.666695,0.618976,0.585788,0.495299,0.362400,0.228947,0.135952,0.108177,0.104554,0.180433,0.415001,0.612555
0.327962,0.327962,0.187477,0.216464,0.195110,0.167209,0.172677,0.132070,0.142758,0.136022,0.127532,0.219606,0.277432,0.293569,0.305694,0.365650,0.339234,0.354736,0.344802,0.352991,0.383288,0.269996,0.157067,0.125186,0.208831,0.349046,0.389709,0.428551,0.504578,0.541843,0.562652,0.518242,0.380340,0.313850,0.388832,0.459611,0.463413,0.495281,0.491741,0.384309,0.165397,0.137062,0.404013,0.420037,0.414622,0.577864,0.630329,0.457731,0.381970,0.622821,0.618462,0.639165,0.645096,0.632409,0.633167,0.529226,0.446205,0.342176,0.205659,0.116829,0.117121,0.128842,0.299319,0.535871,0.607113
0.532128,0.532128,0.457856,0.434218,0.375597,0.359064,0.213369,0.146770,0.157700,0.166914,0.123635,0.169093,0.210801,0.255273,0.218496,0.196432,0.247994,0.266224,0.312295,0.287785,0.317398,0.184378,0.162206,0.174487,0.303494,0.325282,0.370844,0.416753,0.491014,0.514255,0.529749,0.523042,0.461912,0.386953,0.333578,0.418048,0.492064,0.486974,0.483418,0.465576,0.374792,0.161643,0.241675,0.397861,0.462781,0.609950,0.632980,0.379937,0.481348,0.620110,0.617347,0.639916,0.627574,0.607985,0.572400,0.492376,0.390531,0.274136,0.162326,0.110756,0.122067,0.193190,0.473950,0.535305,0.609468
0.477020,0.477020,0.398748,0.416815,0.478200,0.445076,0.239291,0.141690,0.177974,0.153731,0.118212,0.192354,0.211222,0.276296,0.291339,0.233409,0.273279,0.272787,0.305398,0.266620,0.227692,0.174998,0.149902,0.163908,0.267224,0.316593,0.363841,0.447016,0.461008,0.482800,0.458628,0.447508,0.441154,0.396365,0.305241,0.289772,0.438925,0.453233,0.477282,0.491031,0.441249,0.383285,0.267350,0.401253,0.478429,0.573698,0.555181,0.416084,0.559378,0.532205,0.524805,0.586124,0.604906,0.569656,0.558967,0.458876,0.361250,0.218772,0.136344,0.110920,0.129195,0.333569,0.482577,0.493195,0.578504
0.442447,0.442447,0.383251,0.376226,0.411638,0.373140,0.225573,0.142480,0.126103,0.134032,0.131497,0.130936,0.235461,0.284085,0.327766,0.337528,0.362330,0.319597,0.318039,0.304587,0.174095,0.141786,0.108848,0.138440,0.244985,0.270130,0.377842,0.440925,0.421089,0.436119,0.432545,0.432991,0.423015,0.353312,0.305521,0.214119,0.313780,0.448668,0.456711,0.453989,0.458272,0.473781,0.523085,0.537381,0.557672,0.513754,0.565916,0.458822,0.368442,0.172870,0.172150,0.273930,0.432047,0.554422,0.486410,0.390173,0.303959,0.146791,0.096736,0.154478,0.196859,0.303909,0.432062,0.461333,0.540014
0.451931,0.451931,0.407509,0.416201,0.396791,0.337362,0.238435,0.137774,0.139382,0.119370,0.116540,0.109679,0.187293,0.289196,0.351002,0.328124,0.330668,0.272708,0.310667,0.236470,0.130159,0.107338,0.112502,0.203217,0.239725,0.306825,0.385376,0.437738,0.450675,0.444852,0.435220,0.407665,0.410625,0.369238,0.259354,0.134878,0.174362,0.343942,0.409957,0.447925,0.439324,0.469660,0.513802,0.588286,0.606936,0.514174,0.530685,0.434898,0.485568,0.513421,0.482475,0.298417,0.178371,0.251632,0.406309,0.376733,0.238836,0.164869,0.094778,0.221545,0.224326,0.245165,0.290306,0.422184,0.491877
0.484682,0.484682,0.389739,0.420370,0.438854,0.390051,0.254855,0.182462,0.184652,0.150101,0.149008,0.137341,0.211280,0.306069,0.306114,0.345293,0.315546,0.322582,0.294806,0.232742,0.160501,0.157301,0.123872,0.262495,0.310047,0.407469,0.453702,0.476654,0.455898,0.458579,0.450075,0.439538,0.432096,0.403857,0.236432,0.174247,0.150313,0.188882,0.434406,0.468187,0.434707,0.514345,0.551372,0.623963,0.617589,0.537986,0.572920,0.572823,0.510286,0.613267,0.631038,0.455648,0.285420,0.163625,0.205886,0.272248,0.258883,0.182567,0.123089,0.252257,0.262495,0.252867,0.329898,0.404901,0.523118