0.772589,0.772589,0.682497,0.531392,0.351316,0.347378,0.334296,0.593385,0.397481,0.117408,0.441949,0.635258,0.631092,0.584695,0.624019,0.590070,0.589343,0.494542,0.407152,0.343663,0.312183,0.538529,0.663730,0.633771,0.626199,0.635693,0.633853,0.635067,0.668788,0.420998,0.303814,0.360249,0.403156,0.412895,0.360272,0.424331,0.383939,0.636114,0.776926,0.858541,0.681648,0.549366,0.570180,0.618064,0.620589,0.522573,0.492214,0.478443,0.463699,0.340136,0.291867,0.197463,0.244097,0.447646,0.503650,0.411619,0.428270,0.403173,0.422844,0.316840,0.298723,0.386241,0.379306,0.405797,0.427743
0.795018,0.795018,0.697433,0.390543,0.381277,0.418801,0.220607,0.435798,0.479451,0.405407,0.512644,0.470446,0.394293,0.312096,0.323856,0.247887,0.145682,0.154305,0.116732,0.174035,0.267482,0.629396,0.634447,0.603543,0.602315,0.598402,0.625232,0.653272,0.636538,0.405745,0.342555,0.349636,0.379554,0.401172,0.393059,0.339776,0.368742,0.636636,0.783940,0.775203,0.629039,0.507973,0.531567,0.594648,0.507200,0.448775,0.506939,0.433257,0.226004,0.281809,0.329523,0.294442,0.177051,0.233531,0.580756,0.635713,0.397065,0.349314,0.358250,0.315758,0.305912,0.375570,0.365390,0.308244,0.508025
0.764064,0.764064,0.716139,0.235163,0.362667,0.609488,0.473722,0.255859,0.339510,0.353422,0.227991,0.124410,0.119028,0.110356,0.084281,0.079174,0.099254,0.091627,0.088901,0.201320,0.349173,0.607215,0.636245,0.607625,0.579890,0.612094,0.602194,0.651011,0.626980,0.477399,0.327169,0.399677,0.364763,0.350273,0.382812,0.401128,0.353417,0.554968,0.702092,0.779375,0.622292,0.482836,0.482716,0.655082,0.507029,0.504976,0.530629,0.275613,0.240407,0.240966,0.318639,0.289274,0.317203,0.216477,0.254149,0.668219,0.632973,0.436110,0.344224,0.311067,0.347058,0.313132,0.321426,0.345265,0.516670
0.670736,0.670736,0.558199,0.128474,0.436030,0.434337,0.117091,0.121097,0.129074,0.125814,0.098757,0.122852,0.099001,0.086793,0.088206,0.129493,0.150361,0.099674,0.148093,0.310351,0.582627,0.678166,0.604281,0.614081,0.595876,0.648333,0.667966,0.640990,0.626914,0.491680,0.362874,0.351545,0.375949,0.356091,0.382481,0.354798,0.406339,0.514014,0.677297,0.750744,0.644586,0.502607,0.535822,0.648862,0.507569,0.505929,0.443245,0.405802,0.253283,0.243984,0.342572,0.333998,0.251159,0.214267,0.161808,0.519088,0.661227,0.610551,0.380401,0.330455,0.303906,0.297458,0.318335,0.307303,0.431711
0.745087,0.745087,0.382702,0.124143,0.414263,0.418276,0.101165,0.134576,0.098995,0.118374,0.100531,0.110428,0.093588,0.098671,0.100065,0.152253,0.118238,0.242195,0.512274,0.479477,0.630370,0.623380,0.616501,0.602760,0.583756,0.607678,0.678167,0.652388,0.638400,0.526744,0.384919,0.421492,0.368685,0.369512,0.403815,0.419101,0.349082,0.549326,0.650631,0.680285,0.686273,0.576737,0.568494,0.591427,0.531484,0.445232,0.542778,0.629734,0.402163,0.166190,0.203264,0.259492,0.304579,0.262020,0.174326,0.303290,0.658505,0.648889,0.588114,0.354738,0.281015,0.222452,0.280039,0.286974,0.411433
0.665953,0.665953,0.426898,0.431274,0.655068,0.444831,0.154727,0.119682,0.120484,0.107761,0.121832,0.134656,0.122557,0.110424,0.123761,0.113506,0.169537,0.285162,0.505688,0.426576,0.595601,0.549281,0.604244,0.587757,0.536003,0.613611,0.622916,0.619349,0.605619,0.462700,0.364249,0.335890,0.355397,0.372911,0.388236,0.431316,0.437822,0.496941,0.600066,0.651898,0.729797,0.638179,0.585963,0.597291,0.485137,0.376086,0.646824,0.722294,0.623017,0.414274,0.328570,0.271682,0.240892,0.297579,0.161401,0.231366,0.560581,0.587768,0.720217,0.600819,0.369916,0.289185,0.284191,0.274011,0.418565
0.518337,0.518337,0.479668,0.443537,0.439823,0.441971,0.155651,0.132881,0.189617,0.196786,0.166022,0.147669,0.097592,0.085824,0.131675,0.088259,0.151099,0.406806,0.471115,0.430178,0.523532,0.476597,0.635424,0.624940,0.588489,0.618514,0.646518,0.631825,0.678506,0.473990,0.395512,0.437539,0.414495,0.369450,0.410234,0.365626,0.346865,0.491553,0.613114,0.531373,0.704621,0.659786,0.594513,0.633295,0.394759,0.493365,0.753094,0.760805,0.674900,0.631229,0.602101,0.451079,0.207457,0.142490,0.122367,0.172636,0.479402,0.580650,0.614685,0.669745,0.439345,0.294393,0.308215,0.296655,0.385847
0.274043,0.274043,0.140604,0.137480,0.287614,0.466566,0.206766,0.194505,0.181637,0.147280,0.150741,0.092607,0.097755,0.094798,0.083376,0.155651,0.282060,0.414966,0.410859,0.451006,0.369056,0.507579,0.601660,0.606266,0.613051,0.629495,0.587873,0.655159,0.592519,0.482996,0.380209,0.414664,0.437412,0.439889,0.420774,0.415355,0.374805,0.419763,0.607435,0.523437,0.649638,0.622278,0.608787,0.692682,0.417294,0.612195,0.747813,0.717947,0.726521,0.677670,0.562171,0.446334,0.179133,0.129457,0.086191,0.178062,0.439957,0.509945,0.578729,0.673813,0.490310,0.310261,0.298646,0.302123,0.385972
0.220409,0.220409,0.115316,0.146933,0.370597,0.450555,0.192299,0.153718,0.175535,0.205453,0.150460,0.133620,0.176464,0.350778,0.492809,0.280083,0.251944,0.389334,0.363422,0.454580,0.246105,0.434763,0.623262,0.545527,0.622230,0.591662,0.638963,0.593813,0.554967,0.485769,0.317224,0.352336,0.358210,0.355452,0.357956,0.455884,0.487658,0.463845,0.597498,0.483916,0.477519,0.638533,0.630327,0.628699,0.450939,0.680647,0.800521,0.759219,0.701546,0.632040,0.536593,0.384565,0.186202,0.160218,0.095884,0.184079,0.413328,0.483425,0.521736,0.556401,0.444943,0.405142,0.379308,0.386200,0.471284
0.244345,0.244345,0.149812,0.184015,0.417353,0.484123,0.207682,0.155883,0.208766,0.203361,0.156955,0.285022,0.532027,0.666069,0.657342,0.539091,0.372621,0.365953,0.433237,0.449151,0.168125,0.487354,0.615771,0.478080,0.475203,0.503320,0.536361,0.542013,0.643995,0.612808,0.588014,0.586003,0.625556,0.678784,0.714320,0.762392,0.772240,0.765365,0.723554,0.662688,0.575287,0.677089,0.711986,0.679300,0.504102,0.509379,0.617635,0.730387,0.665669,0.655327,0.560857,0.422729,0.225437,0.105314,0.095189,0.243554,0.429074,0.429370,0.428194,0.598573,0.380510,0.405937,0.491607,0.490211,0.495874
0.251481,0.251481,0.173121,0.205984,0.423007,0.519628,0.194756,0.218146,0.256152,0.290738,0.423786,0.625524,0.727599,0.596896,0.672619,0.469108,0.247558,0.371232,0.467025,0.382727,0.168262,0.456260,0.366855,0.342768,0.481884,0.608492,0.601497,0.693472,0.739002,0.811942,0.762679,0.781229,0.850038,0.838963,0.837939,0.827476,0.801855,0.786870,0.716088,0.753191,0.708387,0.647350,0.670330,0.674003,0.434535,0.441858,0.471323,0.627388,0.553226,0.462655,0.425964,0.361627,0.227103,0.061049,0.108141,0.301894,0.425167,0.412621,0.373868,0.442986,0.235935,0.364128,0.632876,0.531482,0.579210
0.233340,0.233340,0.184367,0.226012,0.473275,0.510718,0.281265,0.332844,0.449002,0.481773,0.639002,0.648160,0.620095,0.700642,0.434218,0.143083,0.231263,0.334793,0.480932,0.227442,0.142287,0.520625,0.608135,0.669637,0.745565,0.745494,0.792811,0.848517,0.813368,0.780766,0.805663,0.830004,0.805542,0.804021,0.847225,0.855225,0.835618,0.826162,0.792335,0.609576,0.744136,0.703023,0.654202,0.673809,0.631198,0.453170,0.519659,0.607894,0.269698,0.189773,0.294030,0.335734,0.200551,0.120011,0.116324,0.326271,0.419812,0.309451,0.323729,0.299580,0.134989,0.344379,0.668380,0.673364,0.656893
0.220712,0.220712,0.125136,0.259769,0.487467,0.607602,0.332472,0.460063,0.548689,0.665320,0.635967,0.573429,0.531256,0.268723,0.128771,0.245827,0.423492,0.328194,0.468208,0.120513,0.230750,0.547472,0.669399,0.649659,0.733079,0.810671,0.754539,0.842039,0.851496,0.788668,0.805876,0.818609,0.820845,0.847028,0.819105,0.854042,0.833943,0.791988,0.757199,0.643071,0.680792,0.716383,0.608507,0.625476,0.661726,0.604447,0.671037,0.496846,0.254707,0.336490,0.337965,0.228510,0.181051,0.151440,0.161936,0.393953,0.321043,0.250210,0.233083,0.171385,0.201807,0.263093,0.595331,0.669978,0.703519
0.188535,0.188535,0.160148,0.274045,0.488108,0.602200,0.506891,0.600787,0.652397,0.605588,0.545377,0.519487,0.259105,0.132452,0.118318,0.338696,0.566908,0.503841,0.403650,0.242051,0.374553,0.638634,0.688975,0.730668,0.800695,0.809919,0.840546,0.860066,0.837400,0.846393,0.835603,0.824663,0.851302,0.835451,0.824050,0.845965,0.830304,0.781491,0.756983,0.636500,0.713594,0.730599,0.529484,0.611976,0.648601,0.660937,0.664222,0.385658,0.295473,0.443985,0.356156,0.239690,0.213124,0.252542,0.242747,0.402344,0.280409,0.143492,0.309916,0.275133,0.222293,0.229966,0.489094,0.661098,0.656173
0.210190,0.210190,0.156985,0.334528,0.519882,0.615566,0.653964,0.732579,0.628008,0.556067,0.441351,0.178535,0.125480,0.191404,0.280593,0.377800,0.428424,0.494979,0.558811,0.649723,0.682469,0.688496,0.755398,0.749850,0.827020,0.860455,0.843828,0.858012,0.887308,0.846506,0.815324,0.861454,0.819899,0.765990,0.826874,0.818227,0.772107,0.757454,0.685032,0.635181,0.757205,0.770392,0.505255,0.563923,0.656179,0.705920,0.545470,0.349964,0.406758,0.513176,0.515508,0.402761,0.341544,0.237714,0.236394,0.354867,0.205935,0.110759,0.434854,0.387715,0.202360,0.172204,0.320765,0.549212,0.617507
0.240472,0.240472,0.172977,0.355869,0.563679,0.592919,0.605393,0.564065,0.590860,0.550164,0.316318,0.471512,0.657229,0.769937,0.747636,0.665874,0.662563,0.614871,0.675852,0.730657,0.737677,0.681156,0.772092,0.841710,0.879423,0.850634,0.874690,0.873666,0.847877,0.874361,0.840800,0.872778,0.805897,0.817648,0.806426,0.835760,0.774169,0.766079,0.745337,0.693344,0.742600,0.740335,0.498872,0.548667,0.644576,0.642649,0.348984,0.264136,0.419167,0.563581,0.503066,0.391756,0.257366,0.232949,0.342146,0.274910,0.163069,0.153464,0.438567,0.504442,0.356371,0.324257,0.431258,0.460170,0.404261
0.550255,0.550255,0.605941,0.660236,0.666293,0.674664,0.378950,0.495699,0.531542,0.580007,0.650872,0.840231,0.850529,0.854535,0.798733,0.732379,0.757418,0.723457,0.743316,0.749837,0.784170,0.768337,0.856198,0.839650,0.856912,0.865331,0.839609,0.819785,0.797692,0.846252,0.807181,0.775584,0.782035,0.690656,0.745881,0.769318,0.701155,0.648511,0.733987,0.726249,0.772721,0.834689,0.519780,0.620378,0.670200,0.539318,0.244473,0.220292,0.469782,0.468410,0.382500,0.253380,0.178992,0.248163,0.301003,0.237747,0.106386,0.141447,0.470507,0.621025,0.615970,0.584359,0.546728,0.466716,0.252474
0.728240,0.728240,0.732491,0.684517,0.706030,0.702047,0.607891,0.628591,0.624579,0.670621,0.726952,0.872743,0.795383,0.842124,0.725543,0.824657,0.762101,0.842305,0.861178,0.821317,0.859560,0.818821,0.855128,0.843210,0.775301,0.809311,0.780254,0.777054,0.774119,0.758600,0.710317,0.751125,0.716714,0.732461,0.723700,0.672835,0.645664,0.652767,0.834381,0.770816,0.674079,0.794430,0.623843,0.619023,0.619118,0.526860,0.384358,0.387287,0.438074,0.397314,0.315927,0.181522,0.164259,0.254601,0.233484,0.163408,0.109179,0.233381,0.539792,0.618797,0.578327,0.610007,0.530295,0.373428,0.298056
0.472931,0.472931,0.491788,0.471313,0.440768,0.492781,0.526756,0.555426,0.592789,0.672052,0.801587,0.866500,0.928239,0.827760,0.771819,0.688265,0.781304,0.846379,0.888206,0.830843,0.811872,0.837958,0.785191,0.754337,0.778509,0.778974,0.715023,0.752600,0.754532,0.728507,0.678582,0.704666,0.642990,0.632804,0.671218,0.609271,0.671960,0.728148,0.842598,0.791968,0.659350,0.751504,0.727489,0.603178,0.616953,0.492116,0.416864,0.316504,0.387096,0.390878,0.324729,0.232686,0.226636,0.281077,0.141969,0.106644,0.142748,0.357404,0.651125,0.569826,0.340964,0.563803,0.466283,0.495756,0.498399
0.674690,0.674690,0.639218,0.645723,0.684345,0.652288,0.644992,0.639000,0.650909,0.679665,0.710199,0.704921,0.749940,0.687791,0.684864,0.576376,0.530982,0.673967,0.823950,0.859876,0.861171,0.813145,0.825661,0.793123,0.737856,0.672419,0.638572,0.658070,0.626458,0.643747,0.662760,0.650658,0.568831,0.626893,0.580146,0.589100,0.713552,0.813726,0.787291,0.809573,0.625141,0.643673,0.741038,0.645585,0.612520,0.557164,0.466255,0.360548,0.311241,0.394659,0.288031,0.218667,0.190473,0.169397,0.122243,0.120124,0.110766,0.435683,0.706286,0.499812,0.237038,0.351712,0.559650,0.673123,0.702170
0.834375,0.834375,0.787148,0.857242,0.851826,0.856695,0.898559,0.691887,0.320965,0.452245,0.400144,0.562137,0.479334,0.538196,0.521145,0.421087,0.424923,0.495401,0.850718,0.914282,0.852345,0.863006,0.858582,0.850868,0.764182,0.619742,0.644669,0.635503,0.578683,0.614401,0.613880,0.600460,0.633669,0.607184,0.613618,0.632601,0.756602,0.747586,0.701596,0.817858,0.676733,0.602585,0.716551,0.662611,0.623441,0.665481,0.643134,0.478338,0.313262,0.265197,0.154866,0.216802,0.203859,0.155836,0.156505,0.265927,0.260655,0.469938,0.751685,0.432714,0.246991,0.316428,0.518920,0.722054,0.684419
0.878949,0.878949,0.862551,0.860817,0.870163,0.850158,0.840645,0.526424,0.315888,0.337495,0.315854,0.437206,0.413196,0.408656,0.450304,0.353505,0.487912,0.644946,0.723687,0.834631,0.826948,0.815107,0.849945,0.744080,0.555278,0.551131,0.617905,0.619524,0.572654,0.599442,0.652234,0.613775,0.620296,0.646286,0.641798,0.741130,0.832719,0.766884,0.691903,0.769548,0.787059,0.584817,0.606096,0.650686,0.580337,0.529150,0.438537,0.335786,0.243094,0.148952,0.335778,0.341702,0.166561,0.103033,0.324825,0.493270,0.330017,0.573353,0.749209,0.444821,0.288014,0.282772,0.433107,0.655908,0.773809
0.876149,0.876149,0.879827,0.858534,0.855319,0.839188,0.676387,0.385500,0.336328,0.362106,0.400050,0.539605,0.493597,0.396608,0.425676,0.587280,0.748777,0.847603,0.834216,0.802275,0.858819,0.791205,0.723222,0.597439,0.470331,0.506270,0.651092,0.633424,0.592440,0.609659,0.683690,0.637291,0.628148,0.598061,0.717066,0.768126,0.807493,0.751295,0.696508,0.727145,0.691642,0.692521,0.484196,0.589621,0.578665,0.530615,0.496160,0.288753,0.195450,0.324893,0.391276,0.152323,0.132037,0.161072,0.414698,0.569567,0.629399,0.787755,0.726757,0.466589,0.351127,0.286374,0.389404,0.618832,0.793217
0.880189,0.880189,0.835139,0.827624,0.842840,0.559495,0.358610,0.336793,0.377781,0.452531,0.529241,0.457911,0.454575,0.421217,0.636040,0.777957,0.838020,0.829433,0.805590,0.837718,0.853819,0.664407,0.524109,0.529971,0.317112,0.561427,0.640938,0.653115,0.637710,0.659835,0.643537,0.653569,0.641047,0.642017,0.760569,0.856013,0.770409,0.706083,0.695500,0.772225,0.666223,0.731426,0.623749,0.469873,0.598212,0.542793,0.545384,0.536672,0.509972,0.377524,0.117316,0.176692,0.282459,0.374571,0.535088,0.733129,0.800044,0.781143,0.649369,0.421190,0.348101,0.275388,0.296760,0.374881,0.590006
0.802410,0.802410,0.775486,0.848097,0.847014,0.417104,0.400078,0.411943,0.395657,0.434707,0.444159,0.398328,0.521823,0.658174,0.813310,0.841242,0.814019,0.843870,0.864419,0.819670,0.701452,0.584464,0.494060,0.514312,0.261647,0.582225,0.658461,0.639776,0.632937,0.641458,0.637513,0.671598,0.680560,0.673129,0.753796,0.836999,0.753440,0.688321,0.663413,0.677514,0.770843,0.671041,0.655453,0.608465,0.521879,0.526828,0.558038,0.564895,0.526063,0.259063,0.321100,0.437177,0.304826,0.373907,0.439886,0.728211,0.802757,0.764226,0.630589,0.513381,0.299158,0.229385,0.306872,0.466903,0.580359
0.680255,0.680255,0.753345,0.824268,0.808555,0.456260,0.448315,0.446275,0.490320,0.473015,0.438392,0.500539,0.724918,0.847678,0.837892,0.855693,0.895066,0.913129,0.832380,0.643874,0.520325,0.526736,0.553740,0.381276,0.267096,0.595370,0.642251,0.665367,0.631404,0.633715,0.631884,0.635640,0.684597,0.659094,0.692349,0.796072,0.766854,0.667098,0.656909,0.723644,0.703835,0.632325,0.556055,0.551841,0.633092,0.507128,0.431544,0.492479,0.383968,0.309122,0.308939,0.325212,0.410216,0.365147,0.288871,0.595851,0.732738,0.716724,0.663998,0.572636,0.412097,0.277290,0.339463,0.513142,0.658005
0.780739,0.780739,0.849309,0.799750,0.755249,0.618160,0.497501,0.503983,0.495688,0.517280,0.609711,0.754957,0.859931,0.879027,0.887474,0.854560,0.903532,0.827781,0.619290,0.486687,0.559107,0.493467,0.545406,0.306796,0.217229,0.596145,0.620748,0.618018,0.617781,0.640550,0.628287,0.626152,0.652704,0.721452,0.739809,0.681592,0.672612,0.756479,0.732338,0.673328,0.678842,0.617937,0.556981,0.577586,0.503654,0.513314,0.507207,0.464926,0.454629,0.441035,0.453795,0.425525,0.297959,0.232718,0.239848,0.297341,0.591322,0.591011,0.639652,0.702523,0.666146,0.408577,0.373528,0.562079,0.580807
0.880166,0.880166,0.870220,0.771041,0.672314,0.598111,0.511505,0.466302,0.546956,0.710150,0.857747,0.889100,0.882294,0.880646,0.887860,0.887952,0.827687,0.622181,0.462925,0.480607,0.538605,0.518347,0.533397,0.289936,0.182200,0.542615,0.643995,0.619215,0.620992,0.623610,0.630703,0.579177,0.692826,0.750177,0.716237,0.699772,0.586192,0.563863,0.623806,0.711341,0.732909,0.657210,0.702155,0.659078,0.711977,0.642254,0.618527,0.608785,0.508366,0.423495,0.309673,0.265198,0.261625,0.246717,0.296798,0.248183,0.286690,0.581663,0.700676,0.685977,0.690774,0.587959,0.462619,0.527257,0.592987
0.887902,0.887902,0.785389,0.644664,0.555140,0.603361,0.569544,0.696487,0.874388,0.891798,0.859973,0.876213,0.884798,0.872977,0.840511,0.738825,0.513943,0.488097,0.537315,0.476815,0.499146,0.496439,0.561418,0.221395,0.226892,0.544896,0.621900,0.589452,0.577872,0.604279,0.615300,0.604780,0.638644,0.733171,0.746704,0.639537,0.594217,0.445998,0.291564,0.373925,0.519503,0.617363,0.635226,0.598068,0.619853,0.540507,0.465825,0.477224,0.411585,0.406628,0.285798,0.319316,0.262264,0.265318,0.225983,0.293488,0.309741,0.406997,0.606862,0.730692,0.599340,0.553363,0.541760,0.585998,0.646783
0.760131,0.760131,0.569980,0.556245,0.537216,0.505477,0.715132,0.863638,0.887021,0.874243,0.895624,0.908451,0.884262,0.879800,0.772075,0.539207,0.478466,0.487880,0.478947,0.419353,0.520036,0.525386,0.466619,0.172506,0.168689,0.567089,0.597536,0.589409,0.547474,0.577121,0.603271,0.592822,0.674257,0.769681,0.698925,0.602609,0.520867,0.431477,0.331438,0.206620,0.143512,0.299403,0.385259,0.457453,0.458491,0.513408,0.478229,0.437872,0.420170,0.384175,0.327665,0.342616,0.272627,0.327991,0.344733,0.428393,0.467262,0.330662,0.505056,0.615683,0.663963,0.593919,0.590565,0.552136,0.653746
0.646617,0.646617,0.622288,0.535345,0.575800,0.766799,0.851992,0.880774,0.850277,0.897132,0.900370,0.870092,0.880859,0.731225,0.520145,0.457819,0.523344,0.439342,0.497468,0.438502,0.513783,0.488330,0.353016,0.140959,0.204234,0.533154,0.608196,0.632751,0.591961,0.558203,0.610855,0.618234,0.689119,0.726963,0.621273,0.551157,0.429831,0.394423,0.318305,0.287073,0.203684,0.175783,0.148784,0.180619,0.287995,0.297834,0.416260,0.473993,0.358728,0.407459,0.381595,0.356555,0.444426,0.505433,0.432577,0.421337,0.417959,0.421440,0.306214,0.583997,0.709810,0.635572,0.552307,0.573455,0.663932
0.543218,0.543218,0.455039,0.600347,0.839114,0.891204,0.874422,0.885124,0.832224,0.907531,0.886087,0.909681,0.703516,0.453125,0.439959,0.451552,0.395631,0.422406,0.454069,0.446263,0.464703,0.434267,0.236952,0.146493,0.130345,0.550133,0.619165,0.634834,0.617545,0.626966,0.586262,0.612192,0.648197,0.683658,0.610028,0.548756,0.342278,0.287921,0.201445,0.211491,0.216286,0.178133,0.213685,0.117735,0.135671,0.113782,0.214660,0.317541,0.350253,0.304425,0.420136,0.445956,0.456812,0.502363,0.433737,0.492491,0.499610,0.527286,0.450372,0.459633,0.652769,0.687753,0.602498,0.548298,0.649644
0.770678,0.770678,0.828419,0.869065,0.915856,0.875601,0.892778,0.880632,0.876422,0.903919,0.877159,0.662989,0.495405,0.467062,0.485157,0.411853,0.437835,0.389198,0.408442,0.396000,0.420265,0.389037,0.151062,0.123315,0.177646,0.582768,0.619851,0.614452,0.641827,0.609736,0.574287,0.592385,0.650936,0.645234,0.615892,0.480969,0.279689,0.151175,0.140505,0.115792,0.136684,0.208056,0.192027,0.128779,0.147763,0.107033,0.278988,0.419091,0.144974,0.147000,0.276146,0.459863,0.528825,0.527550,0.520668,0.592651,0.578583,0.622191,0.618339,0.577114,0.542840,0.632947,0.619666,0.555941,0.603239
0.868582,0.868582,0.883371,0.913131,0.895714,0.887462,0.887986,0.854431,0.911986,0.844657,0.621517,0.463082,0.410595,0.431936,0.424584,0.417267,0.444176,0.403168,0.399101,0.369889,0.419748,0.385153,0.142495,0.155123,0.185784,0.585705,0.653892,0.596613,0.642551,0.558936,0.524047,0.563936,0.690111,0.673251,0.597415,0.382857,0.227679,0.142652,0.120885,0.123136,0.158696,0.214688,0.196864,0.135537,0.120825,0.139791,0.528051,0.580139,0.146668,0.172727,0.302592,0.523838,0.586223,0.552482,0.600349,0.548727,0.527511,0.572662,0.616682,0.471633,0.324960,0.580565,0.574121,0.596456,0.625981
0.720108,0.720108,0.705718,0.703252,0.741500,0.722103,0.776301,0.806752,0.803269,0.629493,0.491630,0.394838,0.437387,0.409399,0.399418,0.417643,0.398386,0.413229,0.424118,0.395145,0.411429,0.359898,0.126318,0.105950,0.147170,0.550394,0.630268,0.633596,0.590653,0.544466,0.519666,0.610410,0.695180,0.643642,0.576710,0.309696,0.215089,0.208251,0.151582,0.157357,0.161328,0.196285,0.172594,0.215837,0.142662,0.202683,0.617554,0.526911,0.166919,0.274474,0.465740,0.632523,0.645361,0.597717,0.636143,0.476467,0.496209,0.444407,0.397589,0.086750,0.169439,0.436311,0.606569,0.598560,0.612627
0.589220,0.589220,0.520533,0.546047,0.509870,0.583740,0.533641,0.574847,0.700462,0.545306,0.414328,0.403472,0.389483,0.413596,0.382224,0.435200,0.386222,0.381971,0.430456,0.417738,0.425180,0.361274,0.092417,0.087668,0.138246,0.543597,0.573892,0.548376,0.604517,0.517502,0.438694,0.606813,0.649207,0.652496,0.551008,0.529264,0.517733,0.355675,0.205364,0.149627,0.128471,0.125827,0.195033,0.174549,0.141865,0.276419,0.639592,0.409468,0.138539,0.300539,0.511144,0.678167,0.686741,0.615638,0.555269,0.405445,0.160526,0.145767,0.106313,0.201812,0.343739,0.430937,0.548967,0.597569,0.644143
0.584500,0.584500,0.568221,0.552249,0.529844,0.580394,0.470317,0.620694,0.712808,0.684405,0.418707,0.375005,0.418737,0.411645,0.416930,0.400700,0.358124,0.331584,0.401621,0.302439,0.384486,0.403897,0.110430,0.088947,0.147255,0.539699,0.596751,0.626095,0.639379,0.491929,0.452331,0.615256,0.683985,0.660754,0.715026,0.760914,0.742997,0.590401,0.394697,0.228398,0.133108,0.145933,0.148355,0.175701,0.150086,0.378415,0.651698,0.283023,0.077053,0.296355,0.480647,0.612954,0.641846,0.592844,0.268655,0.109299,0.080059,0.148771,0.235981,0.509363,0.613371,0.554524,0.551969,0.631462,0.611495
0.608427,0.608427,0.586795,0.523714,0.536387,0.440112,0.487976,0.665169,0.766396,0.655186,0.512031,0.302794,0.392431,0.381499,0.377013,0.387995,0.320477,0.319774,0.397009,0.333507,0.386474,0.446880,0.130762,0.095034,0.166966,0.531329,0.630982,0.646064,0.636056,0.504971,0.527568,0.718996,0.679409,0.727978,0.764909,0.749899,0.669397,0.617942,0.508138,0.383601,0.243443,0.154584,0.162001,0.202464,0.166674,0.491800,0.546296,0.182153,0.122001,0.318312,0.446980,0.449068,0.564230,0.305390,0.125961,0.098527,0.098819,0.212528,0.516502,0.542225,0.523914,0.550478,0.518698,0.591675,0.639059
0.578289,0.578289,0.512711,0.558109,0.527950,0.536731,0.647442,0.685218,0.678204,0.321544,0.393708,0.384858,0.362279,0.441996,0.404469,0.366476,0.293635,0.338916,0.346266,0.267188,0.441507,0.472707,0.123998,0.104388,0.216814,0.557917,0.650307,0.673561,0.561223,0.437496,0.472003,0.654191,0.752745,0.760564,0.797352,0.715925,0.647349,0.653039,0.554424,0.464221,0.370493,0.201559,0.174674,0.160777,0.218372,0.499023,0.466832,0.143863,0.145639,0.328269,0.447006,0.349656,0.270179,0.146788,0.095982,0.124094,0.099976,0.420182,0.562735,0.589432,0.586878,0.576116,0.506168,0.539644,0.594452
0.630160,0.630160,0.597825,0.550067,0.448018,0.571917,0.647531,0.677736,0.333058,0.134098,0.304060,0.338540,0.317616,0.404918,0.394016,0.290067,0.325436,0.301726,0.349132,0.274836,0.494242,0.526176,0.110821,0.105547,0.212534,0.640394,0.729268,0.747140,0.597384,0.407507,0.522704,0.618097,0.723124,0.696689,0.722656,0.679895,0.686862,0.655114,0.605880,0.558821,0.456673,0.298827,0.176632,0.178789,0.219243,0.453753,0.448060,0.105941,0.138918,0.317264,0.383030,0.251882,0.133384,0.043560,0.102825,0.114673,0.195925,0.555742,0.591399,0.647849,0.591330,0.614762,0.541763,0.441881,0.519267
0.636997,0.636997,0.572214,0.492094,0.490147,0.620236,0.611151,0.503340,0.150940,0.079477,0.243656,0.381033,0.332017,0.347975,0.324041,0.316425,0.313167,0.309568,0.317319,0.283915,0.278413,0.253292,0.103237,0.094517,0.156794,0.602692,0.695368,0.673969,0.412249,0.400630,0.526449,0.575178,0.634006,0.730207,0.677897,0.668525,0.711759,0.662119,0.523868,0.436228,0.452466,0.427068,0.256735,0.141434,0.248375,0.474807,0.322708,0.105647,0.176838,0.319907,0.455776,0.177505,0.086195,0.104654,0.095761,0.154518,0.438096,0.681787,0.666574,0.638677,0.623392,0.581680,0.511646,0.342359,0.434855
0.643980,0.643980,0.526896,0.448879,0.594883,0.555365,0.477831,0.198524,0.143296,0.105488,0.157140,0.338028,0.383529,0.282375,0.307685,0.243677,0.274031,0.278928,0.287406,0.231879,0.124462,0.082791,0.137339,0.120660,0.137361,0.585131,0.649564,0.616881,0.357771,0.446389,0.457869,0.539046,0.632985,0.706184,0.627896,0.636987,0.611029,0.625502,0.517036,0.463668,0.286115,0.348736,0.263793,0.115264,0.319664,0.500911,0.282384,0.141222,0.272792,0.296156,0.409429,0.134481,0.080288,0.138700,0.093285,0.199835,0.570692,0.648317,0.635514,0.630107,0.625366,0.539750,0.495649,0.363755,0.266055
0.590237,0.590237,0.494554,0.478306,0.562731,0.489566,0.257912,0.155757,0.190375,0.118136,0.053830,0.216239,0.369193,0.339958,0.236009,0.292698,0.288965,0.255318,0.279490,0.225904,0.079816,0.104718,0.127061,0.096839,0.152779,0.574371,0.681175,0.515237,0.345320,0.400360,0.379941,0.457357,0.550800,0.604533,0.610877,0.569561,0.623403,0.609866,0.504590,0.436131,0.342440,0.307097,0.217359,0.092357,0.247688,0.435132,0.208492,0.130354,0.272099,0.238262,0.345747,0.103466,0.129277,0.126896,0.089099,0.375538,0.562217,0.554529,0.594711,0.606955,0.612836,0.527644,0.368930,0.309224,0.270735
0.567515,0.567515,0.407790,0.385225,0.506942,0.339929,0.193735,0.165914,0.189777,0.147483,0.355104,0.407294,0.335174,0.257191,0.200185,0.296167,0.245652,0.251999,0.252303,0.191917,0.098124,0.110549,0.094373,0.076435,0.132988,0.568846,0.700853,0.461566,0.382901,0.350412,0.324036,0.385019,0.506751,0.516423,0.624929,0.605963,0.599950,0.569726,0.491233,0.444501,0.427177,0.370218,0.291650,0.116148,0.224289,0.324041,0.223615,0.137266,0.239170,0.273966,0.284187,0.133185,0.117094,0.078581,0.134521,0.533795,0.573311,0.560533,0.579513,0.558491,0.588014,0.529314,0.371453,0.299675,0.272998
0.481241,0.481241,0.378642,0.422812,0.579936,0.408751,0.139717,0.179524,0.164406,0.173750,0.541514,0.572583,0.295696,0.242985,0.255355,0.234837,0.255616,0.218464,0.246871,0.386782,0.388037,0.272974,0.077341,0.090333,0.159468,0.578936,0.637736,0.431173,0.346427,0.319103,0.227959,0.315300,0.426628,0.449735,0.541352,0.557056,0.547851,0.604383,0.501594,0.436346,0.412491,0.396348,0.381677,0.202588,0.161548,0.284883,0.117041,0.145972,0.245359,0.297195,0.340929,0.084365,0.098998,0.077406,0.271117,0.577387,0.528194,0.552696,0.542078,0.579367,0.538908,0.449348,0.345419,0.259485,0.304353
0.388922,0.388922,0.394183,0.544599,0.591688,0.428018,0.143314,0.231859,0.205135,0.129459,0.428642,0.516728,0.398044,0.205009,0.230055,0.267558,0.173697,0.244742,0.266957,0.506174,0.589095,0.487328,0.093008,0.076854,0.142919,0.521205,0.651016,0.355220,0.420321,0.343983,0.232236,0.229165,0.320387,0.382691,0.505720,0.546031,0.543071,0.612090,0.527843,0.465135,0.397603,0.354115,0.323932,0.346273,0.270254,0.306272,0.131985,0.133779,0.277943,0.297892,0.234785,0.096135,0.114092,0.126193,0.399070,0.528868,0.531906,0.582101,0.626312,0.628708,0.564790,0.393638,0.330080,0.217069,0.282791
0.448156,0.448156,0.555264,0.589250,0.615848,0.417024,0.204174,0.169273,0.151939,0.178079,0.426769,0.457728,0.499010,0.317064,0.231246,0.212090,0.194894,0.206505,0.307713,0.444511,0.523258,0.432463,0.110887,0.142967,0.093492,0.526893,0.539355,0.368667,0.390732,0.421230,0.279165,0.163119,0.240189,0.332366,0.505588,0.517120,0.485035,0.579726,0.593812,0.451336,0.447223,0.434462,0.438771,0.391714,0.399210,0.234926,0.159491,0.209905,0.278126,0.259191,0.222213,0.089033,0.077848,0.147736,0.485458,0.568438,0.620179,0.612229,0.605642,0.606623,0.479549,0.299920,0.301035,0.217210,0.188752
0.568481,0.568481,0.597334,0.516432,0.500729,0.366936,0.118678,0.162405,0.170785,0.157425,0.447476,0.452446,0.441116,0.419577,0.235971,0.192522,0.193350,0.233779,0.342045,0.500396,0.504145,0.427099,0.074175,0.074167,0.125555,0.483852,0.557573,0.368007,0.310428,0.370658,0.400086,0.220121,0.192513,0.298507,0.493424,0.484458,0.554098,0.544572,0.565081,0.552438,0.467759,0.421954,0.419311,0.433924,0.399866,0.298136,0.118423,0.182970,0.302782,0.288030,0.220009,0.094337,0.107907,0.268943,0.544190,0.578860,0.637935,0.633524,0.601350,0.646776,0.365100,0.276384,0.253767,0.149169,0.212834
0.529793,0.529793,0.480221,0.437369,0.496022,0.399199,0.139366,0.140689,0.160162,0.180163,0.404959,0.482566,0.454427,0.466327,0.412019,0.238675,0.193684,0.235322,0.402166,0.510824,0.494962,0.415591,0.101316,0.075724,0.143792,0.476233,0.625810,0.315993,0.223323,0.346037,0.378633,0.286229,0.226689,0.221972,0.361530,0.443407,0.518232,0.548690,0.516583,0.511437,0.534438,0.514572,0.434056,0.403252,0.423834,0.437526,0.165104,0.175231,0.307020,0.260672,0.216075,0.120942,0.132479,0.423747,0.644290,0.636679,0.651497,0.598929,0.626175,0.584174,0.323279,0.248436,0.229575,0.146600,0.221334
0.505445,0.505445,0.436751,0.442808,0.472153,0.353203,0.142774,0.157565,0.184671,0.145211,0.393496,0.430048,0.432940,0.432161,0.461063,0.341607,0.231728,0.293333,0.472867,0.523641,0.540493,0.417993,0.094900,0.091180,0.149092,0.469930,0.588642,0.328210,0.197807,0.312694,0.385637,0.356996,0.271604,0.235978,0.304348,0.345001,0.490179,0.510025,0.570277,0.535089,0.510839,0.479381,0.489078,0.458246,0.437685,0.370076,0.310861,0.228364,0.240616,0.230960,0.129428,0.093187,0.249594,0.637661,0.651301,0.622656,0.577829,0.643529,0.631606,0.451320,0.289259,0.286590,0.153548,0.106093,0.257170
0.500119,0.500119,0.405113,0.366261,0.407503,0.342243,0.205734,0.157970,0.206211,0.140023,0.391108,0.404691,0.449376,0.443091,0.428222,0.458044,0.292207,0.299179,0.514903,0.497324,0.484977,0.423631,0.141001,0.079304,0.092801,0.444898,0.541802,0.308488,0.201087,0.277695,0.394476,0.399105,0.341177,0.270594,0.199818,0.324972,0.428406,0.517693,0.583138,0.617027,0.532602,0.476676,0.464702,0.460361,0.483319,0.392347,0.416501,0.310829,0.334655,0.297917,0.144045,0.089337,0.435732,0.640156,0.658349,0.581285,0.629528,0.576877,0.612266,0.424432,0.270088,0.226138,0.149402,0.128078,0.316803
0.443769,0.443769,0.298764,0.387678,0.395019,0.352002,0.126744,0.158407,0.152694,0.156800,0.371414,0.406343,0.458051,0.434834,0.482298,0.450436,0.451815,0.376689,0.410500,0.485005,0.481877,0.428577,0.137885,0.085915,0.104388,0.469296,0.567316,0.396546,0.150485,0.273854,0.368551,0.366205,0.372901,0.358989,0.212188,0.238114,0.353053,0.422755,0.543080,0.525281,0.513305,0.507138,0.474364,0.461126,0.435583,0.460388,0.403696,0.365464,0.294603,0.160887,0.087146,0.263559,0.634248,0.615394,0.570468,0.618159,0.604135,0.592808,0.545569,0.356625,0.210969,0.172447,0.156084,0.141224,0.485302
0.466342,0.466342,0.373656,0.366417,0.397244,0.340625,0.157160,0.191280,0.135066,0.132069,0.318010,0.414970,0.420317,0.417123,0.435881,0.482544,0.419400,0.471192,0.450245,0.455111,0.492767,0.413476,0.108039,0.095855,0.079758,0.449302,0.553970,0.518848,0.287943,0.236856,0.296331,0.369861,0.418826,0.429814,0.351494,0.228566,0.250418,0.415267,0.435970,0.506929,0.516550,0.497076,0.462189,0.429344,0.449615,0.468885,0.464049,0.434639,0.347432,0.143670,0.080202,0.466637,0.656597,0.632919,0.592083,0.638245,0.635698,0.596226,0.515935,0.314967,0.219468,0.146969,0.136116,0.219026,0.602002
0.399017,0.399017,0.302128,0.339487,0.322942,0.301222,0.190642,0.126297,0.134655,0.148395,0.322582,0.437729,0.406225,0.383934,0.455160,0.386936,0.442888,0.402492,0.503413,0.520609,0.486259,0.440645,0.127972,0.105494,0.127448,0.445667,0.600481,0.589546,0.416572,0.278579,0.337343,0.403739,0.452459,0.448116,0.399112,0.298125,0.137587,0.297960,0.328659,0.405940,0.448855,0.539788,0.440529,0.420979,0.351931,0.330906,0.404722,0.450831,0.417780,0.266265,0.282532,0.684393,0.648343,0.596332,0.651765,0.667727,0.619722,0.577292,0.443266,0.228997,0.139786,0.127301,0.103674,0.229630,0.621800
0.404379,0.404379,0.278446,0.328702,0.372799,0.292755,0.155327,0.164957,0.176249,0.143934,0.292484,0.381067,0.379036,0.328933,0.386958,0.377014,0.424040,0.440512,0.450539,0.485239,0.475943,0.406977,0.096227,0.097499,0.125388,0.427631,0.524833,0.490492,0.569649,0.405999,0.247300,0.382909,0.451309,0.501751,0.440022,0.411081,0.221900,0.129141,0.227018,0.334468,0.442765,0.498268,0.456666,0.423097,0.417260,0.386490,0.468529,0.618627,0.508154,0.335353,0.495379,0.691379,0.623384,0.623355,0.632311,0.618360,0.643592,0.548522,0.410081,0.145655,0.154783,0.125988,0.161266,0.198670,0.647957
0.385420,0.385420,0.301579,0.280924,0.331936,0.278986,0.139485,0.173502,0.166765,0.163867,0.274173,0.353296,0.321585,0.358384,0.412123,0.442467,0.358054,0.374539,0.406703,0.408134,0.413771,0.415121,0.105166,0.074491,0.109318,0.428680,0.499214,0.465504,0.490305,0.527215,0.275658,0.329751,0.398089,0.500932,0.517440,0.493489,0.424929,0.217426,0.123717,0.245896,0.336861,0.413607,0.439046,0.396055,0.421150,0.443825,0.636283,0.661991,0.429951,0.305475,0.619756,0.624972,0.578315,0.703536,0.627947,0.651203,0.557327,0.448659,0.339284,0.152836,0.127753,0.132013,0.124517,0.240199,0.615750
0.338646,0.338646,0.305326,0.324828,0.322731,0.318010,0.132992,0.139336,0.181198,0.139796,0.246740,0.333445,0.346988,0.412764,0.430434,0.416754,0.417680,0.444154,0.418332,0.415494,0.370568,0.303384,0.089102,0.120065,0.129629,0.425034,0.476350,0.453019,0.461974,0.557392,0.508034,0.304743,0.283782,0.448603,0.444914,0.464549,0.491518,0.388082,0.207832,0.136802,0.228521,0.280397,0.416710,0.370378,0.354953,0.483057,0.605373,0.608061,0.303436,0.475787,0.625385,0.620111,0.627302,0.659991,0.613248,0.631664,0.538325,0.355861,0.240701,0.130873,0.124970,0.098689,0.118347,0.276490,0.589526
0.308543,0.308543,0.208412,0.201040,0.213579,0.226168,0.138298,0.132398,0.170016,0.173630,0.236739,0.306815,0.390221,0.429826,0.416784,0.421643,0.389451,0.398869,0.366835,0.423528,0.371103,0.276260,0.123732,0.092111,0.124069,0.359619,0.450324,0.440848,0.477343,0.520247,0.613998,0.422127,0.225101,0.370850,0.447285,0.442397,0.469830,0.470695,0.419370,0.186056,0.123613,0.222873,0.447538,0.388615,0.375058,0.552153,0.603832,0.491044,0.276774,0.650080,0.636277,0.615815,0.640964,0.683768,0.615410,0.585081,0.498286,0.361433,0.230820,0.134727,0.097430,0.092554,0.182146,0.411273,0.621182
0.321002,0.321002,0.161519,0.211041,0.185412,0.150519,0.182023,0.126622,0.143032,0.131025,0.115888,0.222750,0.275474,0.286204,0.300328,0.378536,0.336416,0.357033,0.340323,0.346362,0.394545,0.279009,0.158276,0.117026,0.212509,0.353931,0.382343,0.427119,0.511829,0.541830,0.559036,0.530950,0.378308,0.294947,0.385135,0.471795,0.458661,0.502028,0.507299,0.388557,0.144201,0.122598,0.420676,0.424743,0.403560,0.577600,0.642656,0.454543,0.367131,0.632202,0.613928,0.644732,0.652594,0.632233,0.645913,0.523231,0.447854,0.345095,0.211223,0.106171,0.114426,0.123239,0.300915,0.548943,0.606293
0.553397,0.553397,0.473781,0.450592,0.373653,0.368663,0.214682,0.146699,0.160564,0.180233,0.117224,0.169124,0.210879,0.256784,0.209612,0.180389,0.241845,0.255818,0.314495,0.280222,0.328422,0.174986,0.166181,0.181749,0.319726,0.319064,0.365901,0.410718,0.498168,0.513760,0.532240,0.532142,0.471472,0.388334,0.320447,0.423238,0.507197,0.490433,0.485305,0.475727,0.380477,0.137376,0.227581,0.398473,0.460805,0.616828,0.647384,0.356466,0.478563,0.630505,0.619211,0.648936,0.628667,0.607339,0.563719,0.494156,0.387739,0.274475,0.161759,0.100638,0.119956,0.189329,0.486675,0.532676,0.613272
0.481280,0.481280,0.385350,0.414297,0.502549,0.465489,0.240817,0.135206,0.197219,0.156847,0.106901,0.213659,0.211803,0.280774,0.300224,0.225756,0.273351,0.267972,0.308220,0.262089,0.227699,0.182458,0.153084,0.166153,0.267148,0.319066,0.354369,0.456343,0.462742,0.491052,0.455017,0.442842,0.443562,0.400991,0.298606,0.274640,0.451903,0.449621,0.481164,0.502835,0.444337,0.390046,0.244771,0.393687,0.472826,0.576940,0.552378,0.399029,0.588560,0.534050,0.524491,0.594381,0.614654,0.556531,0.566624,0.460717,0.363449,0.222111,0.136171,0.099841,0.119118,0.351460,0.497864,0.487418,0.578246
0.444036,0.444036,0.373758,0.362258,0.410441,0.373194,0.223456,0.141281,0.117928,0.135516,0.134241,0.124014,0.247204,0.284021,0.327522,0.342847,0.373080,0.323147,0.317835,0.319803,0.173679,0.144614,0.095676,0.131049,0.250673,0.257357,0.377701,0.447569,0.411905,0.434233,0.430787,0.435847,0.426625,0.342644,0.312465,0.210677,0.311314,0.465717,0.460878,0.451554,0.461961,0.481863,0.541749,0.540884,0.559216,0.500652,0.577511,0.463109,0.350060,0.170336,0.165646,0.259621,0.436685,0.578282,0.489045,0.382253,0.309832,0.137777,0.079902,0.160799,0.206142,0.303087,0.444321,0.460059,0.543304
0.454178,0.454178,0.405455,0.420584,0.392119,0.329745,0.241016,0.128714,0.140138,0.110625,0.108835,0.096409,0.186196,0.290337,0.359061,0.320001,0.330901,0.256836,0.317959,0.234134,0.119053,0.092302,0.104781,0.216289,0.232871,0.302210,0.377331,0.437664,0.455583,0.445512,0.436362,0.398699,0.409419,0.368459,0.261173,0.118413,0.163727,0.351083,0.403172,0.450651,0.436137,0.466105,0.505700,0.585294,0.612536,0.503464,0.531630,0.413630,0.500204,0.520223,0.492587,0.290999,0.151841,0.236240,0.420923,0.388298,0.230146,0.171283,0.073793,0.238022,0.224868,0.239480,0.269713,0.423927,0.491903
0.495778,0.495778,0.377026,0.421156,0.447039,0.396154,0.253853,0.189950,0.199139,0.152777,0.155132,0.137245,0.218521,0.312877,0.298595,0.348309,0.310195,0.327469,0.295540,0.235740,0.163489,0.168262,0.115686,0.273101,0.311326,0.414217,0.461884,0.485710,0.454926,0.461887,0.452119,0.442626,0.435020,0.412459,0.231637,0.183448,0.148741,0.173133,0.442580,0.477249,0.427516,0.521939,0.545082,0.630528,0.620938,0.527744,0.572885,0.583286,0.498477,0.620154,0.646045,0.464571,0.294431,0.154090,0.194764,0.268357,0.265331,0.190075,0.115597,0.262433,0.266875,0.248188,0.332916,0.399136,0.532674