0.575408,0.575408,0.576838,0.579291,0.582962,0.585924,0.580679,0.556710,0.513099,0.466361,0.439661,0.433303,0.438085,0.452547,0.472490,0.489037,0.498717,0.500388,0.499950,0.504515,0.510308,0.517235,0.521680,0.524767,0.525255,0.524356,0.524877,0.524624,0.524332,0.524087,0.525161,0.529097,0.532509,0.529509,0.522192,0.513351,0.507468,0.504709,0.500541,0.493533,0.490010,0.498576,0.524338,0.553465,0.574132,0.586061,0.590264,0.587757,0.583078,0.584374,0.594133,0.607903,0.622399,0.611029,0.563490,0.518360,0.495283,0.487317,0.486601,0.488094,0.492988,0.484022,0.458176,0.425559,0.407757
0.575582,0.575582,0.578210,0.581465,0.584718,0.585885,0.579186,0.556233,0.510993,0.465780,0.440240,0.433941,0.438448,0.452085,0.471674,0.487821,0.498072,0.501102,0.502103,0.506074,0.511894,0.517545,0.521292,0.522960,0.523611,0.522959,0.523187,0.523278,0.522367,0.522427,0.524669,0.528892,0.531452,0.528663,0.520806,0.512717,0.507185,0.504422,0.499878,0.492960,0.489954,0.498312,0.522505,0.552090,0.573378,0.585809,0.589475,0.587879,0.583131,0.582134,0.589614,0.602311,0.618862,0.615894,0.578534,0.532020,0.503774,0.493058,0.488318,0.487086,0.484428,0.469684,0.438094,0.401296,0.379601
0.576799,0.576799,0.579982,0.583810,0.586435,0.585978,0.577379,0.552992,0.509241,0.465307,0.442736,0.436432,0.439701,0.453710,0.472073,0.486847,0.497906,0.503469,0.506974,0.510317,0.515065,0.520119,0.521086,0.520711,0.520519,0.518696,0.518886,0.518889,0.518996,0.519761,0.522204,0.526165,0.528480,0.525993,0.518716,0.513221,0.508028,0.503108,0.498716,0.492503,0.488441,0.496981,0.519862,0.549449,0.571111,0.582934,0.586984,0.584433,0.579590,0.576859,0.580823,0.592447,0.611585,0.620361,0.601698,0.556149,0.515980,0.498024,0.487672,0.477700,0.462894,0.433991,0.387788,0.347597,0.335949
0.581717,0.581717,0.584693,0.586628,0.587666,0.586258,0.576399,0.551689,0.508110,0.464627,0.443749,0.437635,0.440947,0.453709,0.470211,0.486598,0.498559,0.506841,0.510684,0.513176,0.516956,0.519654,0.520449,0.519846,0.519925,0.519643,0.521127,0.523111,0.525704,0.527685,0.530736,0.532434,0.530872,0.525649,0.517153,0.511412,0.506909,0.501537,0.496490,0.488923,0.485122,0.492327,0.515438,0.545167,0.568366,0.580197,0.583754,0.581451,0.576316,0.572664,0.573033,0.582492,0.601751,0.618095,0.618900,0.587123,0.536839,0.504232,0.482367,0.458587,0.425368,0.375421,0.328549,0.305938,0.301494
0.585703,0.585703,0.587034,0.584980,0.584378,0.582633,0.573745,0.549593,0.503390,0.460406,0.440134,0.435934,0.440888,0.452305,0.468103,0.484553,0.497579,0.505823,0.509588,0.511658,0.513629,0.516534,0.519175,0.520194,0.520867,0.522859,0.527060,0.532129,0.536124,0.541298,0.544123,0.544500,0.540421,0.532351,0.521723,0.513209,0.506390,0.499614,0.493556,0.486467,0.481733,0.488257,0.510840,0.541622,0.564411,0.575038,0.577960,0.577154,0.573573,0.569287,0.567335,0.573259,0.589948,0.609671,0.624759,0.614224,0.563120,0.510000,0.471473,0.430391,0.372624,0.320765,0.295983,0.285835,0.281358
0.589613,0.589613,0.586600,0.579872,0.576882,0.576780,0.571568,0.548724,0.500824,0.456037,0.436958,0.434302,0.439617,0.450535,0.465251,0.482103,0.496192,0.505505,0.508629,0.509409,0.510029,0.512807,0.517415,0.519983,0.521339,0.526852,0.534311,0.543233,0.552294,0.559633,0.564059,0.563884,0.558446,0.547598,0.534224,0.522392,0.510489,0.498901,0.491267,0.483021,0.478797,0.485714,0.508460,0.540177,0.561433,0.569543,0.572075,0.571537,0.569140,0.565716,0.561970,0.564654,0.578496,0.599312,0.621332,0.625447,0.586753,0.511917,0.445632,0.378573,0.317590,0.290731,0.281140,0.276396,0.273369
0.588976,0.588976,0.579965,0.568091,0.565031,0.569338,0.570605,0.549238,0.497715,0.450353,0.431573,0.429358,0.435366,0.446056,0.461282,0.478120,0.492987,0.502677,0.504998,0.505086,0.505205,0.508203,0.514035,0.519163,0.524011,0.531996,0.542410,0.555635,0.569628,0.581342,0.588869,0.591272,0.585664,0.571918,0.554398,0.537647,0.522682,0.506792,0.492756,0.479575,0.474164,0.481065,0.504207,0.536666,0.556730,0.564143,0.566568,0.567070,0.565601,0.563244,0.558506,0.558313,0.568575,0.587208,0.607162,0.617546,0.592958,0.506080,0.401001,0.323724,0.289697,0.279274,0.276463,0.274659,0.274150
0.579370,0.579370,0.564885,0.549037,0.549424,0.562713,0.570461,0.550810,0.495668,0.444086,0.424367,0.423983,0.429565,0.441873,0.457588,0.473934,0.489737,0.499577,0.501023,0.499882,0.499990,0.501850,0.508221,0.514307,0.521770,0.532014,0.545046,0.561604,0.579300,0.595841,0.609776,0.617036,0.616556,0.605829,0.587563,0.566544,0.545726,0.525256,0.502931,0.482072,0.473590,0.479930,0.503111,0.535812,0.553447,0.557488,0.558577,0.558840,0.559500,0.557416,0.554061,0.553207,0.559674,0.573847,0.586912,0.593632,0.570627,0.468734,0.343923,0.293331,0.278568,0.275872,0.276539,0.279722,0.282244
0.561148,0.561148,0.542227,0.525418,0.534581,0.557200,0.571060,0.553395,0.496463,0.440725,0.419847,0.419726,0.423111,0.435187,0.452545,0.469363,0.486045,0.495806,0.496635,0.495374,0.494245,0.494158,0.499500,0.507795,0.517129,0.529584,0.544172,0.562831,0.583086,0.604207,0.624410,0.638283,0.643499,0.639887,0.627741,0.609111,0.582257,0.551211,0.519172,0.488959,0.473781,0.476901,0.499856,0.533420,0.549897,0.549702,0.546154,0.544611,0.547213,0.548673,0.548620,0.549139,0.552459,0.560440,0.564636,0.556766,0.508294,0.386270,0.303689,0.281579,0.275459,0.276795,0.284233,0.293497,0.302676
0.529974,0.529974,0.510086,0.500605,0.520935,0.553063,0.570831,0.552695,0.494297,0.436368,0.414774,0.412730,0.415701,0.428683,0.446492,0.465421,0.479863,0.488225,0.490174,0.487901,0.485196,0.485323,0.490621,0.500012,0.511663,0.525150,0.539380,0.557624,0.580818,0.605625,0.631085,0.651844,0.664320,0.668733,0.665386,0.654439,0.633299,0.595688,0.546420,0.502924,0.481008,0.479088,0.498499,0.531320,0.546579,0.542792,0.530989,0.523943,0.528618,0.536082,0.542411,0.546041,0.545961,0.544773,0.534633,0.498362,0.407845,0.320180,0.288057,0.279311,0.279257,0.288831,0.306166,0.326826,0.351205
0.489970,0.489970,0.475499,0.478703,0.509205,0.548714,0.569690,0.552558,0.495748,0.437158,0.412594,0.408834,0.411584,0.425727,0.443365,0.461206,0.474405,0.481807,0.481758,0.476364,0.474948,0.478434,0.485813,0.495224,0.506698,0.521041,0.533021,0.550112,0.573569,0.600292,0.628269,0.654994,0.673552,0.686045,0.690645,0.688943,0.677121,0.649403,0.593788,0.528785,0.497842,0.490165,0.504934,0.532442,0.544513,0.535824,0.511376,0.493048,0.499153,0.516006,0.531227,0.540720,0.537977,0.524445,0.491127,0.418125,0.330895,0.292504,0.281882,0.280658,0.289449,0.309968,0.344116,0.388071,0.425552
0.449660,0.449660,0.447412,0.463426,0.502725,0.547482,0.568741,0.552297,0.496731,0.437994,0.410223,0.404374,0.407734,0.421167,0.438896,0.457478,0.472645,0.477888,0.473646,0.467989,0.467885,0.473445,0.482942,0.491951,0.504972,0.518658,0.530876,0.548095,0.571481,0.598675,0.628036,0.656410,0.678661,0.694417,0.704699,0.708462,0.703764,0.688831,0.650575,0.577429,0.522612,0.504161,0.512624,0.532696,0.541863,0.528412,0.490285,0.458189,0.465435,0.496283,0.524854,0.540247,0.532748,0.500881,0.434993,0.346275,0.294188,0.278646,0.277325,0.284988,0.305304,0.343496,0.400565,0.461363,0.495487
0.414427,0.414427,0.422776,0.449758,0.496875,0.544822,0.566255,0.549202,0.494411,0.438157,0.410611,0.401792,0.406095,0.419003,0.436489,0.456275,0.469938,0.472879,0.465709,0.461506,0.465023,0.474730,0.486091,0.495647,0.508198,0.520088,0.532756,0.550520,0.574076,0.601450,0.630851,0.658998,0.680287,0.695840,0.708196,0.715391,0.716101,0.708244,0.687011,0.639785,0.567582,0.524481,0.521934,0.535255,0.539907,0.521504,0.471845,0.432136,0.440832,0.485093,0.530511,0.552048,0.535877,0.477951,0.385146,0.309231,0.280964,0.275066,0.280366,0.297141,0.333879,0.396844,0.468618,0.518531,0.541805
0.398787,0.398787,0.412267,0.443628,0.493643,0.543201,0.565077,0.548409,0.494409,0.438419,0.409418,0.400044,0.405340,0.420505,0.439933,0.460432,0.475146,0.476628,0.466352,0.462360,0.466228,0.477714,0.490650,0.501053,0.512468,0.524423,0.538462,0.558718,0.583367,0.609984,0.637023,0.659879,0.678645,0.694747,0.706941,0.714033,0.717240,0.713936,0.702461,0.677595,0.626159,0.562659,0.540739,0.544965,0.543912,0.521130,0.470169,0.431088,0.440350,0.493435,0.550646,0.573820,0.545752,0.456428,0.353237,0.296572,0.278351,0.277233,0.288053,0.317454,0.376602,0.457529,0.519419,0.552955,0.567767
0.390523,0.390523,0.407482,0.441838,0.493494,0.543338,0.564749,0.547207,0.491999,0.434627,0.406451,0.398473,0.404743,0.422418,0.442348,0.464850,0.483015,0.483223,0.470018,0.464759,0.470062,0.482495,0.497288,0.506425,0.517761,0.529844,0.545349,0.569343,0.594417,0.617069,0.638769,0.657243,0.673528,0.688057,0.699467,0.706694,0.711770,0.712391,0.706101,0.693848,0.664551,0.609858,0.566175,0.557838,0.551773,0.532461,0.492205,0.459826,0.472487,0.531056,0.585977,0.605794,0.566273,0.444170,0.338404,0.292574,0.278990,0.282568,0.301957,0.351729,0.435887,0.508660,0.550080,0.570120,0.578732
0.391342,0.391342,0.410925,0.447057,0.497622,0.545351,0.566289,0.548577,0.490269,0.432175,0.406873,0.400449,0.408787,0.428644,0.450082,0.476558,0.497476,0.495724,0.478727,0.472082,0.477444,0.490296,0.504110,0.513292,0.523693,0.536122,0.554346,0.578060,0.600717,0.620014,0.637140,0.652386,0.664775,0.677638,0.689040,0.695727,0.702068,0.703818,0.702750,0.696603,0.680901,0.647299,0.604696,0.581995,0.572235,0.557934,0.531847,0.510130,0.534681,0.589809,0.622207,0.634504,0.590443,0.442841,0.329186,0.290807,0.281577,0.291893,0.326460,0.403471,0.490137,0.541859,0.568139,0.578405,0.581579
0.398853,0.398853,0.419043,0.453660,0.502585,0.547999,0.568443,0.550974,0.492315,0.432309,0.407535,0.403287,0.411882,0.434330,0.460029,0.489204,0.513788,0.509437,0.487989,0.477765,0.480532,0.491938,0.506426,0.517293,0.528133,0.542367,0.560111,0.582222,0.602510,0.617926,0.632756,0.643112,0.652794,0.664630,0.675809,0.682378,0.689706,0.691275,0.693068,0.693332,0.684695,0.665975,0.640054,0.613767,0.598054,0.588816,0.578282,0.576653,0.601782,0.636839,0.648812,0.651499,0.600286,0.439812,0.323184,0.291110,0.287795,0.309170,0.369034,0.462520,0.529797,0.562796,0.576618,0.580732,0.580467
0.403947,0.403947,0.424752,0.459853,0.507807,0.551073,0.570736,0.553245,0.494117,0.432100,0.408684,0.404655,0.412273,0.436700,0.463983,0.498579,0.527744,0.522955,0.497370,0.483023,0.483197,0.493231,0.507577,0.519159,0.532076,0.545790,0.561408,0.580167,0.597112,0.610041,0.621577,0.630412,0.638887,0.650093,0.659485,0.665406,0.673242,0.676338,0.679376,0.681680,0.678317,0.671010,0.660130,0.644361,0.631055,0.627334,0.628772,0.633383,0.648000,0.665222,0.662993,0.655694,0.590688,0.423708,0.315040,0.291998,0.297450,0.338544,0.423363,0.508064,0.555117,0.574189,0.579796,0.579207,0.577173
0.407967,0.407967,0.429418,0.464334,0.511761,0.553659,0.573279,0.556971,0.498707,0.436671,0.413842,0.407754,0.412345,0.437309,0.466964,0.505669,0.538955,0.535907,0.509591,0.491068,0.488001,0.496220,0.510004,0.523080,0.535663,0.547465,0.559192,0.572497,0.585805,0.596232,0.606174,0.614279,0.622439,0.631345,0.638761,0.642967,0.651332,0.656301,0.660541,0.666789,0.670002,0.670962,0.670857,0.667246,0.665474,0.666029,0.669206,0.669638,0.672674,0.672339,0.654265,0.636071,0.555411,0.392669,0.307008,0.297639,0.318526,0.383057,0.475855,0.539657,0.568524,0.579823,0.580438,0.577726,0.574502
0.413809,0.413809,0.433675,0.468007,0.514644,0.557408,0.575938,0.560720,0.503327,0.441267,0.414919,0.406096,0.410699,0.438141,0.469317,0.511817,0.550672,0.551174,0.523910,0.499164,0.491735,0.497319,0.510309,0.523555,0.534900,0.544663,0.552639,0.560985,0.569264,0.576432,0.584566,0.591864,0.597185,0.602135,0.606310,0.609554,0.619505,0.628698,0.637903,0.650535,0.661625,0.669971,0.678271,0.682092,0.686128,0.688925,0.687612,0.680492,0.670302,0.651989,0.622361,0.592749,0.495282,0.356182,0.304659,0.309815,0.351053,0.436084,0.517190,0.558340,0.575355,0.581620,0.580901,0.577591,0.574145
0.415824,0.415824,0.436049,0.469257,0.515482,0.559625,0.580320,0.565520,0.507606,0.444287,0.416495,0.405360,0.409534,0.435562,0.465313,0.512412,0.557978,0.562855,0.536586,0.508009,0.497039,0.500183,0.511105,0.522714,0.532589,0.539137,0.542643,0.544045,0.545403,0.547365,0.553804,0.561047,0.564893,0.566834,0.568637,0.571987,0.585273,0.601969,0.620387,0.641574,0.658333,0.670982,0.681954,0.687342,0.691471,0.689858,0.681528,0.665325,0.644426,0.611249,0.576353,0.533291,0.423931,0.328178,0.307827,0.330077,0.396938,0.483606,0.543002,0.568990,0.578418,0.581521,0.579658,0.576717,0.572793
0.422735,0.422735,0.441253,0.471566,0.517168,0.561799,0.583456,0.569821,0.510476,0.444815,0.415928,0.405742,0.410658,0.435237,0.465159,0.513724,0.564544,0.572883,0.549661,0.518177,0.504189,0.502552,0.510116,0.520237,0.527603,0.530896,0.528044,0.519932,0.510486,0.505429,0.510364,0.519432,0.522544,0.522391,0.523779,0.531680,0.553183,0.581083,0.610870,0.638761,0.658322,0.671428,0.677963,0.679491,0.679620,0.674062,0.659519,0.636479,0.605620,0.564779,0.524250,0.463956,0.362279,0.313079,0.316272,0.361940,0.450090,0.521035,0.560356,0.576001,0.580173,0.580628,0.578724,0.576691,0.574009
0.430158,0.430158,0.446195,0.474334,0.518320,0.562341,0.585704,0.572486,0.513328,0.443670,0.414887,0.406350,0.408243,0.434312,0.464061,0.510500,0.565100,0.578915,0.556682,0.523941,0.506563,0.501522,0.505882,0.511910,0.516415,0.513864,0.502601,0.481793,0.459693,0.447996,0.451805,0.463494,0.467894,0.469175,0.478451,0.498965,0.532773,0.573916,0.611779,0.641335,0.658727,0.665979,0.665446,0.658798,0.651930,0.639663,0.619826,0.594386,0.560543,0.518186,0.468365,0.387820,0.321134,0.307689,0.330002,0.402128,0.492999,0.546941,0.572299,0.581511,0.581518,0.580458,0.579920,0.577602,0.575688
0.436307,0.436307,0.450620,0.476723,0.519973,0.563318,0.587107,0.574879,0.513748,0.442165,0.414718,0.405908,0.405892,0.430177,0.459833,0.503472,0.558895,0.578871,0.561221,0.529669,0.509974,0.502084,0.501143,0.503553,0.501624,0.489673,0.463698,0.428059,0.398434,0.385096,0.389930,0.402775,0.411802,0.427480,0.450571,0.486726,0.536714,0.582044,0.618441,0.645518,0.658568,0.658945,0.648895,0.631296,0.613451,0.596120,0.577096,0.554791,0.521049,0.471362,0.397817,0.329041,0.302374,0.311240,0.352767,0.441348,0.522043,0.561720,0.578688,0.583550,0.581280,0.579143,0.578395,0.576754,0.575171
0.441393,0.441393,0.453774,0.478784,0.521929,0.562831,0.585348,0.574135,0.514176,0.442574,0.414367,0.405484,0.406071,0.428304,0.457192,0.497443,0.548918,0.575210,0.562797,0.530791,0.508127,0.495582,0.489147,0.485362,0.474441,0.449447,0.410535,0.371344,0.346054,0.338491,0.346382,0.359254,0.381274,0.410271,0.452787,0.507969,0.560977,0.598167,0.627127,0.649161,0.657816,0.650740,0.627518,0.591996,0.563855,0.550526,0.541835,0.519617,0.472804,0.398821,0.332288,0.299082,0.296041,0.320486,0.380980,0.474655,0.541088,0.570738,0.583057,0.584994,0.581990,0.579263,0.578153,0.576845,0.575409
0.440471,0.440471,0.451892,0.478435,0.520579,0.561346,0.582670,0.572031,0.513964,0.440539,0.411709,0.403574,0.405708,0.426917,0.455907,0.490835,0.535009,0.565328,0.559925,0.528187,0.501945,0.484116,0.470936,0.456782,0.431340,0.392765,0.357146,0.329648,0.316469,0.317070,0.325281,0.343341,0.378021,0.425880,0.488122,0.546881,0.586741,0.613144,0.635028,0.653714,0.659850,0.647289,0.611585,0.558475,0.519929,0.505833,0.498786,0.468669,0.401969,0.332513,0.299542,0.288427,0.298206,0.338421,0.416172,0.500726,0.553397,0.575598,0.584855,0.585469,0.582772,0.579748,0.578467,0.577468,0.575462
0.436202,0.436202,0.448810,0.476205,0.519867,0.560411,0.582015,0.572758,0.512460,0.438974,0.409415,0.403212,0.406511,0.425209,0.452629,0.484561,0.520545,0.551466,0.551796,0.522771,0.491172,0.467434,0.445354,0.418358,0.378068,0.340974,0.318095,0.305610,0.303522,0.311025,0.325539,0.357020,0.411342,0.478808,0.540726,0.580977,0.606352,0.625616,0.642623,0.658875,0.666135,0.655074,0.617136,0.547466,0.486453,0.468318,0.458747,0.409176,0.343652,0.300808,0.285865,0.285899,0.306988,0.366226,0.451959,0.520935,0.559680,0.575212,0.581984,0.582881,0.580640,0.578252,0.577233,0.577006,0.574333
0.432412,0.432412,0.446799,0.473310,0.517300,0.559260,0.582117,0.573569,0.511877,0.435909,0.405672,0.403980,0.413025,0.430585,0.455663,0.484147,0.511850,0.537469,0.537367,0.511151,0.475764,0.444494,0.408665,0.369277,0.331543,0.306691,0.298775,0.296885,0.302023,0.320254,0.345644,0.397205,0.468678,0.531771,0.574506,0.600091,0.614739,0.629984,0.645987,0.662679,0.673103,0.665735,0.634245,0.552782,0.465610,0.438842,0.423362,0.366890,0.316460,0.289868,0.281797,0.289502,0.323936,0.401068,0.484213,0.538671,0.565457,0.575944,0.580174,0.581668,0.580434,0.578710,0.577633,0.576731,0.573988
0.426800,0.426800,0.442081,0.467953,0.512511,0.559646,0.584785,0.575399,0.512265,0.435279,0.405619,0.407037,0.420360,0.438382,0.460324,0.483003,0.501996,0.517778,0.515695,0.491519,0.456108,0.414066,0.366445,0.327667,0.300662,0.286818,0.289001,0.294607,0.309679,0.340657,0.387032,0.460495,0.525077,0.564022,0.586927,0.599605,0.608160,0.621773,0.640803,0.660277,0.675032,0.669012,0.641345,0.562169,0.455376,0.406340,0.386321,0.339204,0.302975,0.285406,0.283092,0.299148,0.348386,0.439226,0.512611,0.551761,0.569931,0.576017,0.578334,0.579850,0.579980,0.577630,0.576989,0.574457,0.571188
0.422353,0.422353,0.437069,0.462636,0.509711,0.559750,0.586240,0.577386,0.512805,0.434743,0.405401,0.409053,0.426424,0.446741,0.466767,0.485078,0.497018,0.501160,0.490006,0.465013,0.426781,0.378382,0.333483,0.302346,0.286995,0.280438,0.285614,0.297697,0.322604,0.371246,0.446170,0.513647,0.551027,0.566855,0.573751,0.577868,0.585987,0.603219,0.626036,0.648586,0.664234,0.654333,0.626625,0.553080,0.440968,0.379331,0.364349,0.332504,0.302688,0.288279,0.290773,0.312833,0.380181,0.474231,0.534262,0.562117,0.574277,0.577055,0.577108,0.577931,0.576632,0.574044,0.573245,0.569586,0.565295
0.414451,0.414451,0.428332,0.455507,0.503637,0.556763,0.586600,0.579938,0.514877,0.436029,0.407481,0.412740,0.432187,0.454236,0.474701,0.489716,0.493190,0.481207,0.457552,0.427065,0.387582,0.346254,0.310179,0.287569,0.279758,0.277060,0.285864,0.306386,0.347523,0.422795,0.502195,0.541935,0.554167,0.552344,0.548136,0.550736,0.561356,0.583137,0.608715,0.630566,0.641813,0.627072,0.590789,0.511415,0.412124,0.358537,0.351774,0.334470,0.307261,0.293283,0.299081,0.330131,0.411536,0.501641,0.550068,0.570522,0.578049,0.580112,0.578985,0.578477,0.575194,0.571451,0.568822,0.563445,0.558392
0.405395,0.405395,0.419658,0.448061,0.499407,0.555422,0.587687,0.582555,0.518965,0.441109,0.412110,0.417836,0.434252,0.457219,0.477865,0.490107,0.484444,0.457510,0.422526,0.389100,0.358892,0.330746,0.301410,0.282300,0.276523,0.277203,0.289876,0.322225,0.389503,0.482596,0.537908,0.550365,0.539081,0.521830,0.515011,0.520630,0.535437,0.561909,0.590853,0.612177,0.616844,0.591842,0.533572,0.449475,0.379551,0.343488,0.341271,0.335482,0.312302,0.299770,0.311716,0.354146,0.443534,0.521688,0.560296,0.576076,0.580593,0.581414,0.578761,0.576870,0.571604,0.565819,0.563650,0.559321,0.555216
0.397198,0.397198,0.411393,0.440321,0.493534,0.552981,0.587684,0.583810,0.523398,0.447598,0.419414,0.423320,0.437823,0.458615,0.478361,0.486624,0.471495,0.431457,0.387539,0.359376,0.341761,0.325244,0.299813,0.281703,0.276293,0.281680,0.300704,0.354203,0.448238,0.524479,0.553883,0.543040,0.513746,0.494546,0.493743,0.506187,0.522499,0.547894,0.574676,0.596134,0.593383,0.549892,0.478148,0.407177,0.355750,0.333320,0.336880,0.339198,0.317575,0.307832,0.326328,0.381528,0.472441,0.536589,0.566742,0.578069,0.581498,0.579335,0.575653,0.572178,0.566347,0.563128,0.562759,0.561058,0.559802
0.387139,0.387139,0.401128,0.429741,0.484840,0.550325,0.588087,0.585177,0.527456,0.455326,0.428192,0.430637,0.442748,0.458830,0.474036,0.475226,0.444318,0.394211,0.359029,0.339993,0.333032,0.327265,0.302379,0.282543,0.279433,0.288951,0.323217,0.406844,0.498029,0.545172,0.552136,0.530037,0.504715,0.493724,0.500001,0.517065,0.527241,0.543312,0.565128,0.586689,0.581090,0.529419,0.459123,0.395225,0.345173,0.327183,0.337623,0.344495,0.324302,0.318196,0.344471,0.410110,0.495832,0.547898,0.569286,0.577445,0.578170,0.575329,0.571822,0.568533,0.566618,0.567177,0.569940,0.573027,0.576840
0.376120,0.376120,0.390884,0.420684,0.477886,0.547611,0.588172,0.584835,0.529825,0.461022,0.436035,0.438012,0.445603,0.456875,0.462068,0.446681,0.405978,0.365061,0.337850,0.325171,0.326965,0.328027,0.307749,0.287174,0.287098,0.306327,0.362724,0.457750,0.522371,0.545481,0.543140,0.530016,0.517908,0.514599,0.526494,0.537976,0.539478,0.544567,0.559959,0.581599,0.579352,0.534387,0.462800,0.396955,0.348555,0.328730,0.339458,0.348146,0.329989,0.330647,0.367107,0.440540,0.514893,0.552596,0.568388,0.573325,0.571318,0.567636,0.565232,0.564483,0.569109,0.576862,0.587208,0.598235,0.605284
0.365057,0.365057,0.378605,0.409073,0.467645,0.541775,0.584740,0.581741,0.527494,0.462787,0.440050,0.440804,0.448379,0.451747,0.440459,0.414137,0.379270,0.349717,0.325943,0.317749,0.325434,0.329472,0.317030,0.300220,0.304384,0.338489,0.410833,0.485168,0.518703,0.526363,0.532021,0.532036,0.535171,0.543664,0.556496,0.561443,0.554704,0.550776,0.559656,0.580244,0.584115,0.549268,0.481194,0.413095,0.363203,0.337565,0.345265,0.356536,0.340909,0.348042,0.395545,0.470298,0.530051,0.556973,0.567090,0.568177,0.564043,0.560345,0.560399,0.565988,0.579011,0.597593,0.614265,0.630300,0.638554
0.354358,0.354358,0.367892,0.398382,0.460487,0.536402,0.580440,0.577484,0.524037,0.462332,0.441894,0.442816,0.444001,0.437006,0.414799,0.387456,0.365070,0.338143,0.315197,0.312973,0.321698,0.327699,0.327730,0.319057,0.328913,0.374966,0.442739,0.484143,0.492736,0.505062,0.522241,0.538027,0.554556,0.570819,0.580297,0.579887,0.564781,0.555465,0.560101,0.579624,0.590456,0.566932,0.505786,0.431679,0.374350,0.341744,0.346017,0.362144,0.355125,0.370632,0.427572,0.495407,0.540868,0.559436,0.564315,0.561311,0.556254,0.553758,0.561380,0.575618,0.599112,0.626048,0.647083,0.665021,0.674242
0.345743,0.345743,0.359695,0.390984,0.453563,0.529775,0.574583,0.572737,0.521429,0.461069,0.441657,0.439338,0.430280,0.417189,0.394790,0.373602,0.359903,0.333859,0.312475,0.310056,0.316724,0.327676,0.341727,0.344140,0.360814,0.411015,0.452886,0.455293,0.457649,0.482628,0.512192,0.540526,0.564366,0.581435,0.589096,0.582644,0.563461,0.552002,0.555068,0.575349,0.592320,0.576656,0.517904,0.434853,0.373126,0.341245,0.344613,0.365722,0.370192,0.394698,0.455476,0.515456,0.548305,0.560573,0.560234,0.556315,0.551933,0.554081,0.568109,0.590590,0.623376,0.654452,0.678478,0.696416,0.704557
0.338033,0.338033,0.350717,0.380816,0.445760,0.523580,0.569728,0.569079,0.519766,0.458363,0.437737,0.428799,0.412147,0.399575,0.381940,0.369326,0.362030,0.338156,0.315029,0.310199,0.317399,0.334654,0.356188,0.368342,0.391068,0.426929,0.430177,0.410059,0.421634,0.457816,0.500579,0.537276,0.563436,0.581663,0.588836,0.580344,0.559708,0.548059,0.552137,0.571460,0.589829,0.576500,0.516142,0.424586,0.362093,0.337497,0.344484,0.373444,0.390957,0.422421,0.484688,0.532963,0.556375,0.563724,0.558698,0.553818,0.551650,0.558938,0.580579,0.613488,0.651314,0.683700,0.705607,0.719194,0.724253
0.334821,0.334821,0.347694,0.378934,0.446033,0.523042,0.568395,0.570159,0.522973,0.458475,0.432834,0.417116,0.395249,0.383175,0.371535,0.366245,0.365358,0.345783,0.321447,0.316164,0.325505,0.348076,0.370597,0.387889,0.412243,0.416004,0.385862,0.371181,0.394944,0.440354,0.492092,0.532053,0.557874,0.573698,0.580825,0.573161,0.556588,0.548095,0.553621,0.571205,0.587808,0.571397,0.503949,0.402605,0.344113,0.330025,0.340582,0.379447,0.411605,0.450007,0.508012,0.544494,0.560675,0.564925,0.557775,0.553336,0.554843,0.567128,0.597960,0.637475,0.675159,0.706671,0.724503,0.733787,0.736210
0.332608,0.332608,0.346245,0.380025,0.448478,0.524588,0.570454,0.574590,0.529447,0.462120,0.430552,0.408857,0.382551,0.369042,0.362338,0.362983,0.368600,0.356830,0.337719,0.333116,0.343710,0.369377,0.390790,0.406520,0.412074,0.380483,0.344764,0.346106,0.378427,0.430717,0.485653,0.527062,0.549884,0.563325,0.568443,0.564490,0.551494,0.546075,0.552729,0.568632,0.578889,0.554894,0.474847,0.372925,0.328078,0.322170,0.337447,0.383438,0.427860,0.472446,0.524576,0.552793,0.563632,0.566038,0.558144,0.555579,0.560427,0.579332,0.617130,0.657520,0.694424,0.722784,0.736081,0.742083,0.743816
0.326727,0.326727,0.342594,0.381132,0.452791,0.529144,0.574878,0.579198,0.534376,0.465563,0.429482,0.403133,0.371803,0.357418,0.353486,0.360704,0.371701,0.370183,0.362618,0.363018,0.375077,0.403121,0.417806,0.410912,0.380517,0.336535,0.318207,0.329716,0.368097,0.423907,0.478603,0.519939,0.542005,0.553274,0.556771,0.554970,0.547658,0.547855,0.558010,0.568738,0.567299,0.526812,0.432857,0.343256,0.314056,0.315280,0.336177,0.388215,0.445765,0.494196,0.537621,0.559721,0.567854,0.567518,0.559055,0.556816,0.566811,0.589648,0.630907,0.673963,0.708507,0.732658,0.742023,0.745232,0.746700
0.320736,0.320736,0.339493,0.385131,0.461244,0.537381,0.580735,0.584286,0.537740,0.466820,0.427408,0.397494,0.363872,0.348485,0.347233,0.360463,0.374588,0.380986,0.387652,0.393611,0.413094,0.437558,0.430271,0.389598,0.338212,0.306447,0.302556,0.320943,0.363680,0.418856,0.472246,0.512700,0.535300,0.544551,0.547280,0.545657,0.542971,0.548015,0.558282,0.562511,0.546583,0.484542,0.387962,0.318923,0.302523,0.310446,0.334445,0.391106,0.458886,0.509853,0.545845,0.564206,0.569644,0.568597,0.561125,0.560852,0.573207,0.598382,0.641576,0.684857,0.715636,0.736569,0.744131,0.746699,0.749096
0.310107,0.310107,0.332435,0.384448,0.465816,0.543168,0.585799,0.586977,0.540839,0.469065,0.426305,0.392508,0.358429,0.342917,0.345171,0.364702,0.382884,0.394125,0.410713,0.426351,0.452034,0.457594,0.418553,0.354525,0.303961,0.288669,0.291559,0.313347,0.354290,0.404318,0.457045,0.498335,0.525175,0.537893,0.541247,0.540748,0.540917,0.546568,0.553759,0.549204,0.515200,0.436379,0.346845,0.301703,0.296732,0.311081,0.337842,0.395743,0.470175,0.521698,0.551554,0.566888,0.571485,0.569220,0.563444,0.564555,0.577096,0.605605,0.650439,0.691869,0.720297,0.738909,0.745571,0.748207,0.750195
0.300523,0.300523,0.326220,0.385349,0.472150,0.548336,0.588704,0.587538,0.537776,0.463180,0.416798,0.379282,0.347385,0.335313,0.344022,0.369144,0.388846,0.406668,0.429662,0.452653,0.469884,0.451763,0.388446,0.317495,0.283044,0.277008,0.285483,0.306195,0.339856,0.382907,0.432373,0.476274,0.508529,0.529223,0.537901,0.540178,0.542463,0.549524,0.552198,0.535862,0.480406,0.385793,0.314882,0.290413,0.293124,0.314186,0.344958,0.403687,0.482262,0.531535,0.555457,0.569307,0.571974,0.569470,0.564991,0.565660,0.579157,0.610612,0.655791,0.695403,0.721715,0.737991,0.742231,0.743152,0.744659
0.292779,0.292779,0.320542,0.384502,0.472962,0.549122,0.589735,0.588019,0.536231,0.459817,0.409809,0.367039,0.338596,0.330438,0.343157,0.374234,0.394737,0.418086,0.444583,0.464298,0.469002,0.426935,0.348548,0.292623,0.272187,0.271886,0.280515,0.297480,0.323839,0.357405,0.403108,0.449087,0.488440,0.517777,0.534099,0.541472,0.546235,0.551071,0.546871,0.517989,0.440205,0.344488,0.297454,0.285041,0.293589,0.318524,0.352872,0.412241,0.488061,0.532401,0.552365,0.564681,0.567887,0.567119,0.563859,0.566247,0.580818,0.614212,0.658659,0.694844,0.718431,0.728287,0.724927,0.719985,0.715572
0.288422,0.288422,0.315850,0.380075,0.466707,0.544566,0.587860,0.586825,0.535827,0.457705,0.399791,0.352034,0.328474,0.326145,0.343805,0.378248,0.402201,0.426948,0.451994,0.463950,0.454271,0.394343,0.322881,0.282767,0.268816,0.269589,0.275374,0.288461,0.306800,0.333596,0.374939,0.425537,0.473482,0.510196,0.533341,0.545364,0.553210,0.556951,0.549662,0.513320,0.427259,0.341624,0.302083,0.289952,0.299166,0.327493,0.364302,0.422809,0.492196,0.530136,0.544927,0.554278,0.557606,0.557491,0.555977,0.560656,0.578372,0.616088,0.661735,0.693569,0.710183,0.708567,0.696231,0.682347,0.667225
0.296240,0.296240,0.322343,0.379052,0.459795,0.538453,0.582492,0.583422,0.533511,0.451882,0.385972,0.336608,0.319518,0.321047,0.342653,0.378096,0.402509,0.429542,0.451853,0.458566,0.434909,0.375534,0.315835,0.284331,0.270681,0.269074,0.271615,0.280883,0.293295,0.313949,0.350808,0.405569,0.461227,0.503661,0.532677,0.550352,0.561665,0.568446,0.563604,0.531303,0.453483,0.375256,0.329954,0.307487,0.311813,0.337909,0.372494,0.429168,0.492670,0.525602,0.536751,0.543199,0.543791,0.543735,0.544133,0.551120,0.573005,0.616200,0.661018,0.685277,0.691084,0.675840,0.645726,0.610088,0.581825
0.318720,0.318720,0.340201,0.384008,0.454694,0.531752,0.577451,0.582486,0.535940,0.452368,0.377559,0.325159,0.312201,0.317584,0.338069,0.370399,0.393477,0.420475,0.442516,0.448774,0.428296,0.377165,0.320717,0.288947,0.273700,0.269257,0.269697,0.276100,0.287200,0.304741,0.341403,0.397824,0.457051,0.500549,0.531170,0.550417,0.564102,0.574293,0.575949,0.559922,0.508042,0.439083,0.386030,0.351813,0.342948,0.356396,0.382005,0.431678,0.490398,0.519788,0.528763,0.529579,0.527562,0.527530,0.530964,0.541514,0.567990,0.617332,0.658119,0.671748,0.664162,0.625994,0.561149,0.496722,0.475968
0.353760,0.353760,0.366166,0.396397,0.454089,0.526820,0.573737,0.581115,0.536608,0.449750,0.365240,0.312545,0.304722,0.312686,0.330819,0.353929,0.377134,0.402159,0.425940,0.438808,0.428558,0.388844,0.334285,0.298074,0.278599,0.270098,0.269411,0.273831,0.285152,0.305344,0.341668,0.401801,0.460618,0.502074,0.532070,0.547893,0.561729,0.576081,0.587476,0.592171,0.578517,0.537449,0.473578,0.414348,0.388058,0.382207,0.394229,0.436135,0.489479,0.518543,0.525347,0.520841,0.515140,0.512866,0.518047,0.532742,0.564870,0.618085,0.652044,0.654606,0.624066,0.549767,0.472873,0.429923,0.420468
0.391613,0.391613,0.398634,0.415853,0.459722,0.528078,0.573353,0.582297,0.537189,0.444869,0.350828,0.302826,0.298352,0.307185,0.322606,0.336271,0.355502,0.379571,0.407230,0.431282,0.432925,0.402578,0.354221,0.311517,0.285881,0.272906,0.270646,0.275073,0.289153,0.313070,0.350926,0.410831,0.466964,0.504446,0.530868,0.543979,0.557978,0.576194,0.593764,0.610060,0.617133,0.612918,0.581309,0.507330,0.440351,0.412505,0.408758,0.441347,0.489209,0.518670,0.525357,0.518303,0.511030,0.505796,0.513965,0.535795,0.573147,0.622046,0.646181,0.631501,0.563747,0.477306,0.423089,0.391310,0.380705
0.412736,0.412736,0.424302,0.437090,0.468521,0.529052,0.573162,0.583318,0.539192,0.437937,0.337637,0.296653,0.294322,0.302913,0.314025,0.322342,0.334701,0.355425,0.387797,0.421463,0.437008,0.419782,0.377688,0.327746,0.291811,0.276420,0.273227,0.278807,0.297016,0.326901,0.365894,0.423913,0.474545,0.508953,0.530446,0.541171,0.554806,0.575242,0.596242,0.619138,0.636633,0.647337,0.647677,0.613068,0.524789,0.448338,0.428871,0.452855,0.495202,0.521955,0.528919,0.521391,0.512790,0.508888,0.521775,0.551230,0.590310,0.629072,0.638156,0.598164,0.504739,0.437833,0.399327,0.375625,0.368971
0.415034,0.415034,0.439796,0.455423,0.478856,0.532574,0.573770,0.584405,0.534892,0.421511,0.323318,0.291055,0.287140,0.295940,0.306121,0.308925,0.315981,0.334523,0.367096,0.405076,0.432650,0.428839,0.394096,0.344329,0.299675,0.281734,0.279230,0.285635,0.308318,0.342666,0.381351,0.434589,0.482427,0.512339,0.530987,0.540225,0.553003,0.572549,0.596003,0.622829,0.647393,0.666676,0.676687,0.668279,0.612084,0.499433,0.450337,0.470131,0.506916,0.528472,0.535223,0.527754,0.519898,0.520486,0.539868,0.573590,0.611935,0.635649,0.625016,0.557125,0.466128,0.422707,0.400620,0.388347,0.389509
0.401940,0.401940,0.440650,0.463516,0.484411,0.535435,0.575260,0.585487,0.530765,0.410887,0.317707,0.286128,0.281016,0.290707,0.298467,0.298662,0.301539,0.317830,0.350028,0.387866,0.423858,0.428191,0.399095,0.353656,0.307238,0.287936,0.286048,0.294671,0.323157,0.360508,0.396548,0.445018,0.488233,0.514565,0.530375,0.540552,0.553060,0.570856,0.590903,0.615777,0.643482,0.668535,0.686656,0.691025,0.664185,0.565198,0.480285,0.489680,0.518900,0.534962,0.540332,0.535366,0.530421,0.536737,0.560742,0.601215,0.631914,0.639127,0.604868,0.518887,0.443247,0.416260,0.402629,0.397877,0.401064
0.375308,0.375308,0.428269,0.463866,0.486235,0.537335,0.575573,0.584708,0.530391,0.407486,0.315541,0.282764,0.277874,0.288636,0.293509,0.292786,0.293118,0.308294,0.336280,0.375367,0.413201,0.420248,0.395159,0.351674,0.310197,0.292083,0.292579,0.305813,0.343973,0.383143,0.416743,0.460324,0.496521,0.518930,0.531792,0.540035,0.551261,0.567187,0.584997,0.607823,0.634710,0.663700,0.688572,0.696052,0.685250,0.620344,0.523474,0.510018,0.527906,0.537338,0.541083,0.539851,0.538717,0.548714,0.579144,0.619498,0.641048,0.633283,0.575382,0.485459,0.429720,0.411360,0.401488,0.398751,0.399453
0.349404,0.349404,0.414640,0.462093,0.486267,0.538203,0.576001,0.584154,0.529374,0.406806,0.315478,0.283146,0.277246,0.284508,0.288801,0.288577,0.289964,0.303844,0.330174,0.367703,0.403445,0.405666,0.380182,0.341615,0.309435,0.296195,0.299065,0.319856,0.364301,0.402239,0.433379,0.474362,0.508046,0.526300,0.534977,0.540765,0.549795,0.563252,0.579737,0.600539,0.625181,0.652042,0.679985,0.692568,0.690604,0.652690,0.566084,0.525058,0.527628,0.528901,0.528641,0.530801,0.535842,0.552443,0.588398,0.624791,0.638759,0.616861,0.540913,0.460331,0.420353,0.404871,0.398682,0.394692,0.393147
0.342292,0.342292,0.408944,0.465276,0.490426,0.539104,0.577185,0.584564,0.530519,0.410160,0.318972,0.285481,0.277154,0.280216,0.283689,0.283717,0.287429,0.301710,0.328191,0.362591,0.391052,0.387321,0.360811,0.326204,0.301771,0.296820,0.307622,0.337757,0.385840,0.420614,0.451577,0.490106,0.518302,0.532234,0.537031,0.539979,0.547188,0.559707,0.575526,0.593656,0.615845,0.641810,0.670699,0.690028,0.694380,0.672483,0.603111,0.536348,0.518859,0.510677,0.505221,0.508885,0.522613,0.548554,0.586965,0.619543,0.627336,0.588803,0.503848,0.438363,0.410752,0.398294,0.393131,0.385875,0.380764
0.349427,0.349427,0.415552,0.477594,0.501261,0.544106,0.578876,0.583931,0.531509,0.413514,0.320972,0.286469,0.275935,0.277116,0.281150,0.280146,0.284161,0.299546,0.324326,0.356419,0.375134,0.365646,0.342265,0.310382,0.291784,0.295922,0.317420,0.355828,0.402177,0.434098,0.467804,0.503469,0.527554,0.537346,0.539186,0.539631,0.544951,0.555459,0.569330,0.585085,0.604305,0.628644,0.657679,0.683774,0.694775,0.685323,0.632455,0.549346,0.504366,0.486530,0.476388,0.481191,0.503930,0.539950,0.578939,0.606005,0.604261,0.547346,0.463283,0.418352,0.400387,0.393736,0.387669,0.379238,0.369325
0.365914,0.365914,0.428102,0.491403,0.513917,0.550846,0.582490,0.586006,0.530223,0.414987,0.322527,0.286695,0.274625,0.274596,0.278628,0.278635,0.282506,0.298148,0.322038,0.350652,0.361364,0.347203,0.319519,0.294738,0.284833,0.297537,0.328235,0.371626,0.414002,0.447570,0.484607,0.516578,0.534387,0.541828,0.540430,0.540080,0.543947,0.552108,0.563522,0.575975,0.592420,0.615048,0.642851,0.672255,0.690771,0.689241,0.651430,0.565268,0.492390,0.459411,0.443697,0.447569,0.476292,0.524730,0.567051,0.587275,0.570675,0.498854,0.430379,0.405281,0.395393,0.390848,0.383772,0.371051,0.356117
0.385718,0.385718,0.441677,0.502772,0.526853,0.558012,0.586070,0.586742,0.530131,0.410504,0.319983,0.285128,0.273650,0.274093,0.278056,0.278493,0.282952,0.299154,0.320092,0.342880,0.352245,0.333316,0.302750,0.284526,0.283654,0.304400,0.343539,0.388566,0.428726,0.465133,0.500029,0.525429,0.537782,0.542585,0.541732,0.541002,0.544400,0.550644,0.559106,0.568642,0.583511,0.604520,0.630319,0.661887,0.686383,0.690974,0.666007,0.586277,0.491447,0.444312,0.423972,0.423330,0.454930,0.510140,0.552808,0.561329,0.521685,0.447860,0.406123,0.394678,0.392184,0.388760,0.379362,0.358636,0.341070
0.400456,0.400456,0.452014,0.513098,0.538539,0.565777,0.589037,0.587531,0.526458,0.401232,0.314453,0.283747,0.276572,0.278212,0.282671,0.282852,0.288137,0.302689,0.320095,0.337225,0.343154,0.324764,0.296854,0.284190,0.291365,0.319859,0.362797,0.408302,0.448269,0.481280,0.509929,0.529360,0.538256,0.541130,0.540841,0.541593,0.545858,0.549157,0.554657,0.562452,0.575406,0.594597,0.618004,0.649909,0.679072,0.689913,0.677020,0.613188,0.507259,0.445674,0.421256,0.419771,0.449687,0.500360,0.533822,0.520257,0.464807,0.412720,0.391208,0.387652,0.389151,0.388246,0.374194,0.349493,0.331931
0.405860,0.405860,0.453283,0.518219,0.547565,0.570810,0.591400,0.588379,0.521938,0.387753,0.308214,0.283653,0.279473,0.283168,0.286760,0.289569,0.297198,0.307681,0.322942,0.333569,0.335754,0.318344,0.295108,0.290655,0.306958,0.341670,0.388342,0.434403,0.470092,0.494347,0.517454,0.531771,0.536841,0.538697,0.539532,0.543974,0.547274,0.547865,0.552160,0.558415,0.569253,0.586585,0.607840,0.638324,0.670900,0.687175,0.683405,0.637094,0.534555,0.456814,0.428670,0.428429,0.453415,0.489739,0.503653,0.474924,0.427544,0.395055,0.383096,0.383148,0.387816,0.387844,0.367155,0.338641,0.324840
0.401649,0.401649,0.448701,0.521859,0.555111,0.574547,0.592462,0.589181,0.517318,0.376941,0.303072,0.283083,0.281343,0.288278,0.292251,0.297310,0.305389,0.313898,0.325000,0.329498,0.326401,0.314044,0.297199,0.299355,0.323307,0.366011,0.417523,0.460922,0.487553,0.505098,0.521737,0.532353,0.534629,0.535209,0.538123,0.544493,0.547112,0.548026,0.550867,0.557028,0.566488,0.581668,0.601409,0.630520,0.664549,0.686016,0.687567,0.651251,0.558590,0.473726,0.447154,0.445519,0.460524,0.477599,0.472753,0.442511,0.404216,0.381806,0.374774,0.380700,0.389695,0.384630,0.355960,0.326113,0.318210
0.395434,0.395434,0.442838,0.522514,0.558034,0.576073,0.593671,0.590034,0.512914,0.371777,0.302530,0.285282,0.284878,0.293901,0.298978,0.302816,0.311388,0.318991,0.327247,0.326918,0.321290,0.313946,0.304148,0.308216,0.334809,0.380934,0.431673,0.471148,0.495324,0.509338,0.523758,0.532639,0.533415,0.533800,0.538244,0.545038,0.548635,0.547962,0.550337,0.555726,0.563934,0.577629,0.596503,0.624523,0.658908,0.682843,0.686575,0.656403,0.573302,0.485778,0.458954,0.457322,0.464623,0.468901,0.456155,0.424540,0.392324,0.376380,0.375624,0.384395,0.390878,0.379054,0.347325,0.321615,0.318895
