0.606583,0.606583,0.596689,0.661125,0.577826,0.596088,0.716240,0.630734,0.497444,0.356500,0.343207,0.401703,0.440191,0.403262,0.471819,0.474485,0.530203,0.517159,0.516137,0.499484,0.457578,0.474838,0.551068,0.519002,0.519926,0.536516,0.522986,0.519216,0.533269,0.486315,0.480181,0.498168,0.522690,0.537953,0.483448,0.551833,0.502274,0.492808,0.498534,0.496213,0.446502,0.481067,0.596779,0.624428,0.606572,0.628055,0.613049,0.577425,0.617972,0.632703,0.610639,0.650263,0.811688,0.671757,0.397808,0.457384,0.503775,0.470990,0.488813,0.447882,0.439339,0.483561,0.482611,0.515388,0.480943
0.610260,0.610260,0.618628,0.644309,0.625510,0.639701,0.641938,0.664782,0.506632,0.342178,0.414373,0.414028,0.403918,0.385229,0.486183,0.494607,0.463572,0.519093,0.489511,0.541829,0.519263,0.567012,0.524216,0.499122,0.499751,0.489340,0.513870,0.537465,0.503815,0.469588,0.550085,0.523696,0.513090,0.535899,0.534211,0.463436,0.498830,0.519186,0.537108,0.452225,0.452057,0.442477,0.554750,0.601045,0.586825,0.626831,0.597402,0.615237,0.617179,0.608247,0.574617,0.607240,0.785544,0.897362,0.583071,0.425903,0.467688,0.428488,0.465623,0.478334,0.472181,0.507033,0.513907,0.337766,0.242307
0.611784,0.611784,0.663143,0.606836,0.619785,0.672663,0.657507,0.609435,0.550972,0.377922,0.385813,0.405524,0.420285,0.423258,0.431188,0.454962,0.499163,0.490233,0.479690,0.576735,0.526305,0.515870,0.535507,0.508442,0.479401,0.508940,0.485980,0.533902,0.499619,0.510482,0.495516,0.584116,0.519600,0.488198,0.512956,0.523518,0.481889,0.468128,0.481974,0.482634,0.465856,0.418792,0.441485,0.653117,0.632630,0.630862,0.671864,0.590881,0.556209,0.525545,0.628964,0.595573,0.697272,0.882610,0.751755,0.428753,0.473137,0.483859,0.464221,0.475689,0.530388,0.509727,0.340301,0.200297,0.255115
0.575085,0.575085,0.626760,0.607147,0.687479,0.663861,0.593463,0.619177,0.523304,0.386891,0.385621,0.444225,0.413437,0.400778,0.413762,0.488129,0.518565,0.468435,0.465597,0.527604,0.536348,0.518974,0.508873,0.513798,0.493396,0.556707,0.533413,0.480842,0.475934,0.490949,0.484937,0.482559,0.515710,0.503588,0.499765,0.464157,0.535465,0.440819,0.496414,0.480654,0.462491,0.411696,0.471270,0.627024,0.614349,0.621902,0.654746,0.643057,0.603275,0.600363,0.597559,0.609519,0.543618,0.749594,0.874256,0.623369,0.368659,0.492557,0.490895,0.503054,0.473050,0.331320,0.188232,0.171558,0.217640
0.650806,0.650806,0.595610,0.668501,0.647915,0.645718,0.606267,0.650777,0.478787,0.369014,0.387908,0.422057,0.402047,0.412750,0.435087,0.515046,0.470104,0.526973,0.518190,0.482219,0.512527,0.487524,0.531388,0.520288,0.489466,0.500073,0.548235,0.496097,0.492198,0.512299,0.461789,0.522999,0.503865,0.513982,0.511516,0.531666,0.464719,0.500734,0.497595,0.458076,0.452738,0.434653,0.474638,0.537170,0.575879,0.644091,0.622869,0.627145,0.618292,0.599626,0.632420,0.594835,0.548841,0.634024,0.886158,0.811313,0.500306,0.403890,0.463013,0.527457,0.311521,0.080075,0.219402,0.197747,0.191145
0.624459,0.624459,0.631068,0.621924,0.668809,0.633340,0.676612,0.627285,0.495607,0.328675,0.384970,0.429037,0.440716,0.421254,0.461328,0.476406,0.527054,0.487991,0.501974,0.486691,0.483856,0.511727,0.513131,0.516444,0.447447,0.513332,0.501231,0.495290,0.509666,0.531190,0.497259,0.444584,0.467967,0.461701,0.469698,0.539163,0.562971,0.485008,0.472916,0.482552,0.468365,0.476454,0.470432,0.535346,0.570209,0.595768,0.600316,0.603484,0.608593,0.597561,0.607073,0.602355,0.518875,0.597836,0.783274,0.896882,0.691430,0.395464,0.489778,0.404114,0.206025,0.171561,0.243848,0.200621,0.170723
0.617900,0.617900,0.642699,0.562161,0.515970,0.598355,0.622024,0.602668,0.530967,0.382389,0.381778,0.431490,0.412572,0.389157,0.480427,0.437507,0.440994,0.521529,0.503249,0.480353,0.492585,0.494258,0.523232,0.530202,0.488495,0.569340,0.597813,0.610717,0.728082,0.704377,0.690858,0.726125,0.671268,0.509731,0.468647,0.458406,0.466342,0.524354,0.489859,0.452758,0.502335,0.457028,0.465158,0.548918,0.527097,0.594449,0.640739,0.591958,0.563275,0.576472,0.556766,0.567234,0.570626,0.547876,0.619197,0.827425,0.857486,0.610502,0.319629,0.151659,0.188055,0.225765,0.242384,0.225307,0.179302
0.640291,0.640291,0.631060,0.504750,0.490195,0.602501,0.631352,0.659266,0.513979,0.301624,0.346432,0.356374,0.394261,0.398806,0.416835,0.466717,0.478190,0.459686,0.491097,0.471955,0.498885,0.548197,0.502213,0.504007,0.528442,0.549136,0.515803,0.632145,0.602441,0.700621,0.700654,0.731746,0.786828,0.810328,0.689341,0.520298,0.452842,0.471001,0.460691,0.468787,0.532211,0.403772,0.464005,0.558172,0.584173,0.559632,0.582183,0.555592,0.595034,0.582588,0.526694,0.576958,0.580800,0.586693,0.524885,0.691038,0.903257,0.698391,0.179790,0.192855,0.174936,0.187848,0.182170,0.197150,0.171440
0.662922,0.662922,0.565028,0.353782,0.486314,0.593186,0.660545,0.616075,0.481688,0.332895,0.343124,0.381750,0.351368,0.386981,0.467750,0.473468,0.410719,0.475442,0.475034,0.474530,0.519591,0.409438,0.467333,0.408775,0.517043,0.491825,0.571591,0.574286,0.602479,0.701415,0.665641,0.721624,0.745842,0.753148,0.769282,0.788628,0.596697,0.409364,0.398475,0.387657,0.440325,0.416515,0.439716,0.519972,0.556167,0.564552,0.578700,0.594662,0.566191,0.547684,0.579915,0.549904,0.583679,0.637951,0.563755,0.586587,0.737568,0.336875,0.172311,0.127841,0.205730,0.165479,0.171705,0.214587,0.201046
0.665468,0.665468,0.483294,0.310660,0.494777,0.617501,0.686556,0.627132,0.496140,0.315937,0.326554,0.348457,0.399197,0.397057,0.433555,0.427623,0.446807,0.451735,0.514863,0.496781,0.475102,0.413611,0.529840,0.487872,0.507200,0.542440,0.537696,0.526832,0.604816,0.664059,0.758334,0.744631,0.764645,0.766085,0.752042,0.780826,0.793038,0.653386,0.449263,0.415432,0.374400,0.417658,0.474401,0.612856,0.597114,0.595627,0.496345,0.507591,0.533667,0.577453,0.593022,0.577293,0.579345,0.577454,0.580645,0.585604,0.305101,0.135847,0.206441,0.223911,0.229825,0.223070,0.203272,0.230852,0.359854
0.591744,0.591744,0.379926,0.328645,0.470534,0.644853,0.678627,0.643651,0.476931,0.310833,0.345471,0.405343,0.429125,0.372726,0.424261,0.439731,0.452445,0.496310,0.496299,0.514669,0.430136,0.425345,0.503404,0.453851,0.492641,0.564986,0.499938,0.549945,0.564463,0.683613,0.690590,0.704713,0.754214,0.768331,0.808422,0.822506,0.806858,0.849073,0.654294,0.409032,0.373666,0.314003,0.427337,0.609910,0.600801,0.619814,0.437048,0.308609,0.526671,0.581790,0.568478,0.548669,0.568326,0.509856,0.620257,0.382204,0.153308,0.209745,0.191704,0.178870,0.234655,0.203698,0.248731,0.294707,0.581658
0.429023,0.429023,0.360960,0.327393,0.487507,0.616249,0.701332,0.643899,0.522177,0.307560,0.382408,0.333154,0.411435,0.451961,0.426631,0.439687,0.411190,0.481107,0.456966,0.430411,0.393942,0.450783,0.434529,0.436636,0.476380,0.493360,0.550450,0.616145,0.586214,0.613623,0.670626,0.708010,0.747884,0.790513,0.827134,0.826460,0.813409,0.820568,0.940197,0.488936,0.329967,0.342227,0.443992,0.600378,0.658384,0.570392,0.463219,0.220422,0.392647,0.557952,0.560274,0.586517,0.559645,0.607653,0.508204,0.173874,0.214227,0.190195,0.181558,0.225956,0.167881,0.253979,0.380641,0.606953,0.595209
0.327554,0.327554,0.315725,0.336726,0.474538,0.692197,0.634429,0.611575,0.460431,0.283084,0.330325,0.403955,0.364332,0.358774,0.429290,0.486178,0.490685,0.440934,0.465652,0.417730,0.460940,0.448125,0.448828,0.446692,0.497757,0.558753,0.506220,0.582059,0.593920,0.563274,0.652850,0.750120,0.781398,0.807454,0.768697,0.828332,0.821909,0.786643,0.851873,0.828544,0.556992,0.308700,0.438947,0.558823,0.610141,0.618506,0.492520,0.182917,0.262881,0.499085,0.556945,0.544285,0.548340,0.609458,0.255209,0.185960,0.195466,0.224405,0.191255,0.190714,0.204080,0.286164,0.533120,0.583117,0.644237
0.306809,0.306809,0.367458,0.313597,0.461924,0.643952,0.657877,0.630920,0.467558,0.287315,0.336029,0.417133,0.433011,0.427798,0.390249,0.475986,0.528480,0.522232,0.362585,0.422342,0.417853,0.501390,0.483139,0.555522,0.554554,0.532766,0.557839,0.524350,0.551123,0.704167,0.754383,0.732495,0.768393,0.774049,0.795569,0.837476,0.838319,0.793778,0.838561,0.835977,0.901355,0.430533,0.362685,0.573712,0.611492,0.586363,0.475594,0.225823,0.129151,0.299059,0.546102,0.636231,0.541467,0.435466,0.132764,0.223801,0.222732,0.195521,0.214029,0.207159,0.265505,0.514782,0.554783,0.628893,0.684236
0.335232,0.335232,0.361354,0.327531,0.467939,0.639673,0.627950,0.641125,0.457490,0.294824,0.316804,0.364745,0.389932,0.433712,0.431151,0.448400,0.495796,0.568392,0.411197,0.429573,0.432947,0.464791,0.541204,0.489116,0.517247,0.542773,0.452865,0.558701,0.751224,0.711254,0.677683,0.745767,0.749151,0.711451,0.790475,0.795302,0.778764,0.770282,0.759538,0.802152,0.877639,0.765509,0.364659,0.542016,0.632335,0.609992,0.486985,0.257340,0.177685,0.399262,0.789074,0.843730,0.774193,0.243935,0.117495,0.220724,0.205135,0.183096,0.253297,0.219375,0.491769,0.597153,0.637609,0.616929,0.642407
0.359726,0.359726,0.370319,0.313334,0.482773,0.640009,0.673618,0.635460,0.504864,0.273723,0.355095,0.368987,0.370345,0.431183,0.399344,0.414836,0.587786,0.544825,0.390896,0.438455,0.457884,0.458770,0.480175,0.480564,0.522863,0.444341,0.608737,0.702102,0.662489,0.724029,0.695610,0.781108,0.720013,0.744888,0.751838,0.816303,0.782828,0.800947,0.812899,0.786579,0.786589,0.836413,0.548345,0.509305,0.619846,0.649564,0.444863,0.207732,0.505851,0.807325,0.833795,0.854661,0.893572,0.374066,0.191325,0.188160,0.197473,0.204485,0.175033,0.324617,0.591182,0.580570,0.668693,0.595481,0.651721
0.391403,0.391403,0.425902,0.386236,0.472321,0.676067,0.607095,0.639918,0.472998,0.321746,0.349560,0.399917,0.392837,0.415330,0.420622,0.401505,0.679571,0.499124,0.388388,0.419361,0.470423,0.465223,0.496032,0.461092,0.463067,0.590736,0.632841,0.631146,0.650138,0.733298,0.708903,0.694245,0.703548,0.647184,0.748154,0.798420,0.764656,0.725388,0.746258,0.752884,0.826689,0.854125,0.778057,0.637245,0.605365,0.539628,0.472121,0.600703,0.816961,0.829221,0.796431,0.790259,0.883598,0.399086,0.161871,0.210545,0.154369,0.152063,0.189576,0.535953,0.642420,0.610532,0.548056,0.655036,0.618084
0.437031,0.437031,0.459543,0.379276,0.492110,0.642470,0.632560,0.656629,0.461838,0.311130,0.350107,0.413150,0.347485,0.421112,0.396430,0.474799,0.634409,0.518874,0.430032,0.372145,0.437721,0.425382,0.494195,0.493380,0.518788,0.591027,0.562309,0.634008,0.676288,0.673312,0.658362,0.687142,0.690511,0.737457,0.743267,0.734891,0.726558,0.690007,0.763067,0.764654,0.729103,0.769984,0.772066,0.756629,0.626402,0.695823,0.740715,0.817669,0.800489,0.787810,0.793387,0.782393,0.845678,0.301737,0.189310,0.198982,0.190804,0.202242,0.351297,0.623256,0.624330,0.608548,0.642679,0.601218,0.550701
0.371950,0.371950,0.455469,0.412923,0.441016,0.638574,0.713381,0.693382,0.489806,0.331878,0.341001,0.393712,0.438464,0.381248,0.406625,0.378382,0.723560,0.538598,0.485715,0.410627,0.433030,0.499962,0.469035,0.535526,0.588064,0.572708,0.574167,0.653281,0.703270,0.698301,0.657768,0.711229,0.668932,0.654216,0.739720,0.690217,0.743574,0.687412,0.735370,0.739316,0.703930,0.727522,0.711375,0.750301,0.750100,0.781137,0.813989,0.794402,0.790200,0.803075,0.780475,0.834534,0.787945,0.254840,0.169814,0.169606,0.215893,0.307492,0.571680,0.596744,0.599438,0.625432,0.614680,0.600668,0.624580
0.366315,0.366315,0.383008,0.391257,0.506987,0.626567,0.674667,0.681234,0.544708,0.331882,0.362234,0.384214,0.391091,0.405137,0.386031,0.457560,0.725019,0.589202,0.475924,0.435086,0.469362,0.456662,0.562881,0.550657,0.515631,0.583469,0.559328,0.607679,0.617029,0.667162,0.707216,0.698655,0.615850,0.678260,0.631821,0.676009,0.726815,0.731418,0.689475,0.711815,0.632969,0.640007,0.707059,0.780448,0.796138,0.739514,0.771694,0.788215,0.749011,0.803779,0.658253,0.752677,0.558108,0.176362,0.205348,0.195802,0.167802,0.440554,0.584000,0.622818,0.629320,0.569546,0.587443,0.640931,0.644632
0.385140,0.385140,0.342093,0.418001,0.503790,0.638257,0.714773,0.674261,0.438761,0.367716,0.316879,0.375967,0.369286,0.424773,0.362327,0.424301,0.693561,0.598571,0.577924,0.459848,0.425952,0.535812,0.516173,0.499352,0.563734,0.549013,0.599066,0.619406,0.582390,0.635895,0.644670,0.623294,0.683522,0.638407,0.652990,0.660046,0.689924,0.692122,0.649104,0.713227,0.675190,0.723797,0.746048,0.776442,0.775545,0.750722,0.777198,0.790885,0.773086,0.670851,0.544422,0.721143,0.351244,0.186419,0.150174,0.187575,0.420717,0.557988,0.618948,0.597778,0.622267,0.635394,0.611153,0.679051,0.572986
0.405014,0.405014,0.397401,0.400538,0.511364,0.621637,0.659927,0.639071,0.504778,0.317858,0.339169,0.311159,0.334970,0.361779,0.359694,0.410493,0.736047,0.695323,0.588481,0.500608,0.482519,0.485558,0.508889,0.529822,0.487593,0.490648,0.558445,0.586729,0.494342,0.475940,0.548469,0.553095,0.542344,0.618317,0.607873,0.583179,0.565793,0.550202,0.598601,0.757844,0.809663,0.725532,0.746191,0.738549,0.737375,0.782250,0.805636,0.818881,0.760897,0.473964,0.492214,0.685222,0.201482,0.171679,0.161068,0.200646,0.458999,0.559165,0.623787,0.589944,0.599685,0.580664,0.572671,0.600838,0.621781
0.393614,0.393614,0.431535,0.413919,0.504720,0.629231,0.676579,0.685202,0.542453,0.341553,0.323646,0.391808,0.406933,0.407243,0.358216,0.473118,0.748412,0.716612,0.567782,0.474756,0.483310,0.432256,0.551121,0.526423,0.543942,0.470980,0.582512,0.535987,0.448079,0.391127,0.400502,0.520961,0.411704,0.320823,0.389487,0.198273,0.220785,0.480223,0.679611,0.772983,0.752978,0.765279,0.751840,0.777949,0.753638,0.800082,0.826776,0.604435,0.394841,0.397720,0.678903,0.379942,0.188968,0.166381,0.165936,0.293439,0.601349,0.645964,0.648229,0.632769,0.640574,0.584637,0.557054,0.592085,0.654267
0.402680,0.402680,0.375924,0.381732,0.520889,0.628847,0.660572,0.673145,0.542806,0.315970,0.326366,0.406989,0.360343,0.392460,0.399089,0.356432,0.777392,0.745305,0.502182,0.493351,0.458585,0.503517,0.475439,0.495423,0.497945,0.543856,0.503400,0.483911,0.383650,0.330081,0.271956,0.396172,0.332733,0.342430,0.243459,0.226932,0.461699,0.660784,0.740554,0.812369,0.721137,0.787435,0.753853,0.810509,0.755324,0.651910,0.411091,0.388213,0.522777,0.700844,0.348044,0.202395,0.197343,0.228077,0.276508,0.495836,0.631689,0.637236,0.633118,0.619715,0.674998,0.608651,0.592803,0.613267,0.590370
0.450289,0.450289,0.373677,0.406983,0.534471,0.610268,0.739170,0.690792,0.499024,0.291014,0.321104,0.399168,0.405618,0.348599,0.383339,0.376952,0.628069,0.786768,0.625136,0.476988,0.522348,0.514321,0.424170,0.529544,0.514162,0.488134,0.420597,0.301127,0.242622,0.195525,0.303796,0.330647,0.386469,0.275620,0.252725,0.548364,0.695606,0.708229,0.689484,0.671924,0.777847,0.732657,0.759193,0.558210,0.361704,0.449956,0.600576,0.660869,0.761923,0.415016,0.167204,0.286650,0.198644,0.182355,0.293078,0.560466,0.637977,0.646833,0.649097,0.674601,0.619736,0.593535,0.593837,0.609280,0.580417
0.414732,0.414732,0.401552,0.405113,0.499050,0.613132,0.677564,0.637366,0.532630,0.273321,0.328449,0.398380,0.374077,0.401462,0.418111,0.409568,0.496282,0.817868,0.691116,0.508291,0.455554,0.469081,0.502584,0.464246,0.542946,0.350342,0.299358,0.268646,0.265659,0.216749,0.255425,0.230722,0.353058,0.340577,0.445461,0.734582,0.781550,0.670370,0.675530,0.702801,0.712016,0.728989,0.687631,0.330135,0.425048,0.443752,0.610230,0.705140,0.313958,0.156704,0.213050,0.234167,0.193865,0.232031,0.394747,0.552571,0.663781,0.653253,0.671560,0.620310,0.616858,0.660061,0.607606,0.616603,0.672920
0.428163,0.428163,0.464234,0.364236,0.451343,0.652935,0.633805,0.660159,0.514608,0.324225,0.340506,0.347372,0.410314,0.427013,0.436669,0.412342,0.408243,0.694456,0.771194,0.458529,0.467606,0.441108,0.506507,0.400882,0.380476,0.278094,0.290217,0.200221,0.288398,0.266059,0.203450,0.207261,0.306606,0.432694,0.614165,0.711207,0.668556,0.707060,0.694679,0.676359,0.729367,0.744984,0.747144,0.510907,0.303456,0.447664,0.594867,0.287523,0.157510,0.234124,0.220615,0.196666,0.161906,0.229919,0.464828,0.513356,0.677176,0.625229,0.613574,0.665082,0.657179,0.624250,0.647453,0.648755,0.574343
0.419305,0.419305,0.411045,0.315994,0.474011,0.661058,0.657186,0.644727,0.528981,0.295376,0.330369,0.399819,0.408828,0.403918,0.424526,0.462087,0.439542,0.702403,0.628555,0.430941,0.459754,0.461817,0.480614,0.288095,0.241814,0.141089,0.267790,0.269415,0.272269,0.348527,0.186672,0.199397,0.516556,0.586847,0.668169,0.728748,0.663366,0.673957,0.622113,0.727163,0.778593,0.731573,0.825795,0.589497,0.283854,0.326245,0.560579,0.250699,0.178409,0.212117,0.202136,0.166419,0.182138,0.344307,0.584805,0.626410,0.594654,0.659371,0.643954,0.611817,0.695956,0.634707,0.629638,0.619436,0.608849
0.411888,0.411888,0.381610,0.375117,0.455564,0.635250,0.708386,0.698917,0.564610,0.330951,0.322559,0.393071,0.418575,0.390515,0.397599,0.443600,0.403336,0.569318,0.650551,0.450745,0.473026,0.420412,0.341994,0.202930,0.279776,0.193177,0.215865,0.228315,0.287994,0.321323,0.230682,0.515468,0.638824,0.616237,0.711118,0.668371,0.667485,0.626353,0.665588,0.747624,0.757869,0.783543,0.837580,0.675670,0.316173,0.199368,0.510204,0.308067,0.235091,0.292825,0.186640,0.215827,0.173848,0.456252,0.551930,0.632466,0.607267,0.606689,0.572737,0.649524,0.572692,0.607244,0.581046,0.613736,0.605571
0.417427,0.417427,0.365373,0.364493,0.434105,0.592323,0.680851,0.669625,0.555189,0.321009,0.381987,0.450124,0.415026,0.408817,0.448836,0.468414,0.476527,0.503948,0.530009,0.461606,0.513828,0.314899,0.254324,0.214952,0.240849,0.250100,0.193569,0.223790,0.217072,0.251426,0.483785,0.617840,0.706609,0.715335,0.709337,0.633363,0.647471,0.668327,0.683691,0.757396,0.754020,0.821979,0.818386,0.767174,0.343592,0.216126,0.504766,0.277323,0.246881,0.261357,0.220414,0.210695,0.244447,0.552553,0.608235,0.660551,0.660076,0.620427,0.652759,0.524750,0.567077,0.572063,0.624377,0.549930,0.598745
0.412865,0.412865,0.440750,0.334659,0.467157,0.630399,0.652606,0.689508,0.505671,0.337892,0.381316,0.384983,0.410660,0.394025,0.427276,0.439675,0.573899,0.435551,0.420376,0.535963,0.409404,0.237404,0.281087,0.226347,0.283712,0.174804,0.201969,0.293554,0.217105,0.323095,0.643105,0.677791,0.716032,0.730690,0.485903,0.500002,0.580114,0.728320,0.688934,0.763308,0.768137,0.811676,0.836005,0.764287,0.412754,0.139809,0.403932,0.408403,0.183089,0.259447,0.206068,0.171174,0.481198,0.612490,0.622265,0.595019,0.593483,0.624907,0.600777,0.617582,0.622421,0.583124,0.548499,0.583890,0.589726
0.411399,0.411399,0.367668,0.361048,0.438379,0.637583,0.681380,0.695308,0.482966,0.358192,0.351292,0.442625,0.388376,0.346002,0.401863,0.468132,0.532582,0.426961,0.357241,0.424647,0.283192,0.256245,0.303881,0.255813,0.180071,0.204112,0.182913,0.272760,0.286466,0.614999,0.712701,0.709251,0.640477,0.522275,0.465672,0.457973,0.337795,0.518504,0.611771,0.712317,0.742904,0.743110,0.619871,0.401002,0.342016,0.164715,0.380487,0.375475,0.270188,0.227728,0.241783,0.238745,0.449290,0.590765,0.605889,0.633894,0.648486,0.622626,0.638003,0.608774,0.633081,0.660604,0.596841,0.567176,0.598586
0.437093,0.437093,0.392853,0.329810,0.461329,0.614987,0.714552,0.694147,0.546547,0.344780,0.353241,0.380799,0.405848,0.393765,0.549268,0.546134,0.611051,0.491626,0.263266,0.267730,0.297558,0.319416,0.217465,0.260986,0.201389,0.303893,0.187013,0.153786,0.516490,0.683933,0.752029,0.620740,0.277431,0.192783,0.243449,0.330580,0.345650,0.490410,0.565460,0.655042,0.717704,0.476424,0.258616,0.227988,0.261435,0.151863,0.373792,0.467455,0.207313,0.215962,0.186313,0.283285,0.555546,0.625094,0.584222,0.620952,0.625819,0.647419,0.618277,0.607437,0.584098,0.594977,0.568294,0.534533,0.539583
0.348330,0.348330,0.368806,0.359874,0.411375,0.625384,0.701619,0.664365,0.592317,0.311969,0.332616,0.404239,0.368044,0.316785,0.496402,0.662348,0.518400,0.244176,0.213538,0.244538,0.286550,0.423992,0.207975,0.259186,0.247903,0.211311,0.207106,0.281439,0.654582,0.695996,0.647824,0.401503,0.269421,0.302409,0.370511,0.691815,0.454400,0.441135,0.523804,0.718402,0.652861,0.283788,0.386276,0.382962,0.160303,0.159204,0.367375,0.495774,0.253873,0.201494,0.158292,0.389415,0.534356,0.595006,0.617084,0.603357,0.576226,0.575505,0.590694,0.566431,0.586316,0.579594,0.466283,0.491277,0.575183
0.400763,0.400763,0.387622,0.288229,0.376769,0.581014,0.686976,0.700119,0.553043,0.350371,0.423293,0.410537,0.383554,0.389783,0.530677,0.513281,0.243274,0.343854,0.267961,0.279855,0.356557,0.474479,0.272110,0.161357,0.171832,0.169519,0.216398,0.576133,0.729094,0.658353,0.500469,0.555391,0.508576,0.439443,0.585862,0.623628,0.587847,0.500586,0.539783,0.773470,0.678918,0.508307,0.488687,0.392211,0.222709,0.196996,0.337657,0.536361,0.309321,0.166818,0.208580,0.444959,0.586568,0.589073,0.664183,0.569959,0.626272,0.561842,0.650575,0.505807,0.595069,0.564117,0.559976,0.631514,0.693809
0.381936,0.381936,0.337651,0.277512,0.311559,0.635165,0.669133,0.706274,0.555005,0.347973,0.400939,0.398812,0.476100,0.523163,0.316415,0.225503,0.251065,0.410778,0.271566,0.319016,0.396430,0.423150,0.257460,0.144284,0.155808,0.188580,0.368801,0.651156,0.733458,0.402200,0.520974,0.590952,0.574789,0.624951,0.584424,0.627043,0.619818,0.528820,0.543132,0.726659,0.751959,0.560414,0.507554,0.412807,0.297621,0.204981,0.323362,0.546938,0.264444,0.165187,0.296777,0.569709,0.634053,0.618272,0.637976,0.610621,0.512919,0.569505,0.560264,0.559516,0.518075,0.622090,0.724545,0.727936,0.738313
0.341324,0.341324,0.345884,0.265823,0.317694,0.649512,0.670540,0.733150,0.549401,0.360747,0.400708,0.471735,0.529361,0.432337,0.298000,0.254256,0.395810,0.345971,0.190245,0.181068,0.352054,0.338443,0.364463,0.183191,0.147030,0.258587,0.546690,0.759502,0.403767,0.384134,0.533533,0.549973,0.670748,0.669054,0.649995,0.672418,0.642299,0.523687,0.447195,0.684433,0.779341,0.633452,0.524045,0.488600,0.325463,0.234062,0.321473,0.525588,0.163300,0.143352,0.333492,0.603803,0.588103,0.610552,0.535146,0.530245,0.533210,0.605034,0.536484,0.524573,0.669423,0.769760,0.776972,0.783138,0.725688
0.314075,0.314075,0.349975,0.234757,0.308130,0.559494,0.646316,0.687579,0.601065,0.279776,0.411093,0.419488,0.424573,0.346171,0.296016,0.299526,0.377688,0.253595,0.217784,0.191285,0.186182,0.192324,0.463631,0.293220,0.142096,0.363329,0.720101,0.475683,0.238263,0.479759,0.539415,0.605512,0.616979,0.666282,0.694737,0.663530,0.574768,0.580043,0.488482,0.628418,0.841880,0.624173,0.576570,0.542400,0.310104,0.267230,0.232674,0.525787,0.239491,0.172506,0.421394,0.601265,0.603770,0.607938,0.597783,0.563168,0.556406,0.585765,0.522711,0.579833,0.728639,0.770481,0.747462,0.799040,0.821466
0.276766,0.276766,0.271270,0.220658,0.318958,0.650975,0.697349,0.670642,0.548085,0.330144,0.437972,0.535174,0.369997,0.417973,0.324675,0.356427,0.439704,0.331025,0.174652,0.111226,0.246965,0.301360,0.519308,0.331983,0.241018,0.534575,0.632822,0.209098,0.214638,0.458027,0.472801,0.537368,0.639783,0.652094,0.724455,0.643925,0.513532,0.519214,0.465311,0.591693,0.826634,0.632571,0.582444,0.496544,0.283793,0.258309,0.222313,0.540254,0.287363,0.204508,0.518349,0.638069,0.665438,0.647744,0.567300,0.592456,0.545580,0.562543,0.518919,0.731113,0.767408,0.758043,0.775189,0.830277,0.808369
0.343701,0.343701,0.329595,0.195616,0.292472,0.621492,0.697030,0.711131,0.525477,0.360399,0.396515,0.424788,0.341161,0.387546,0.312139,0.306735,0.449495,0.317209,0.199126,0.157985,0.300055,0.432100,0.298256,0.177767,0.474432,0.669452,0.334136,0.226939,0.354013,0.445818,0.519334,0.526150,0.603908,0.583697,0.643383,0.603337,0.519636,0.492349,0.482889,0.583259,0.821376,0.603969,0.553412,0.443794,0.208087,0.215919,0.266065,0.489824,0.301184,0.266770,0.520862,0.619279,0.628072,0.497737,0.579979,0.593355,0.554051,0.534380,0.591827,0.775619,0.719517,0.809571,0.830186,0.813868,0.795542
0.343942,0.343942,0.301354,0.259728,0.351750,0.646217,0.684286,0.713305,0.593201,0.311644,0.415403,0.414290,0.335661,0.356872,0.282233,0.348457,0.414955,0.415913,0.221200,0.246143,0.191348,0.306273,0.157792,0.305297,0.703668,0.452237,0.168946,0.205370,0.328030,0.428768,0.522980,0.495617,0.540874,0.643748,0.618722,0.620969,0.588605,0.488934,0.375780,0.447961,0.718311,0.602816,0.520719,0.291720,0.178906,0.228135,0.185099,0.441632,0.357783,0.389567,0.659212,0.618396,0.572186,0.580954,0.566508,0.616967,0.587933,0.603245,0.703628,0.773109,0.811082,0.810674,0.814599,0.789394,0.841906
0.336689,0.336689,0.279421,0.266902,0.475485,0.600535,0.664964,0.687729,0.574471,0.305476,0.390318,0.436075,0.327815,0.281786,0.286998,0.280194,0.412778,0.484660,0.302906,0.348842,0.222120,0.302751,0.536336,0.510082,0.490678,0.199303,0.190821,0.238267,0.374335,0.478594,0.510288,0.527135,0.591851,0.644866,0.594445,0.623130,0.564636,0.559742,0.572973,0.721356,0.670088,0.606054,0.461034,0.193619,0.231698,0.269188,0.205370,0.408645,0.462302,0.484296,0.644658,0.593555,0.552425,0.623699,0.562273,0.549928,0.584309,0.592936,0.724530,0.793795,0.844448,0.811132,0.852542,0.850794,0.773930
0.262374,0.262374,0.325902,0.275333,0.445270,0.611951,0.682559,0.695691,0.601494,0.299667,0.333376,0.449830,0.350572,0.374067,0.201135,0.309090,0.356537,0.384393,0.486824,0.275244,0.246243,0.564253,0.628260,0.441113,0.259394,0.180133,0.251543,0.212063,0.365387,0.434896,0.495250,0.522698,0.540260,0.549914,0.569574,0.539625,0.600866,0.617486,0.725743,0.778277,0.653060,0.561696,0.328278,0.166117,0.223070,0.286090,0.203402,0.322612,0.507600,0.504444,0.618592,0.566241,0.621112,0.610580,0.546815,0.520845,0.565315,0.569801,0.758729,0.797039,0.839224,0.833421,0.749264,0.819743,0.804984
0.270577,0.270577,0.281417,0.184547,0.446040,0.604071,0.706575,0.686357,0.591983,0.321330,0.413005,0.480828,0.288290,0.247730,0.198958,0.395891,0.356563,0.333694,0.422231,0.357478,0.630343,0.703871,0.451167,0.284806,0.164485,0.175169,0.277785,0.227236,0.343491,0.385888,0.488283,0.488123,0.557692,0.532296,0.511963,0.481866,0.505080,0.483812,0.533736,0.561307,0.568424,0.492489,0.211881,0.195393,0.256295,0.297928,0.283433,0.277215,0.506303,0.565175,0.579195,0.616212,0.605021,0.547659,0.552903,0.573751,0.574794,0.603370,0.767350,0.783071,0.836836,0.869973,0.787710,0.846890,0.826947
0.231411,0.231411,0.239300,0.249136,0.447450,0.648046,0.654135,0.704080,0.581402,0.401259,0.431187,0.448434,0.238886,0.209451,0.288611,0.417448,0.396255,0.371756,0.337331,0.484371,0.641817,0.563891,0.401525,0.192023,0.197273,0.186882,0.197533,0.243881,0.241995,0.343932,0.438874,0.468943,0.552073,0.560692,0.519759,0.450465,0.454468,0.566189,0.610613,0.577453,0.558920,0.344470,0.170267,0.159576,0.223818,0.273203,0.205968,0.256025,0.534760,0.595576,0.662900,0.564154,0.595178,0.548417,0.573411,0.596400,0.546297,0.581302,0.791885,0.810203,0.796753,0.836866,0.823136,0.840459,0.865719
0.163735,0.163735,0.196552,0.244139,0.395553,0.629305,0.668300,0.760282,0.624394,0.275542,0.431777,0.354641,0.299431,0.173047,0.278742,0.519698,0.360515,0.405126,0.426343,0.483111,0.621886,0.585848,0.213733,0.183007,0.200900,0.203450,0.290146,0.212250,0.311466,0.296402,0.442828,0.444251,0.523881,0.516295,0.548842,0.542057,0.510772,0.552571,0.530040,0.593241,0.451429,0.161999,0.128190,0.192682,0.252784,0.341216,0.257308,0.223862,0.578330,0.618655,0.589082,0.592569,0.625263,0.605839,0.546027,0.546891,0.495660,0.615119,0.869076,0.855907,0.843752,0.863933,0.847656,0.798522,0.849887
0.195262,0.195262,0.176393,0.296923,0.469335,0.606957,0.725988,0.688247,0.559327,0.340589,0.414419,0.292392,0.273402,0.201596,0.255777,0.439147,0.455222,0.424382,0.413685,0.390264,0.638275,0.323402,0.181774,0.283161,0.149459,0.247727,0.168179,0.227876,0.280189,0.281920,0.294458,0.393847,0.512080,0.507698,0.562422,0.579487,0.555244,0.652473,0.647556,0.563514,0.319431,0.185297,0.238966,0.206781,0.277093,0.292021,0.321200,0.286962,0.590489,0.589647,0.601268,0.585663,0.571843,0.556384,0.520976,0.572655,0.545629,0.607301,0.860602,0.814828,0.817519,0.832146,0.839330,0.831925,0.790752
0.165650,0.165650,0.191679,0.299273,0.474449,0.618248,0.636176,0.694952,0.584936,0.302900,0.390913,0.250851,0.242937,0.201821,0.180685,0.369024,0.316033,0.497338,0.471144,0.494726,0.354994,0.220346,0.150932,0.208150,0.193700,0.188643,0.165059,0.225813,0.249251,0.227165,0.266808,0.234259,0.385179,0.448288,0.557544,0.577491,0.686833,0.664919,0.664822,0.526897,0.214584,0.228430,0.246007,0.219569,0.252490,0.341661,0.294776,0.270285,0.622537,0.593053,0.596782,0.588675,0.614556,0.566874,0.537547,0.542297,0.504451,0.718071,0.858523,0.866304,0.796024,0.838061,0.808040,0.729755,0.601668
0.187263,0.187263,0.184228,0.242406,0.468879,0.642555,0.659590,0.662167,0.558118,0.477173,0.388821,0.253337,0.255154,0.222347,0.190138,0.455051,0.345642,0.380237,0.447942,0.535404,0.431110,0.285545,0.176152,0.240284,0.232014,0.192025,0.244306,0.179408,0.217823,0.222761,0.253788,0.278872,0.420043,0.443614,0.479461,0.551105,0.629165,0.647552,0.600297,0.563093,0.331460,0.250425,0.236123,0.211441,0.296456,0.404757,0.303337,0.294216,0.616436,0.457499,0.509396,0.552458,0.581567,0.559566,0.584787,0.544610,0.541954,0.724793,0.848505,0.836101,0.829260,0.794889,0.578478,0.283630,0.198505
0.329862,0.329862,0.216294,0.228670,0.366179,0.578908,0.655578,0.672646,0.646958,0.409070,0.332093,0.157872,0.230626,0.194565,0.266287,0.331630,0.444111,0.457378,0.415042,0.425332,0.455441,0.484360,0.225241,0.253232,0.252523,0.210166,0.233867,0.218760,0.214485,0.214077,0.245732,0.427216,0.494284,0.562157,0.542486,0.521989,0.581478,0.566625,0.688848,0.757669,0.790401,0.604499,0.356580,0.177000,0.319166,0.305293,0.300881,0.330836,0.530773,0.457056,0.434398,0.459998,0.449886,0.459600,0.478359,0.468523,0.414619,0.777379,0.818795,0.769082,0.839955,0.613362,0.202865,0.201859,0.329085
0.567235,0.567235,0.435493,0.248449,0.259513,0.576242,0.721147,0.675781,0.635693,0.467820,0.286617,0.104957,0.315191,0.282920,0.305706,0.256075,0.341567,0.415565,0.385336,0.440979,0.476974,0.382743,0.388371,0.216617,0.184641,0.190492,0.189126,0.207036,0.224489,0.243606,0.265906,0.430490,0.469910,0.514555,0.533014,0.547027,0.572140,0.629322,0.731230,0.801761,0.751797,0.810052,0.820342,0.528475,0.275544,0.269405,0.303658,0.321891,0.628390,0.599361,0.563271,0.509531,0.463782,0.432383,0.446226,0.397658,0.447743,0.704034,0.839647,0.838552,0.610231,0.250060,0.295263,0.353156,0.315539
0.507260,0.507260,0.530729,0.445450,0.260092,0.587244,0.651969,0.678850,0.628903,0.528881,0.215013,0.155353,0.275209,0.262406,0.283016,0.239375,0.297084,0.289438,0.295299,0.426188,0.500570,0.399947,0.465947,0.260938,0.199276,0.220404,0.206517,0.213713,0.186562,0.339386,0.263313,0.386895,0.458435,0.540351,0.529676,0.564440,0.559922,0.620428,0.705428,0.703234,0.675510,0.750531,0.812563,0.878989,0.567063,0.225708,0.219901,0.344994,0.616060,0.606236,0.560001,0.598858,0.542550,0.500047,0.408634,0.478473,0.498558,0.798688,0.839916,0.759874,0.304704,0.314586,0.405773,0.408012,0.356754
0.338271,0.338271,0.640921,0.552487,0.286141,0.587192,0.700061,0.727172,0.595843,0.405622,0.150707,0.198030,0.205423,0.193566,0.286746,0.220038,0.216981,0.301234,0.301218,0.340633,0.466797,0.478681,0.371480,0.389045,0.135163,0.211269,0.201228,0.210159,0.234402,0.393385,0.236182,0.366955,0.503894,0.565365,0.577056,0.589540,0.547675,0.628348,0.642907,0.691439,0.692867,0.710757,0.781337,0.806502,0.894810,0.455844,0.184425,0.360473,0.624180,0.612668,0.532652,0.571054,0.554621,0.549258,0.466914,0.530755,0.647935,0.834922,0.863526,0.605740,0.339465,0.391906,0.429661,0.441300,0.391990
0.169650,0.169650,0.555667,0.593406,0.223401,0.562466,0.737694,0.661982,0.587303,0.416415,0.212542,0.248763,0.178599,0.225203,0.345032,0.140087,0.233265,0.203357,0.394478,0.387698,0.450246,0.498383,0.348892,0.447532,0.209155,0.225430,0.248069,0.224738,0.189689,0.461369,0.327044,0.419570,0.538005,0.535541,0.538987,0.566800,0.554678,0.611133,0.607611,0.632937,0.664666,0.747026,0.769740,0.824765,0.829607,0.712397,0.197119,0.402232,0.587666,0.569129,0.598488,0.611920,0.548923,0.497331,0.529585,0.718239,0.788939,0.855704,0.792959,0.426961,0.343833,0.428840,0.361856,0.415541,0.397840
0.147338,0.147338,0.503930,0.609621,0.283624,0.561219,0.708258,0.714057,0.646914,0.358377,0.221515,0.188888,0.191393,0.299595,0.265659,0.183246,0.204090,0.212405,0.297980,0.379526,0.459761,0.506911,0.482358,0.406694,0.229813,0.191513,0.191765,0.154164,0.332973,0.534835,0.310133,0.444086,0.553638,0.579791,0.501593,0.539014,0.561677,0.571529,0.607684,0.663849,0.723433,0.721793,0.783042,0.838158,0.866692,0.875403,0.260348,0.409108,0.601549,0.595943,0.523480,0.583449,0.524932,0.498196,0.559482,0.845671,0.881264,0.878470,0.672056,0.326750,0.424784,0.432910,0.410683,0.388600,0.421544
0.136118,0.136118,0.503990,0.593489,0.282197,0.535498,0.677871,0.710836,0.632096,0.389587,0.211887,0.195199,0.185001,0.241979,0.278714,0.266769,0.144778,0.188224,0.248140,0.309638,0.473451,0.428333,0.366639,0.316362,0.325831,0.307742,0.207074,0.178118,0.385907,0.518930,0.297072,0.475427,0.515993,0.587230,0.574755,0.549205,0.566370,0.590599,0.613465,0.632823,0.635450,0.697184,0.751065,0.802452,0.826038,0.864654,0.545095,0.454063,0.607854,0.541313,0.540623,0.535360,0.480772,0.558453,0.616062,0.870219,0.831523,0.784666,0.533789,0.392940,0.411038,0.407672,0.375604,0.399278,0.348329
0.156236,0.156236,0.502837,0.682594,0.323882,0.579017,0.670556,0.681359,0.656880,0.381150,0.191811,0.195182,0.203202,0.221687,0.233671,0.196551,0.193325,0.251542,0.271590,0.336217,0.431554,0.377413,0.327236,0.265746,0.264088,0.276267,0.213884,0.280560,0.440938,0.464845,0.346874,0.534904,0.481166,0.575899,0.518286,0.516647,0.567489,0.563038,0.617880,0.639481,0.632686,0.657082,0.717647,0.777718,0.756345,0.850902,0.687970,0.512459,0.589479,0.581550,0.552218,0.559903,0.523609,0.530820,0.554979,0.769378,0.865050,0.665496,0.418020,0.374200,0.384532,0.330249,0.383636,0.354658,0.347806
0.156310,0.156310,0.430041,0.636428,0.336972,0.532515,0.667613,0.669171,0.642277,0.460407,0.217673,0.189947,0.235005,0.268790,0.252400,0.230722,0.168166,0.206570,0.252076,0.326370,0.273639,0.267378,0.457527,0.232771,0.189369,0.169025,0.237444,0.380129,0.485808,0.359766,0.411469,0.529660,0.513908,0.570609,0.560223,0.500596,0.526363,0.553143,0.614281,0.623462,0.652476,0.699174,0.743968,0.788427,0.781467,0.866275,0.807251,0.491099,0.378088,0.500250,0.528321,0.521294,0.547285,0.616370,0.512120,0.640466,0.872725,0.624009,0.375238,0.372569,0.314702,0.351262,0.411622,0.353539,0.315637
0.093858,0.093858,0.315248,0.690216,0.379446,0.476328,0.711162,0.666157,0.605713,0.393676,0.165021,0.163822,0.219842,0.190643,0.189662,0.247735,0.164971,0.191723,0.266283,0.441335,0.345440,0.354687,0.257879,0.156044,0.164820,0.148398,0.278413,0.458724,0.465083,0.286829,0.480273,0.510670,0.535936,0.573660,0.535470,0.555002,0.506205,0.550859,0.594354,0.593051,0.605962,0.646360,0.746452,0.781654,0.802924,0.838456,0.879619,0.584546,0.298767,0.324916,0.300723,0.306562,0.367819,0.523287,0.645789,0.717780,0.841195,0.465172,0.308753,0.316532,0.370467,0.385205,0.399104,0.369432,0.222764
0.260687,0.260687,0.410314,0.705222,0.390558,0.479148,0.689881,0.706584,0.607415,0.379248,0.168129,0.197732,0.210456,0.235795,0.216444,0.190598,0.197818,0.183496,0.221225,0.308959,0.517494,0.337321,0.177949,0.198100,0.196767,0.170514,0.392125,0.451792,0.299178,0.368479,0.551632,0.570735,0.527598,0.561940,0.577992,0.564796,0.570514,0.539474,0.546635,0.590077,0.625282,0.628087,0.674135,0.736405,0.835080,0.849598,0.890170,0.679383,0.350503,0.399696,0.324550,0.250817,0.120348,0.450625,0.722575,0.793180,0.612710,0.245305,0.288069,0.342090,0.398140,0.321833,0.399702,0.318160,0.240841
0.360026,0.360026,0.468491,0.670264,0.524505,0.474470,0.691802,0.704337,0.645753,0.355595,0.139704,0.214196,0.189394,0.209699,0.257337,0.217464,0.219346,0.215791,0.268772,0.246797,0.413744,0.325238,0.187896,0.175220,0.151437,0.306701,0.379453,0.318909,0.339880,0.538043,0.530550,0.531602,0.536709,0.538075,0.568251,0.515184,0.570176,0.515719,0.553681,0.596566,0.568116,0.623902,0.618326,0.738145,0.805395,0.796395,0.805176,0.806577,0.396604,0.434696,0.412838,0.327163,0.247851,0.471613,0.827422,0.591363,0.300014,0.250125,0.337216,0.389546,0.278268,0.353496,0.396602,0.291859,0.274541
0.246595,0.246595,0.422643,0.638479,0.537808,0.507112,0.716736,0.714396,0.564135,0.278183,0.214990,0.183048,0.241054,0.196129,0.243310,0.276447,0.349218,0.215533,0.232236,0.305988,0.402945,0.308748,0.157482,0.133725,0.184203,0.239257,0.296668,0.430187,0.480520,0.513723,0.516071,0.528336,0.528254,0.546270,0.573983,0.572482,0.548274,0.568327,0.564919,0.555115,0.573004,0.612952,0.652842,0.679257,0.759484,0.756264,0.864242,0.870000,0.414182,0.339752,0.415841,0.395648,0.416263,0.530583,0.526305,0.287113,0.315124,0.275941,0.356225,0.337178,0.280311,0.447599,0.442754,0.250801,0.241008
0.212597,0.212597,0.356561,0.744458,0.627132,0.468268,0.732557,0.715744,0.558616,0.204249,0.205418,0.198126,0.238028,0.234340,0.308291,0.257317,0.413198,0.240853,0.289060,0.265952,0.315765,0.309470,0.181683,0.220712,0.283287,0.401698,0.407726,0.489365,0.532602,0.536214,0.531588,0.504527,0.521321,0.536199,0.580894,0.590926,0.599332,0.563467,0.532947,0.590887,0.552214,0.581420,0.574072,0.636270,0.731868,0.787655,0.809378,0.841076,0.578344,0.307725,0.393851,0.424495,0.473911,0.434159,0.382530,0.424704,0.363130,0.395459,0.286043,0.336056,0.405553,0.461287,0.272736,0.216482,0.196879
0.203768,0.203768,0.241338,0.749052,0.728496,0.504041,0.667897,0.711744,0.543550,0.176906,0.192218,0.197003,0.274313,0.303649,0.310678,0.285199,0.322467,0.347611,0.284786,0.253225,0.256111,0.353974,0.215325,0.286854,0.414257,0.475412,0.481221,0.514854,0.500317,0.520217,0.516681,0.512348,0.501645,0.520597,0.570154,0.617007,0.587050,0.523937,0.596681,0.595890,0.537355,0.623855,0.587822,0.646829,0.692796,0.758610,0.810361,0.835320,0.677098,0.305631,0.392225,0.418326,0.512406,0.479803,0.507940,0.404324,0.336392,0.357327,0.307773,0.423818,0.507474,0.345021,0.216599,0.227904,0.363555
