0.608853,0.608853,0.612374,0.636288,0.602367,0.610069,0.691295,0.636989,0.498937,0.346941,0.362803,0.401747,0.418885,0.414511,0.463483,0.484592,0.515417,0.512591,0.513261,0.501815,0.478380,0.492114,0.530266,0.518255,0.514535,0.520721,0.519883,0.518168,0.515649,0.499081,0.491931,0.506046,0.519963,0.522776,0.502667,0.525009,0.508537,0.501605,0.498575,0.488638,0.459083,0.479602,0.593930,0.610807,0.612868,0.617804,0.611132,0.598289,0.614206,0.619958,0.617458,0.649497,0.811675,0.671767,0.397889,0.458633,0.484707,0.477276,0.476809,0.460262,0.457002,0.483285,0.495232,0.514144,0.480967
0.614040,0.614040,0.621276,0.631887,0.623669,0.639685,0.645126,0.653671,0.504612,0.342705,0.399728,0.409725,0.409764,0.406987,0.465229,0.487404,0.485964,0.509099,0.504559,0.522274,0.517081,0.540282,0.519333,0.509877,0.506117,0.502915,0.514788,0.519876,0.509446,0.491878,0.528188,0.520971,0.515817,0.520578,0.520205,0.493335,0.502650,0.506590,0.508872,0.473335,0.459691,0.449985,0.554091,0.602238,0.608630,0.621671,0.609888,0.613250,0.607645,0.603600,0.592922,0.609616,0.785518,0.896672,0.583102,0.425364,0.466564,0.459139,0.470547,0.476254,0.477869,0.501355,0.512411,0.337855,0.242325
0.612534,0.612534,0.632926,0.619919,0.631326,0.656017,0.647066,0.613134,0.537816,0.370527,0.395672,0.410608,0.413727,0.416125,0.436674,0.467751,0.495252,0.492662,0.494867,0.541196,0.531079,0.520587,0.522412,0.508389,0.497180,0.507170,0.503430,0.516270,0.503130,0.504612,0.503617,0.538462,0.517883,0.506401,0.507945,0.510393,0.489687,0.488816,0.487033,0.482850,0.461983,0.436492,0.450712,0.647152,0.624634,0.626611,0.640849,0.602330,0.577268,0.564515,0.607441,0.596703,0.696304,0.882656,0.751903,0.428198,0.472530,0.475042,0.474254,0.480943,0.513388,0.510778,0.344299,0.200010,0.244338
0.602028,0.602028,0.621977,0.621169,0.664901,0.650848,0.616522,0.616770,0.516204,0.375459,0.394874,0.420143,0.411705,0.410413,0.426566,0.479637,0.504140,0.487673,0.487790,0.521125,0.522681,0.516856,0.512672,0.510661,0.502061,0.528083,0.519810,0.498812,0.495996,0.494682,0.498052,0.499728,0.515566,0.506923,0.504904,0.490369,0.510479,0.470819,0.488219,0.480871,0.459255,0.430281,0.473113,0.620075,0.614991,0.624021,0.638391,0.625534,0.603561,0.598890,0.602307,0.609484,0.544041,0.750480,0.874358,0.623268,0.368861,0.483038,0.484493,0.502399,0.473585,0.331842,0.187878,0.185215,0.209751
0.630386,0.630386,0.614590,0.649627,0.647498,0.640451,0.619841,0.640515,0.489621,0.362397,0.392109,0.416615,0.411315,0.415218,0.438292,0.497386,0.488449,0.509627,0.504955,0.496945,0.510001,0.505349,0.517433,0.508541,0.500651,0.506274,0.522959,0.502996,0.496637,0.501501,0.483028,0.505689,0.497694,0.503872,0.505211,0.517882,0.481418,0.500077,0.489416,0.472600,0.459050,0.447280,0.476375,0.544457,0.586786,0.621992,0.621339,0.621261,0.614736,0.608052,0.616282,0.593611,0.551478,0.634284,0.886067,0.811130,0.500321,0.404372,0.465261,0.525051,0.311566,0.081021,0.218768,0.199623,0.195648
0.624059,0.624059,0.625508,0.622583,0.651967,0.628032,0.642828,0.625608,0.500651,0.339984,0.390743,0.417895,0.420328,0.421305,0.456729,0.477078,0.508207,0.496562,0.504572,0.496329,0.492083,0.508524,0.513307,0.510932,0.484273,0.520022,0.514043,0.495957,0.510943,0.528743,0.497542,0.447130,0.467965,0.462215,0.488433,0.517727,0.528821,0.493948,0.485584,0.479944,0.468078,0.470901,0.480645,0.531380,0.568262,0.598160,0.608547,0.609183,0.606142,0.600103,0.602615,0.589887,0.548308,0.592053,0.781372,0.896810,0.691507,0.395997,0.489777,0.399425,0.204746,0.175386,0.233434,0.202927,0.187492
0.623354,0.623354,0.627855,0.563629,0.524146,0.600385,0.622528,0.617582,0.518523,0.363364,0.376613,0.411969,0.411013,0.405772,0.453417,0.456883,0.466018,0.507049,0.496328,0.490288,0.497073,0.502717,0.515970,0.515151,0.501553,0.551683,0.587976,0.610500,0.727834,0.704227,0.691930,0.725184,0.671751,0.510457,0.468574,0.458873,0.488199,0.506086,0.485598,0.473721,0.491323,0.469947,0.473326,0.539444,0.550876,0.587463,0.612035,0.595721,0.579988,0.580760,0.570546,0.567315,0.569648,0.549176,0.620057,0.827431,0.858155,0.610502,0.319629,0.152117,0.190878,0.209192,0.221581,0.210206,0.188855
0.634629,0.634629,0.632002,0.504776,0.493284,0.601650,0.624005,0.641108,0.506417,0.314788,0.357819,0.373062,0.398472,0.403851,0.430709,0.459425,0.468098,0.471858,0.491084,0.486735,0.491831,0.521643,0.499031,0.503272,0.518626,0.540352,0.545009,0.623423,0.620618,0.691942,0.701171,0.728723,0.786009,0.809527,0.688858,0.519666,0.452791,0.471732,0.459891,0.462911,0.514894,0.427159,0.466732,0.544722,0.566358,0.570491,0.585946,0.574923,0.583011,0.573371,0.549110,0.569460,0.577260,0.583602,0.526444,0.690910,0.903257,0.698391,0.179933,0.195412,0.188582,0.194521,0.193298,0.198175,0.189111
0.659820,0.659820,0.565003,0.353792,0.485792,0.612069,0.642490,0.628839,0.486204,0.321489,0.341993,0.372787,0.371571,0.398839,0.443617,0.459366,0.438845,0.471678,0.480233,0.487408,0.507202,0.430371,0.469008,0.456938,0.515397,0.515528,0.558097,0.574706,0.612150,0.687105,0.678377,0.734736,0.758370,0.759934,0.770086,0.789428,0.596743,0.409567,0.398969,0.396702,0.437202,0.418983,0.448511,0.528205,0.567083,0.569557,0.570597,0.575008,0.564638,0.560167,0.571357,0.564448,0.584301,0.604585,0.573172,0.586587,0.737568,0.336875,0.173564,0.169267,0.203238,0.187701,0.190799,0.206857,0.201933
0.662945,0.662945,0.483582,0.310846,0.479667,0.623194,0.659505,0.632770,0.490692,0.313880,0.339923,0.361707,0.397849,0.400613,0.429020,0.433776,0.447350,0.463783,0.499850,0.494314,0.472742,0.427083,0.508271,0.487968,0.505009,0.528618,0.538692,0.548444,0.608515,0.669865,0.735490,0.741557,0.760834,0.765141,0.766800,0.781712,0.793514,0.653242,0.449169,0.415225,0.386627,0.409388,0.472236,0.607737,0.593379,0.592435,0.496341,0.507673,0.535450,0.568614,0.580474,0.573028,0.576134,0.578756,0.580649,0.585612,0.305101,0.138225,0.204154,0.211360,0.216757,0.211228,0.205701,0.227593,0.359853
0.591741,0.591741,0.379862,0.333262,0.468906,0.633235,0.664259,0.643256,0.486225,0.315732,0.349265,0.392292,0.414396,0.398955,0.419317,0.430362,0.445598,0.480305,0.490399,0.495994,0.435215,0.434542,0.487014,0.472461,0.493066,0.533697,0.523675,0.557294,0.584579,0.671919,0.692206,0.712676,0.755650,0.768154,0.798463,0.817255,0.808572,0.848594,0.654293,0.409032,0.371877,0.335146,0.437560,0.611925,0.608040,0.620171,0.437643,0.308620,0.526666,0.573187,0.571741,0.563294,0.569419,0.538650,0.620142,0.382180,0.154683,0.205440,0.197086,0.194743,0.217107,0.205440,0.248341,0.294779,0.581653
0.429019,0.429019,0.359728,0.331132,0.478703,0.623346,0.675099,0.638455,0.502470,0.308394,0.362500,0.360620,0.405531,0.424858,0.426278,0.442136,0.440347,0.476725,0.467057,0.442996,0.415394,0.442675,0.448167,0.454657,0.487050,0.505522,0.547270,0.585962,0.592902,0.616969,0.670356,0.712852,0.760376,0.789961,0.818396,0.820571,0.814032,0.821504,0.940165,0.488936,0.329967,0.342321,0.444465,0.602014,0.627886,0.587638,0.464056,0.220423,0.392618,0.557779,0.560279,0.570520,0.564086,0.607887,0.507970,0.174400,0.210027,0.197512,0.193387,0.209339,0.190065,0.250236,0.380549,0.606804,0.596332
0.335944,0.335944,0.327076,0.333977,0.470533,0.665213,0.640632,0.624028,0.473599,0.299673,0.335165,0.394691,0.384755,0.388383,0.425762,0.473824,0.481687,0.448024,0.461111,0.419513,0.439299,0.451457,0.460269,0.463870,0.501818,0.537798,0.529364,0.570925,0.592495,0.566892,0.655256,0.742809,0.773732,0.793428,0.793193,0.822101,0.818285,0.793175,0.852165,0.828578,0.557024,0.308700,0.439469,0.563097,0.606089,0.614910,0.490779,0.182921,0.262875,0.499054,0.555202,0.559419,0.551850,0.609043,0.255606,0.184564,0.200708,0.208055,0.199224,0.198406,0.202073,0.286047,0.534583,0.587368,0.632972
0.326447,0.326447,0.358750,0.324123,0.466018,0.642688,0.641840,0.626340,0.477148,0.297219,0.334950,0.397219,0.416984,0.415252,0.409051,0.469717,0.511213,0.519909,0.365097,0.419631,0.431953,0.482775,0.480107,0.535758,0.538770,0.523049,0.541125,0.524015,0.551430,0.704367,0.751651,0.739663,0.766714,0.772296,0.792113,0.822534,0.820350,0.801102,0.824429,0.834571,0.901277,0.430540,0.362686,0.566312,0.604071,0.603046,0.477052,0.227344,0.129715,0.299059,0.546102,0.636232,0.541467,0.435466,0.133142,0.214789,0.209879,0.201133,0.209598,0.205833,0.260459,0.514930,0.560511,0.619234,0.662289
0.344385,0.344385,0.361532,0.331110,0.467909,0.640654,0.633608,0.636045,0.472981,0.301385,0.329696,0.373562,0.400488,0.420343,0.420764,0.450476,0.504931,0.567995,0.400916,0.421814,0.438553,0.468184,0.515399,0.505730,0.513438,0.537770,0.454535,0.559106,0.750697,0.712830,0.695014,0.744490,0.753451,0.741750,0.783173,0.797319,0.791631,0.784734,0.785714,0.806800,0.876628,0.765473,0.364659,0.542109,0.611960,0.615760,0.485866,0.257341,0.177685,0.399262,0.789074,0.843730,0.774192,0.243935,0.117692,0.211463,0.202713,0.195761,0.229015,0.221526,0.491814,0.594707,0.624397,0.621778,0.642678
0.371404,0.371404,0.378785,0.325749,0.478323,0.636665,0.651571,0.629777,0.493567,0.292788,0.343892,0.374104,0.388717,0.416935,0.409863,0.415203,0.587744,0.544445,0.390904,0.428227,0.451085,0.469822,0.484653,0.493661,0.516085,0.446753,0.608205,0.700976,0.663904,0.717282,0.700104,0.760902,0.721684,0.734282,0.757716,0.793117,0.786110,0.786840,0.792353,0.791426,0.800131,0.836428,0.548345,0.509310,0.611700,0.639695,0.444863,0.207732,0.505851,0.807340,0.833733,0.849472,0.893570,0.374066,0.190725,0.194127,0.195048,0.199104,0.176565,0.324104,0.592886,0.588239,0.635282,0.612251,0.637568
0.400786,0.400786,0.414763,0.385791,0.471001,0.661586,0.626413,0.632266,0.479569,0.314247,0.347339,0.391735,0.395927,0.409293,0.415238,0.404093,0.678936,0.500393,0.388480,0.416343,0.451832,0.464826,0.483229,0.484163,0.470807,0.584539,0.630420,0.635920,0.663819,0.711619,0.706016,0.699598,0.703902,0.674769,0.746785,0.779001,0.764165,0.737232,0.753996,0.765791,0.812535,0.853926,0.778057,0.637246,0.605379,0.539669,0.472121,0.600703,0.816946,0.827433,0.801669,0.802543,0.883550,0.398758,0.163068,0.200408,0.182775,0.164864,0.193514,0.535307,0.635675,0.615158,0.586080,0.636014,0.615187
0.422510,0.422510,0.432608,0.400426,0.487918,0.645024,0.640695,0.652446,0.478226,0.314774,0.352604,0.401558,0.381612,0.410121,0.406145,0.474319,0.634612,0.519272,0.430765,0.394143,0.437836,0.451001,0.492340,0.496480,0.521885,0.584368,0.590254,0.635083,0.675139,0.680052,0.671274,0.687177,0.688488,0.722982,0.741274,0.741896,0.728236,0.701726,0.749226,0.762790,0.738909,0.767788,0.771209,0.756540,0.626431,0.695831,0.740700,0.817627,0.802264,0.797286,0.795191,0.795965,0.845725,0.302065,0.188100,0.195530,0.191003,0.204473,0.351032,0.622326,0.614409,0.612573,0.624962,0.604040,0.581095
0.388905,0.388905,0.427767,0.415260,0.465649,0.634218,0.689134,0.685751,0.497161,0.326423,0.352802,0.392092,0.416125,0.395519,0.407358,0.380719,0.723350,0.541544,0.484238,0.415917,0.434480,0.485256,0.482396,0.532255,0.564462,0.569596,0.583219,0.636912,0.683970,0.684192,0.669300,0.696715,0.675372,0.662081,0.725794,0.697537,0.728118,0.697327,0.737282,0.730965,0.706558,0.717250,0.716999,0.750866,0.750515,0.776438,0.792383,0.794541,0.792185,0.794543,0.782064,0.833835,0.787945,0.254840,0.188046,0.187421,0.204159,0.306611,0.570241,0.600581,0.608938,0.617047,0.612215,0.608958,0.617648
0.376309,0.376309,0.392456,0.404758,0.504101,0.628460,0.676039,0.678633,0.538873,0.327759,0.361262,0.381048,0.399541,0.404295,0.399476,0.455609,0.724810,0.589238,0.480060,0.440882,0.464728,0.469685,0.535282,0.540734,0.541358,0.573103,0.579250,0.611627,0.629040,0.670620,0.693864,0.683480,0.634531,0.672847,0.649565,0.679680,0.714556,0.717979,0.695917,0.707925,0.648364,0.657669,0.721710,0.767951,0.780164,0.761137,0.775930,0.785402,0.763011,0.803657,0.658274,0.752677,0.558108,0.176364,0.197859,0.195176,0.168330,0.440841,0.583073,0.612556,0.619533,0.597242,0.606988,0.626080,0.633146
0.389769,0.389769,0.375161,0.414164,0.505751,0.629686,0.691045,0.671251,0.454817,0.352785,0.334017,0.367928,0.372429,0.403187,0.382149,0.425383,0.693637,0.599296,0.576527,0.466061,0.453306,0.518010,0.514808,0.513803,0.538767,0.548604,0.579395,0.601878,0.586034,0.635786,0.643496,0.624762,0.667610,0.630273,0.642951,0.654749,0.685061,0.690576,0.651268,0.712270,0.676150,0.725222,0.747273,0.769268,0.769275,0.762596,0.777222,0.789010,0.773185,0.670851,0.544424,0.721143,0.351244,0.185453,0.180395,0.187516,0.418693,0.558369,0.615576,0.608101,0.614285,0.616550,0.610272,0.640658,0.596919
0.404723,0.404723,0.401912,0.410648,0.509804,0.627848,0.662642,0.642308,0.503139,0.320481,0.342744,0.334818,0.359147,0.377238,0.376821,0.411799,0.735310,0.695406,0.587604,0.501544,0.482784,0.491053,0.509672,0.524109,0.504980,0.513282,0.556244,0.581425,0.489922,0.477390,0.547930,0.553083,0.542257,0.618310,0.607873,0.583179,0.565793,0.550202,0.598824,0.754487,0.796110,0.738297,0.755814,0.756307,0.757358,0.776877,0.803345,0.819430,0.760897,0.473951,0.492214,0.685222,0.201337,0.179498,0.172481,0.203902,0.456499,0.562651,0.618443,0.608209,0.606243,0.594976,0.592717,0.605133,0.616890
0.402487,0.402487,0.413941,0.413825,0.506775,0.628005,0.666494,0.678237,0.533418,0.326801,0.330192,0.379391,0.398928,0.397505,0.373326,0.472154,0.748338,0.715777,0.567877,0.494816,0.484948,0.463752,0.525065,0.516070,0.520009,0.497235,0.554420,0.534538,0.448444,0.391639,0.400505,0.520966,0.411707,0.320825,0.389487,0.198273,0.220785,0.480223,0.679794,0.770154,0.759210,0.764330,0.758532,0.771800,0.756896,0.800409,0.826715,0.604462,0.394842,0.397720,0.678904,0.379756,0.187658,0.181458,0.174200,0.293840,0.596324,0.632693,0.630779,0.627315,0.625609,0.595431,0.578750,0.600716,0.628122
0.405529,0.405529,0.395510,0.396679,0.514401,0.627882,0.670065,0.677532,0.540486,0.314905,0.335710,0.393817,0.383743,0.397141,0.396719,0.356488,0.777389,0.745202,0.505003,0.495813,0.475810,0.497744,0.486813,0.505164,0.507010,0.526877,0.502971,0.483919,0.383560,0.329887,0.272097,0.395999,0.335212,0.341752,0.243681,0.226945,0.462392,0.659240,0.740423,0.799641,0.730570,0.769569,0.755871,0.811052,0.755381,0.651883,0.411090,0.388213,0.522777,0.700844,0.348049,0.201306,0.198132,0.215413,0.273265,0.495925,0.626282,0.634423,0.633774,0.630602,0.646826,0.610955,0.595024,0.606928,0.602350
0.424008,0.424008,0.395283,0.410471,0.517017,0.620346,0.706707,0.682912,0.506479,0.304494,0.331433,0.389995,0.402276,0.376446,0.392342,0.376969,0.628069,0.786767,0.624541,0.477410,0.504727,0.498281,0.461692,0.514967,0.507897,0.488907,0.419097,0.301768,0.243470,0.197349,0.301254,0.328720,0.383626,0.276686,0.252717,0.548334,0.695400,0.708016,0.694079,0.681245,0.766463,0.740131,0.759177,0.558210,0.361704,0.449956,0.600576,0.660869,0.761923,0.415012,0.167271,0.272027,0.200287,0.190142,0.294149,0.560188,0.632807,0.641937,0.641022,0.653520,0.621847,0.606863,0.606368,0.611264,0.602155
0.417426,0.417426,0.405421,0.406356,0.497705,0.618445,0.669821,0.643467,0.522394,0.296481,0.335639,0.387215,0.391148,0.403711,0.410448,0.409718,0.496321,0.817821,0.691712,0.508337,0.475616,0.478513,0.494371,0.468015,0.541940,0.351288,0.299030,0.265655,0.263508,0.219289,0.250959,0.237307,0.352436,0.340566,0.445457,0.733916,0.777616,0.674742,0.681348,0.703118,0.718420,0.733872,0.687570,0.330142,0.425040,0.444476,0.610231,0.705133,0.313958,0.155706,0.211049,0.221004,0.201880,0.224421,0.394194,0.551499,0.649996,0.648205,0.651875,0.629260,0.624557,0.634673,0.617137,0.618802,0.644085
0.420155,0.420155,0.440537,0.373005,0.457401,0.647771,0.640418,0.652009,0.510557,0.317597,0.341607,0.365469,0.405262,0.415973,0.422026,0.421561,0.408404,0.694460,0.771165,0.458526,0.464338,0.461150,0.501897,0.401896,0.380357,0.277659,0.287758,0.217029,0.283906,0.266598,0.205698,0.208099,0.306601,0.432691,0.614161,0.711181,0.674832,0.702276,0.689243,0.682153,0.733826,0.751051,0.746356,0.510907,0.303532,0.446746,0.594867,0.287527,0.157040,0.217461,0.210768,0.197036,0.176279,0.224628,0.464000,0.516741,0.662638,0.631838,0.628112,0.647852,0.645809,0.634064,0.633246,0.632618,0.596977
0.414108,0.414108,0.406579,0.335569,0.470853,0.645144,0.656250,0.659594,0.530806,0.311363,0.336986,0.389155,0.406455,0.408196,0.420219,0.432421,0.439769,0.702140,0.628580,0.430947,0.457694,0.462905,0.480776,0.289613,0.242044,0.145956,0.257949,0.258872,0.270638,0.341934,0.186698,0.205375,0.516543,0.586981,0.668484,0.708626,0.671526,0.670265,0.642451,0.721400,0.766138,0.750719,0.825755,0.589609,0.283856,0.326306,0.560573,0.251877,0.185659,0.214802,0.203151,0.186608,0.185442,0.344354,0.584317,0.624277,0.605346,0.634997,0.631912,0.621384,0.661923,0.628870,0.623007,0.616032,0.609870
0.409355,0.409355,0.389857,0.372117,0.456832,0.630972,0.690069,0.691774,0.551261,0.324846,0.338882,0.394464,0.411897,0.405744,0.416863,0.439470,0.405095,0.570049,0.650373,0.452059,0.476231,0.420517,0.339676,0.204850,0.263594,0.198933,0.214279,0.229250,0.279002,0.321059,0.230681,0.514812,0.638442,0.620301,0.705074,0.672450,0.665736,0.638870,0.671436,0.742407,0.761156,0.788530,0.837556,0.675961,0.316174,0.199650,0.510878,0.302653,0.233582,0.263772,0.197229,0.206740,0.175973,0.453690,0.561451,0.623967,0.617907,0.613762,0.593880,0.638128,0.587286,0.608317,0.598364,0.609309,0.605054
0.412151,0.412151,0.384437,0.375129,0.446169,0.611019,0.675064,0.682080,0.551659,0.325853,0.377779,0.419392,0.412326,0.411114,0.430770,0.466400,0.478466,0.503941,0.529885,0.461860,0.514914,0.313259,0.256625,0.219201,0.237080,0.230847,0.198154,0.221027,0.223748,0.251384,0.483794,0.620019,0.703648,0.715308,0.709311,0.634178,0.645435,0.667783,0.691758,0.746871,0.765572,0.807608,0.816786,0.767147,0.343593,0.216106,0.504005,0.277576,0.243918,0.251858,0.215078,0.210160,0.245531,0.557271,0.610175,0.632080,0.632828,0.618236,0.631935,0.558052,0.580962,0.584591,0.601401,0.575569,0.597306
0.411294,0.411294,0.417448,0.351672,0.464708,0.629349,0.664617,0.681556,0.517399,0.339134,0.382668,0.398293,0.408374,0.400069,0.425683,0.452908,0.549294,0.436827,0.424569,0.535969,0.410467,0.239596,0.275018,0.223725,0.256157,0.193024,0.201315,0.263906,0.217475,0.323059,0.643136,0.676721,0.715488,0.730674,0.485903,0.500089,0.580115,0.728317,0.687996,0.745261,0.770706,0.808774,0.834546,0.764287,0.412754,0.139837,0.404142,0.407803,0.184891,0.239182,0.210752,0.173083,0.480578,0.612207,0.614734,0.611630,0.613720,0.623259,0.609596,0.613432,0.613768,0.596466,0.570348,0.583234,0.589527
0.409853,0.409853,0.380424,0.362292,0.454015,0.631930,0.677401,0.687535,0.498071,0.345811,0.366278,0.413669,0.397385,0.359111,0.403829,0.469371,0.531935,0.426943,0.357669,0.424554,0.282975,0.258168,0.296773,0.250767,0.187664,0.204282,0.186665,0.271340,0.286382,0.614992,0.712558,0.709328,0.640477,0.522275,0.465672,0.457988,0.337795,0.518505,0.611773,0.707106,0.742989,0.743114,0.619871,0.401002,0.342015,0.164686,0.380262,0.375570,0.266229,0.223025,0.226122,0.238439,0.450752,0.591639,0.610901,0.620638,0.630332,0.623032,0.625379,0.614282,0.621599,0.625643,0.590913,0.569265,0.582553
0.418564,0.418564,0.394538,0.353943,0.460735,0.620765,0.693014,0.694249,0.545015,0.338279,0.358802,0.385212,0.399285,0.393043,0.549191,0.545997,0.611048,0.491573,0.263446,0.270142,0.297137,0.318739,0.218952,0.257589,0.208332,0.266671,0.190004,0.154204,0.516578,0.684419,0.751883,0.620740,0.277431,0.192783,0.243449,0.330580,0.345651,0.490087,0.567633,0.659357,0.717722,0.476424,0.258617,0.227989,0.261430,0.151955,0.374593,0.467244,0.207850,0.208987,0.187202,0.289056,0.556763,0.613549,0.602837,0.615893,0.621363,0.626545,0.613656,0.607659,0.597778,0.593393,0.566711,0.545377,0.553773
0.376344,0.376344,0.375923,0.363182,0.418464,0.625248,0.684945,0.685806,0.578216,0.313841,0.353980,0.399278,0.382713,0.326802,0.496460,0.662100,0.518400,0.244183,0.213781,0.249116,0.288139,0.424066,0.207767,0.242573,0.236941,0.208661,0.207090,0.281943,0.654540,0.696083,0.647834,0.401503,0.269421,0.302409,0.370476,0.691813,0.454400,0.443604,0.524270,0.716726,0.652922,0.283788,0.386281,0.382938,0.160547,0.159646,0.361767,0.497480,0.255339,0.201607,0.169691,0.387623,0.539764,0.595423,0.612923,0.607654,0.592893,0.596910,0.592026,0.580008,0.580090,0.576118,0.485548,0.494203,0.572982
0.395100,0.395100,0.378792,0.298983,0.376789,0.584286,0.680548,0.696180,0.555227,0.342703,0.400882,0.408763,0.385847,0.390046,0.530678,0.513281,0.243274,0.343851,0.263262,0.277464,0.363021,0.474142,0.270644,0.171604,0.182692,0.172301,0.213055,0.576055,0.729094,0.658364,0.500469,0.555391,0.508577,0.439443,0.585862,0.623625,0.587173,0.504972,0.539363,0.768995,0.679706,0.508307,0.488688,0.392211,0.221818,0.199339,0.339628,0.534627,0.306610,0.175032,0.208320,0.448970,0.581890,0.603416,0.632995,0.589211,0.600003,0.570779,0.609830,0.531725,0.576981,0.564259,0.560070,0.632015,0.693946
0.381738,0.381738,0.344631,0.283112,0.312499,0.632707,0.672140,0.700508,0.555868,0.351752,0.400674,0.412499,0.474932,0.523141,0.316427,0.225507,0.251231,0.410717,0.270790,0.317038,0.395327,0.422735,0.258668,0.147689,0.169905,0.190358,0.368382,0.651156,0.733458,0.402213,0.520961,0.582088,0.574075,0.624814,0.590026,0.624506,0.622573,0.534188,0.542921,0.726314,0.750843,0.559071,0.503887,0.413135,0.300765,0.205712,0.325277,0.546846,0.262578,0.164672,0.296645,0.568446,0.620356,0.613892,0.621006,0.604763,0.544771,0.572162,0.565062,0.560017,0.518494,0.622851,0.724118,0.729587,0.739016
0.344383,0.344383,0.341987,0.265958,0.316513,0.647572,0.671147,0.711888,0.551755,0.357939,0.397481,0.453004,0.525269,0.431168,0.295569,0.255296,0.395060,0.345845,0.191202,0.182780,0.351984,0.338444,0.364446,0.183211,0.147622,0.258361,0.546690,0.759503,0.403767,0.384134,0.533390,0.564963,0.645458,0.652041,0.644079,0.654808,0.635963,0.528288,0.447666,0.684394,0.779804,0.632958,0.528263,0.488840,0.324856,0.236326,0.316296,0.525608,0.164940,0.146305,0.336709,0.602505,0.601739,0.605592,0.566136,0.547582,0.548977,0.577015,0.553696,0.525964,0.668190,0.767321,0.772916,0.771060,0.741963
0.311983,0.311983,0.346708,0.239363,0.309475,0.565221,0.658086,0.692253,0.593400,0.289426,0.409924,0.424345,0.426434,0.345496,0.296599,0.309997,0.377758,0.254480,0.213665,0.191916,0.186269,0.192343,0.463600,0.293458,0.142518,0.363328,0.720101,0.475683,0.238263,0.479672,0.535401,0.595268,0.624954,0.668463,0.681675,0.668152,0.576413,0.574758,0.488331,0.626943,0.840354,0.625062,0.574619,0.540701,0.309919,0.261248,0.239958,0.525666,0.240350,0.172793,0.423677,0.596778,0.613344,0.606759,0.589120,0.562793,0.560011,0.570665,0.526079,0.581350,0.730324,0.765106,0.764021,0.791636,0.812691
0.284344,0.284344,0.273006,0.225349,0.319069,0.648121,0.683635,0.680965,0.552319,0.333452,0.435483,0.518774,0.371263,0.408667,0.326971,0.348976,0.438648,0.326305,0.174635,0.136570,0.245888,0.301373,0.519307,0.331982,0.241104,0.534575,0.632822,0.209113,0.214640,0.457941,0.493897,0.550042,0.622055,0.651327,0.701092,0.650755,0.525275,0.517959,0.477567,0.593499,0.827615,0.631140,0.580984,0.496694,0.284046,0.256266,0.223410,0.539432,0.289833,0.204576,0.515980,0.630387,0.643292,0.631120,0.574729,0.581080,0.558692,0.559175,0.518528,0.730609,0.768059,0.763055,0.789498,0.817955,0.811047
0.341124,0.341124,0.325870,0.200204,0.294843,0.618305,0.684697,0.703950,0.538607,0.357715,0.399877,0.423143,0.347221,0.377551,0.317299,0.324623,0.441335,0.316897,0.198130,0.163559,0.299230,0.432100,0.298253,0.177767,0.474432,0.669452,0.334342,0.226928,0.352319,0.445275,0.503491,0.530435,0.594537,0.604079,0.639255,0.613077,0.531362,0.492870,0.482035,0.583220,0.821377,0.604759,0.554030,0.446044,0.207732,0.219741,0.265081,0.490727,0.301178,0.266782,0.521413,0.615831,0.618709,0.523722,0.581188,0.585746,0.567129,0.546688,0.592054,0.774154,0.750022,0.797922,0.817412,0.814462,0.809397
0.349993,0.349993,0.302862,0.259404,0.352118,0.645979,0.678824,0.702321,0.583782,0.314072,0.399912,0.408757,0.339910,0.351529,0.289780,0.341760,0.413347,0.415629,0.221257,0.244105,0.191945,0.306273,0.157792,0.305297,0.703668,0.452227,0.168853,0.205532,0.332195,0.436623,0.511488,0.521916,0.559140,0.623746,0.619344,0.610059,0.579434,0.490356,0.375793,0.447961,0.718311,0.602989,0.522618,0.295673,0.177173,0.218434,0.188231,0.441538,0.359570,0.389575,0.657034,0.612599,0.577830,0.575461,0.571401,0.592496,0.582486,0.602534,0.703809,0.772724,0.800961,0.817176,0.818881,0.806741,0.829563
0.331348,0.331348,0.284176,0.268598,0.473414,0.604501,0.669853,0.692200,0.577740,0.311125,0.388454,0.425706,0.331312,0.286757,0.282643,0.286786,0.406972,0.484500,0.302952,0.348763,0.221961,0.302750,0.536336,0.510082,0.490678,0.199007,0.190745,0.236344,0.371899,0.462762,0.499958,0.525557,0.575692,0.614651,0.603396,0.605536,0.569930,0.559840,0.572968,0.721342,0.670088,0.606280,0.460601,0.195401,0.221943,0.249793,0.205978,0.407545,0.460833,0.484309,0.641018,0.601544,0.578828,0.598735,0.571915,0.561876,0.579767,0.592268,0.734678,0.787405,0.826311,0.812717,0.837653,0.832553,0.794344
0.265823,0.265823,0.319122,0.275321,0.448785,0.623105,0.678652,0.693856,0.586517,0.304606,0.345452,0.446815,0.348631,0.370977,0.201888,0.309139,0.358051,0.385341,0.486322,0.275244,0.246244,0.564253,0.628260,0.441135,0.259494,0.179757,0.229804,0.215102,0.363420,0.436223,0.490130,0.522569,0.547029,0.561431,0.570075,0.550817,0.589053,0.616595,0.725729,0.778206,0.652921,0.561185,0.324498,0.170244,0.224639,0.277458,0.207514,0.322984,0.506485,0.511948,0.605194,0.590861,0.606750,0.596610,0.558757,0.546705,0.569406,0.581639,0.753109,0.797351,0.830808,0.828408,0.773445,0.818365,0.811185
0.262315,0.262315,0.273620,0.185302,0.445392,0.614103,0.687909,0.689650,0.583892,0.324368,0.410049,0.479484,0.288808,0.249266,0.199497,0.395410,0.371487,0.351506,0.422157,0.357478,0.630335,0.703871,0.451193,0.284889,0.162295,0.188862,0.241837,0.230347,0.339664,0.389299,0.476202,0.498314,0.540979,0.539479,0.514982,0.491008,0.507548,0.484265,0.533783,0.561381,0.568445,0.488391,0.210025,0.197706,0.244332,0.281492,0.270422,0.275301,0.507430,0.564016,0.585971,0.610257,0.597012,0.565319,0.558477,0.566444,0.570911,0.596945,0.763440,0.796669,0.830807,0.849607,0.802550,0.832528,0.828901
0.229251,0.229251,0.236089,0.248764,0.447162,0.637036,0.665719,0.700207,0.579001,0.392673,0.427522,0.447679,0.239834,0.211161,0.284767,0.417442,0.394933,0.380660,0.347697,0.484655,0.641585,0.563890,0.401531,0.191787,0.198541,0.195322,0.211612,0.241253,0.245616,0.342672,0.441684,0.477773,0.533692,0.540729,0.518093,0.482813,0.478230,0.551958,0.580161,0.576342,0.557462,0.343373,0.170977,0.180489,0.225387,0.273111,0.214808,0.255034,0.535731,0.589372,0.626909,0.590097,0.592393,0.567037,0.568732,0.577165,0.558023,0.582518,0.793034,0.815022,0.809487,0.832023,0.820325,0.835616,0.847055
0.187623,0.187623,0.201591,0.247168,0.400874,0.630719,0.672417,0.737410,0.620842,0.278732,0.428731,0.353779,0.298472,0.186974,0.281229,0.519407,0.369538,0.405064,0.420642,0.482175,0.621885,0.585725,0.213695,0.183657,0.202052,0.205512,0.256990,0.214052,0.297686,0.299933,0.436535,0.445200,0.514012,0.526278,0.542217,0.538440,0.513282,0.555729,0.557119,0.592859,0.454130,0.162859,0.142208,0.196472,0.249634,0.329519,0.258716,0.224865,0.576813,0.606567,0.599611,0.599749,0.602064,0.588409,0.557021,0.553370,0.535112,0.613376,0.866781,0.840323,0.834679,0.841493,0.834751,0.811054,0.832951
0.193556,0.193556,0.189580,0.294112,0.468578,0.609683,0.703611,0.688872,0.562534,0.339360,0.412409,0.291966,0.269941,0.204994,0.253354,0.439138,0.454019,0.425601,0.425225,0.390310,0.638275,0.323410,0.181706,0.248092,0.176194,0.228294,0.189686,0.223972,0.267348,0.279274,0.298022,0.393928,0.511301,0.503259,0.551801,0.572702,0.558516,0.650243,0.642069,0.563326,0.320439,0.184405,0.224136,0.205908,0.269876,0.294159,0.317073,0.285899,0.589576,0.598699,0.600159,0.594800,0.585750,0.565175,0.542043,0.544419,0.546070,0.607748,0.860584,0.819846,0.818715,0.827001,0.829530,0.831760,0.790763
0.184287,0.184287,0.195741,0.296149,0.470866,0.627631,0.653321,0.693249,0.585024,0.303946,0.391296,0.256898,0.245144,0.206215,0.181126,0.368996,0.321885,0.487599,0.469191,0.494690,0.354994,0.220357,0.160757,0.207598,0.198239,0.195290,0.188412,0.215156,0.234954,0.238299,0.268659,0.235106,0.385726,0.457289,0.544130,0.574524,0.661442,0.650920,0.651263,0.526452,0.216547,0.224335,0.227317,0.217193,0.254925,0.340992,0.296835,0.274230,0.622460,0.589752,0.582530,0.581375,0.591802,0.567146,0.549314,0.544645,0.507784,0.717607,0.858385,0.843299,0.811474,0.833662,0.808115,0.729755,0.601668
0.191480,0.191480,0.189264,0.244425,0.467812,0.637309,0.653259,0.659335,0.558562,0.477151,0.388309,0.251332,0.237113,0.214563,0.191223,0.454768,0.348088,0.383022,0.452771,0.526500,0.431100,0.285552,0.176292,0.224561,0.219244,0.200981,0.220761,0.198122,0.210875,0.217636,0.247501,0.279335,0.419998,0.449764,0.494172,0.556114,0.622192,0.640318,0.600382,0.563093,0.331460,0.250407,0.236108,0.212057,0.294484,0.397681,0.303603,0.294371,0.616437,0.463075,0.510595,0.552278,0.573887,0.565453,0.559808,0.537328,0.541954,0.724800,0.839139,0.833065,0.827410,0.796834,0.578478,0.283630,0.198505
0.329862,0.329862,0.216314,0.228586,0.366191,0.579017,0.660935,0.668543,0.643780,0.412861,0.332023,0.158036,0.231011,0.201509,0.265567,0.331528,0.442756,0.434309,0.417721,0.435064,0.455262,0.484254,0.225293,0.247895,0.229004,0.207987,0.215988,0.209570,0.209540,0.214335,0.250133,0.416883,0.492049,0.537853,0.537398,0.537062,0.585751,0.579976,0.688080,0.757664,0.790414,0.604499,0.356580,0.177017,0.319151,0.311815,0.300560,0.329133,0.530773,0.457491,0.442570,0.465731,0.461148,0.465313,0.474690,0.468433,0.414621,0.777329,0.814672,0.773965,0.837986,0.613357,0.203044,0.201887,0.328436
0.567234,0.567234,0.435493,0.248445,0.259505,0.576743,0.696100,0.667481,0.637386,0.467832,0.286617,0.107582,0.313017,0.274496,0.298559,0.260730,0.337794,0.414162,0.386475,0.434277,0.467454,0.381566,0.388998,0.215547,0.200418,0.198667,0.199965,0.203414,0.214679,0.242249,0.266206,0.423119,0.471312,0.517525,0.535915,0.550106,0.572711,0.624440,0.728245,0.783431,0.752041,0.810051,0.820329,0.528475,0.275539,0.269382,0.295290,0.320931,0.628377,0.596264,0.558796,0.510579,0.469862,0.448715,0.451285,0.423302,0.447723,0.704042,0.829031,0.838562,0.610231,0.250080,0.295378,0.353071,0.316467
0.507263,0.507263,0.530729,0.445450,0.260092,0.580239,0.665727,0.685695,0.629560,0.527372,0.214999,0.157447,0.271186,0.259456,0.275107,0.245785,0.291196,0.290712,0.299840,0.421580,0.492248,0.395481,0.465957,0.260978,0.199824,0.207018,0.204121,0.207267,0.190319,0.337635,0.263473,0.391797,0.461038,0.531660,0.545871,0.561827,0.571984,0.627095,0.696992,0.704955,0.687895,0.754420,0.812548,0.878955,0.567031,0.225713,0.219922,0.342270,0.615412,0.601051,0.565137,0.572277,0.541151,0.492740,0.420396,0.478069,0.498604,0.798861,0.840132,0.759929,0.304718,0.314436,0.403741,0.403312,0.368129
0.338271,0.338271,0.640920,0.552455,0.286010,0.586612,0.690728,0.711439,0.597327,0.405235,0.151274,0.201627,0.209333,0.200445,0.285060,0.220999,0.223392,0.297137,0.303737,0.344119,0.460072,0.477940,0.373002,0.389149,0.137882,0.208037,0.206889,0.206554,0.230819,0.393370,0.236421,0.367893,0.501411,0.547328,0.564159,0.572701,0.566457,0.620819,0.644647,0.682574,0.695045,0.727958,0.787017,0.808334,0.894887,0.455844,0.184425,0.361374,0.616996,0.600396,0.562807,0.572528,0.556817,0.533816,0.467068,0.530754,0.647940,0.834937,0.863560,0.605751,0.339476,0.389058,0.414921,0.421697,0.399734
0.169650,0.169650,0.555666,0.593473,0.226675,0.563328,0.721869,0.672147,0.592210,0.412817,0.210050,0.220820,0.192897,0.231320,0.342908,0.145691,0.219752,0.208596,0.393147,0.384647,0.447467,0.494896,0.359564,0.447512,0.210502,0.213885,0.221287,0.215063,0.194081,0.461397,0.326970,0.420218,0.534538,0.540849,0.549798,0.559757,0.564734,0.600668,0.617357,0.654389,0.673111,0.739356,0.774857,0.816170,0.830008,0.712396,0.197119,0.399472,0.593723,0.579196,0.584169,0.586260,0.551896,0.514841,0.529511,0.718238,0.788959,0.855047,0.792884,0.426965,0.343944,0.411893,0.391325,0.410813,0.407076
0.145288,0.145288,0.503924,0.609482,0.281653,0.561818,0.700983,0.704986,0.636566,0.364293,0.219183,0.198462,0.196998,0.284092,0.265610,0.186368,0.204839,0.212439,0.299535,0.380620,0.456649,0.504974,0.481762,0.406912,0.230030,0.198751,0.198209,0.164113,0.327786,0.534832,0.310324,0.444828,0.545120,0.563051,0.534553,0.549180,0.564947,0.583951,0.612833,0.656121,0.705709,0.728760,0.776605,0.824905,0.860278,0.875403,0.260349,0.409117,0.600904,0.584660,0.549927,0.570486,0.530212,0.514609,0.560475,0.845579,0.875121,0.878395,0.672049,0.326755,0.411755,0.416664,0.408606,0.394268,0.409210
0.140841,0.140841,0.503975,0.594174,0.281792,0.546576,0.678181,0.694126,0.630093,0.390400,0.206531,0.197757,0.197659,0.235982,0.264898,0.244763,0.178274,0.202342,0.251894,0.315744,0.467714,0.428318,0.367125,0.316103,0.323446,0.301880,0.204063,0.180803,0.386108,0.518777,0.297397,0.473218,0.522044,0.566953,0.561931,0.547210,0.562327,0.583388,0.612673,0.634178,0.649421,0.700294,0.751660,0.801437,0.818171,0.864641,0.545095,0.454063,0.605036,0.560483,0.552508,0.536262,0.511237,0.547821,0.615989,0.870204,0.831294,0.784672,0.533774,0.392749,0.400019,0.403726,0.388332,0.393586,0.369698
0.152838,0.152838,0.502832,0.681963,0.323167,0.573062,0.664846,0.675013,0.653241,0.380968,0.197138,0.199509,0.205894,0.220238,0.231063,0.203346,0.196953,0.229380,0.267954,0.333190,0.431165,0.377322,0.327391,0.266556,0.260176,0.268458,0.213193,0.280734,0.442148,0.463959,0.346656,0.532370,0.511935,0.560748,0.540554,0.531746,0.554727,0.571489,0.611586,0.629347,0.645418,0.669393,0.730791,0.773868,0.782069,0.851103,0.687970,0.512459,0.588730,0.579521,0.544762,0.539170,0.530453,0.538565,0.560359,0.770499,0.865049,0.665511,0.418048,0.371567,0.382514,0.350564,0.386086,0.368555,0.349292
0.156310,0.156310,0.430044,0.636434,0.338066,0.530391,0.669749,0.671649,0.640309,0.454962,0.215372,0.196937,0.216083,0.237920,0.230938,0.216465,0.189737,0.207589,0.251105,0.326316,0.274315,0.267518,0.457394,0.233131,0.194431,0.180943,0.237469,0.389281,0.486234,0.360164,0.411288,0.525129,0.526283,0.557046,0.552634,0.519451,0.533114,0.560642,0.604329,0.620265,0.643697,0.689846,0.737411,0.771946,0.792829,0.862977,0.807251,0.491099,0.378097,0.500429,0.527423,0.522030,0.547107,0.614807,0.512250,0.640468,0.872725,0.624004,0.375297,0.369338,0.333111,0.364760,0.396249,0.356464,0.314669
0.093872,0.093872,0.315248,0.690212,0.378270,0.478376,0.701362,0.675729,0.607710,0.394144,0.168371,0.187238,0.212430,0.204761,0.202977,0.220226,0.188562,0.200003,0.264955,0.441303,0.345428,0.354687,0.258006,0.160586,0.182096,0.158354,0.279005,0.457075,0.464247,0.287142,0.479511,0.513335,0.541496,0.561874,0.551239,0.550660,0.528545,0.554275,0.583794,0.601355,0.617769,0.650941,0.734264,0.771006,0.804703,0.838462,0.879228,0.584579,0.298815,0.324983,0.300746,0.306561,0.367819,0.523287,0.645247,0.717790,0.841195,0.465169,0.309668,0.325319,0.369842,0.385447,0.394086,0.365541,0.225464
0.260705,0.260705,0.410311,0.705220,0.390728,0.479117,0.692340,0.696411,0.614403,0.381784,0.170209,0.198188,0.206137,0.216873,0.211930,0.200183,0.200168,0.198163,0.222550,0.309065,0.517289,0.338188,0.179043,0.195581,0.190071,0.171345,0.392096,0.451307,0.299236,0.368649,0.550387,0.542834,0.537690,0.556310,0.566151,0.559276,0.554609,0.546475,0.559285,0.589705,0.613945,0.629839,0.681019,0.743876,0.815778,0.835956,0.889590,0.679269,0.350497,0.393875,0.325594,0.250822,0.120637,0.450625,0.722575,0.793167,0.612709,0.245279,0.288923,0.344696,0.388893,0.340461,0.391920,0.316754,0.244651
0.359417,0.359417,0.468400,0.670200,0.524519,0.474835,0.696864,0.699800,0.639474,0.355580,0.149120,0.205666,0.200588,0.209125,0.235808,0.215506,0.219025,0.214799,0.254261,0.246984,0.413725,0.324671,0.187679,0.183576,0.163389,0.305922,0.379362,0.319870,0.340258,0.536525,0.528439,0.531873,0.537900,0.548335,0.564392,0.545327,0.560349,0.541342,0.557638,0.581814,0.588855,0.618486,0.643307,0.734950,0.793543,0.799112,0.805994,0.806458,0.396604,0.418092,0.412300,0.327152,0.247852,0.471613,0.827422,0.591368,0.299827,0.250139,0.335598,0.385672,0.281967,0.355967,0.397228,0.289460,0.264979
0.246623,0.246623,0.422639,0.638731,0.538731,0.507052,0.707108,0.706402,0.564435,0.278504,0.208979,0.197357,0.219147,0.204914,0.240454,0.274614,0.348042,0.219425,0.238780,0.304029,0.400408,0.307419,0.160941,0.156845,0.184517,0.239284,0.297345,0.429725,0.481419,0.514882,0.518746,0.522082,0.526367,0.547751,0.566513,0.568504,0.559307,0.563624,0.561210,0.563357,0.579260,0.604998,0.642254,0.682090,0.752342,0.776121,0.838478,0.869999,0.414182,0.339956,0.409566,0.394305,0.416175,0.530583,0.526305,0.287112,0.315114,0.280353,0.356381,0.335679,0.284233,0.447714,0.442015,0.249363,0.238289
0.214098,0.214098,0.356542,0.744458,0.626930,0.468319,0.717052,0.703952,0.556328,0.202084,0.202710,0.202010,0.234690,0.236633,0.301513,0.261025,0.412024,0.241629,0.289576,0.265808,0.313659,0.308844,0.182723,0.218550,0.283266,0.401750,0.407874,0.490264,0.519428,0.520922,0.519843,0.512221,0.519057,0.540301,0.572082,0.586932,0.585685,0.563888,0.554407,0.577157,0.566743,0.589966,0.601624,0.646078,0.730822,0.782726,0.812671,0.841450,0.578401,0.307799,0.391749,0.423155,0.465091,0.440175,0.382716,0.424432,0.362508,0.387305,0.290337,0.335858,0.405380,0.461296,0.274820,0.215779,0.198047
0.206719,0.206719,0.241356,0.749052,0.727480,0.504012,0.678913,0.702314,0.545862,0.180047,0.195129,0.201089,0.255800,0.295822,0.308424,0.284389,0.321753,0.345136,0.288328,0.252171,0.261576,0.350323,0.216286,0.277926,0.410835,0.471713,0.475073,0.503725,0.509821,0.517484,0.516315,0.511990,0.510308,0.530828,0.569533,0.603155,0.586468,0.547936,0.577572,0.585404,0.558816,0.596986,0.603728,0.649702,0.701829,0.762389,0.808845,0.835458,0.676851,0.305662,0.388344,0.421927,0.492636,0.476217,0.498852,0.403867,0.360207,0.359483,0.311293,0.421370,0.505808,0.345126,0.218193,0.223329,0.363283