0.609119,0.609119,0.600888,0.562963,0.559293,0.609457,0.665404,0.568739,0.530682,0.394356,0.382190,0.424265,0.441528,0.435598,0.483780,0.513317,0.506906,0.500898,0.424083,0.518642,0.473901,0.532867,0.502524,0.561995,0.533327,0.534388,0.538347,0.532278,0.529944,0.541115,0.492317,0.511908,0.551269,0.534626,0.545991,0.512582,0.488570,0.506651,0.504344,0.505009,0.471219,0.440215,0.570510,0.609232,0.613534,0.606295,0.628823,0.602492,0.583244,0.608142,0.613325,0.638257,0.790956,0.737998,0.432746,0.448266,0.473845,0.491043,0.501872,0.382845,0.534160,0.499029,0.510379,0.496412,0.554918
0.571062,0.571062,0.607231,0.625126,0.609860,0.605962,0.620240,0.646699,0.500223,0.426162,0.379328,0.401891,0.418602,0.375913,0.446163,0.494842,0.527741,0.511970,0.473530,0.495178,0.502811,0.508561,0.526417,0.533296,0.521253,0.536745,0.525673,0.561366,0.528880,0.530651,0.533790,0.563798,0.534694,0.546588,0.501529,0.490493,0.468025,0.530101,0.517359,0.479249,0.465555,0.422875,0.470699,0.586124,0.610192,0.634681,0.602906,0.638963,0.638514,0.593111,0.585520,0.583520,0.735713,0.726408,0.519519,0.500655,0.467405,0.501203,0.464319,0.480025,0.491196,0.551093,0.510714,0.424228,0.242258
0.553505,0.553505,0.562866,0.626052,0.622201,0.614167,0.619299,0.582993,0.520819,0.415418,0.448608,0.428282,0.370187,0.423735,0.504084,0.462621,0.496735,0.495724,0.531978,0.521623,0.507885,0.568539,0.509134,0.494392,0.530284,0.478831,0.498398,0.506900,0.505083,0.516263,0.495272,0.551042,0.560996,0.578176,0.496149,0.558670,0.517399,0.476063,0.510454,0.541428,0.444009,0.460133,0.463314,0.572690,0.593553,0.586748,0.616543,0.577034,0.604502,0.575479,0.550457,0.527875,0.682019,0.796780,0.724488,0.544086,0.394963,0.448215,0.477645,0.497813,0.530687,0.556273,0.372079,0.188641,0.230581
0.602412,0.602412,0.618524,0.616788,0.584642,0.621067,0.614243,0.589353,0.549167,0.388273,0.466415,0.456869,0.416016,0.439983,0.457427,0.501160,0.481485,0.533045,0.523545,0.501824,0.557406,0.544613,0.541248,0.511779,0.537572,0.522272,0.508774,0.501933,0.530911,0.501925,0.522279,0.544218,0.516128,0.544770,0.471546,0.497539,0.513701,0.494901,0.505047,0.456101,0.472539,0.438122,0.513258,0.548112,0.620209,0.638723,0.638196,0.610228,0.566961,0.578294,0.546049,0.530080,0.625452,0.740638,0.798885,0.626546,0.476625,0.494224,0.494858,0.488453,0.519418,0.368725,0.219788,0.224495,0.271165
0.568117,0.568117,0.641017,0.587826,0.603029,0.620544,0.605573,0.594930,0.446827,0.373900,0.397029,0.421099,0.447984,0.406224,0.469261,0.479853,0.496209,0.487062,0.507600,0.520336,0.507201,0.499801,0.496067,0.501941,0.508090,0.506013,0.525062,0.540966,0.443527,0.536500,0.502943,0.532036,0.517157,0.542905,0.537546,0.525131,0.507328,0.488689,0.480383,0.524242,0.476056,0.459142,0.511226,0.580235,0.602520,0.608566,0.566858,0.615212,0.615271,0.601751,0.604645,0.571149,0.577979,0.605689,0.767088,0.767034,0.488604,0.464249,0.511919,0.563117,0.390289,0.199050,0.233088,0.286347,0.242128
0.594441,0.594441,0.657070,0.630015,0.592615,0.611249,0.610790,0.597504,0.492646,0.362440,0.411355,0.432702,0.449731,0.426176,0.435891,0.497755,0.520024,0.528503,0.523995,0.504843,0.497428,0.506250,0.560310,0.557498,0.466882,0.516831,0.514481,0.521643,0.542307,0.532571,0.532794,0.510066,0.486697,0.467388,0.474192,0.537122,0.515310,0.452029,0.515110,0.495643,0.447384,0.410921,0.450863,0.602058,0.622703,0.584964,0.563978,0.590216,0.590278,0.606007,0.577526,0.553781,0.545966,0.551252,0.753718,0.800885,0.651800,0.462832,0.476379,0.360462,0.195198,0.221823,0.220564,0.229591,0.204474
0.661580,0.661580,0.634661,0.608882,0.572063,0.572818,0.655726,0.619991,0.496612,0.387870,0.446651,0.412521,0.452910,0.401036,0.465285,0.488421,0.513596,0.515614,0.520115,0.514231,0.490299,0.498443,0.519366,0.538716,0.548807,0.558755,0.569090,0.596539,0.665793,0.682305,0.649257,0.679804,0.639810,0.555314,0.502655,0.466786,0.518507,0.476962,0.492531,0.485904,0.447942,0.407931,0.413462,0.582098,0.587966,0.602062,0.551414,0.588473,0.545832,0.610669,0.565189,0.556069,0.573410,0.562333,0.640562,0.807948,0.829434,0.560860,0.330902,0.193972,0.207668,0.222021,0.251958,0.215237,0.219750
0.661809,0.661809,0.614534,0.501284,0.418063,0.564910,0.622259,0.610343,0.473689,0.322537,0.367303,0.416613,0.417305,0.429080,0.459163,0.425426,0.485645,0.489241,0.467102,0.432606,0.478619,0.469264,0.564381,0.507731,0.542635,0.551666,0.572842,0.602430,0.635467,0.642968,0.682382,0.665971,0.740348,0.691303,0.606271,0.510325,0.454932,0.523347,0.479820,0.457601,0.442054,0.468359,0.441031,0.574541,0.557737,0.553415,0.576161,0.582262,0.581139,0.550732,0.546047,0.548465,0.554895,0.575115,0.555735,0.685009,0.834305,0.668994,0.221374,0.223581,0.225597,0.291974,0.236472,0.237473,0.213731
0.656954,0.656954,0.618160,0.385961,0.482897,0.601302,0.637784,0.626942,0.491086,0.322272,0.359316,0.466049,0.392536,0.348099,0.461455,0.400594,0.506281,0.541831,0.503147,0.503329,0.536577,0.456164,0.470983,0.498006,0.496194,0.506371,0.554066,0.610130,0.595587,0.626172,0.722622,0.721616,0.746963,0.727220,0.716073,0.685185,0.565564,0.438291,0.437726,0.497659,0.444715,0.441422,0.476584,0.612570,0.601064,0.536439,0.558871,0.589626,0.589666,0.556756,0.549047,0.538412,0.528174,0.575433,0.584212,0.585094,0.679901,0.350170,0.216592,0.231518,0.217179,0.190757,0.210968,0.245119,0.227225
0.599179,0.599179,0.509729,0.299356,0.496840,0.640975,0.656385,0.595731,0.474680,0.296112,0.404554,0.437913,0.393598,0.371145,0.411526,0.504494,0.484253,0.447148,0.516251,0.519171,0.513176,0.463609,0.466827,0.504692,0.543248,0.516307,0.517229,0.520636,0.605571,0.631831,0.704034,0.694312,0.722525,0.715658,0.719496,0.703243,0.768309,0.649103,0.485243,0.421382,0.421452,0.429183,0.394410,0.585831,0.576350,0.539975,0.528031,0.549813,0.595266,0.562523,0.587135,0.569083,0.529573,0.573755,0.607142,0.567603,0.280370,0.201688,0.239188,0.239668,0.217187,0.232198,0.273568,0.207773,0.350981
0.574591,0.574591,0.377181,0.335128,0.503762,0.601320,0.687200,0.622097,0.522822,0.325854,0.366600,0.431725,0.360218,0.441700,0.470334,0.486075,0.465076,0.486650,0.560526,0.431512,0.460269,0.474938,0.481334,0.478930,0.453324,0.558222,0.493526,0.510266,0.582734,0.632690,0.638413,0.740936,0.685779,0.741128,0.738582,0.774676,0.806042,0.798186,0.689453,0.371319,0.419835,0.420189,0.510556,0.634201,0.612642,0.585932,0.490955,0.379142,0.531882,0.546121,0.527264,0.578391,0.553612,0.546824,0.564715,0.439403,0.175234,0.207830,0.237960,0.221166,0.231199,0.228000,0.306832,0.343682,0.543471
0.446817,0.446817,0.358968,0.358441,0.455451,0.588134,0.622512,0.617795,0.531797,0.344081,0.313542,0.404402,0.397424,0.392194,0.406227,0.403187,0.500265,0.478575,0.447804,0.411311,0.426606,0.415260,0.475645,0.410097,0.481065,0.540551,0.544213,0.546106,0.577082,0.624018,0.639325,0.695972,0.762413,0.765160,0.794944,0.782998,0.771781,0.806330,0.816558,0.510856,0.388093,0.337571,0.486662,0.534478,0.547940,0.563924,0.481732,0.223527,0.391490,0.588615,0.551258,0.538202,0.561544,0.566708,0.485566,0.238679,0.224662,0.213667,0.232529,0.239057,0.277814,0.295963,0.303537,0.521739,0.548201
0.370088,0.370088,0.339297,0.382660,0.500425,0.602879,0.614834,0.567895,0.454176,0.347644,0.379219,0.358113,0.382669,0.354744,0.386078,0.463685,0.459237,0.486802,0.403681,0.392584,0.453411,0.492540,0.489077,0.430563,0.510463,0.505890,0.526110,0.518895,0.542283,0.588217,0.638408,0.760627,0.779634,0.742219,0.754261,0.768803,0.800362,0.785955,0.780003,0.776344,0.553148,0.324597,0.409279,0.570299,0.573980,0.602555,0.488988,0.256838,0.298252,0.460080,0.551116,0.554638,0.545823,0.532542,0.350441,0.193378,0.228434,0.239034,0.254582,0.224661,0.269087,0.356019,0.514549,0.588141,0.612258
0.401056,0.401056,0.371107,0.361343,0.452146,0.597019,0.634880,0.601333,0.518786,0.435118,0.415160,0.379848,0.399814,0.399550,0.425634,0.468730,0.473642,0.491191,0.373689,0.436091,0.418892,0.487768,0.501376,0.539725,0.560988,0.534797,0.525078,0.528801,0.554976,0.638274,0.729076,0.699886,0.689502,0.775598,0.777206,0.757728,0.762854,0.745860,0.787539,0.784549,0.822466,0.528420,0.413746,0.576030,0.596384,0.559186,0.479847,0.240787,0.205420,0.332432,0.566415,0.583236,0.565965,0.421449,0.250572,0.219739,0.231500,0.229683,0.224423,0.237616,0.247843,0.503584,0.600165,0.627322,0.630809
0.397299,0.397299,0.346681,0.337684,0.453390,0.627039,0.663536,0.590031,0.509333,0.333111,0.333610,0.368522,0.360828,0.415195,0.388985,0.425621,0.500511,0.523668,0.441045,0.433273,0.466882,0.444011,0.526033,0.461906,0.534222,0.530457,0.470196,0.599425,0.694241,0.676294,0.674224,0.693121,0.710001,0.754715,0.742676,0.778902,0.775441,0.793879,0.742342,0.782927,0.813360,0.685475,0.417467,0.558257,0.571516,0.563278,0.486535,0.227783,0.215441,0.405498,0.689359,0.767988,0.668004,0.227385,0.224119,0.228561,0.234008,0.215876,0.196535,0.211050,0.452084,0.561730,0.583267,0.590530,0.627247
0.299923,0.299923,0.317755,0.389657,0.460141,0.589570,0.619021,0.602438,0.453463,0.327801,0.394132,0.380371,0.420418,0.435051,0.344289,0.454298,0.535492,0.539107,0.420136,0.431137,0.490798,0.516546,0.516133,0.490706,0.505340,0.493660,0.572469,0.638015,0.652232,0.723081,0.650428,0.762630,0.707628,0.723035,0.742945,0.760806,0.780930,0.770544,0.739928,0.725816,0.783761,0.774100,0.546132,0.504237,0.592930,0.560272,0.478967,0.203596,0.430154,0.732295,0.771265,0.769157,0.813261,0.378010,0.209409,0.245751,0.248755,0.239994,0.211984,0.366304,0.572169,0.561699,0.643140,0.605624,0.570125
0.393946,0.393946,0.422367,0.385160,0.472771,0.589105,0.633586,0.605747,0.487246,0.332805,0.341789,0.387487,0.398832,0.409188,0.486921,0.493661,0.615905,0.544489,0.446209,0.471664,0.480610,0.481429,0.506763,0.526632,0.488732,0.554266,0.570451,0.651019,0.671806,0.664364,0.726007,0.699968,0.653867,0.711124,0.750887,0.740682,0.787137,0.704604,0.647836,0.784847,0.765173,0.755640,0.772546,0.621370,0.579744,0.595668,0.548546,0.576321,0.702344,0.802022,0.772466,0.731540,0.801364,0.419703,0.214573,0.252324,0.259802,0.231779,0.257547,0.565690,0.579723,0.620596,0.619833,0.626721,0.595251
0.373933,0.373933,0.395218,0.401056,0.497885,0.596101,0.646802,0.601976,0.505509,0.307036,0.350906,0.379430,0.403009,0.435595,0.386178,0.458068,0.638012,0.546067,0.368183,0.404212,0.457258,0.504572,0.530382,0.521090,0.557783,0.562679,0.551000,0.612588,0.607635,0.639592,0.621391,0.648585,0.621463,0.753053,0.692964,0.681467,0.717438,0.735158,0.745083,0.773068,0.728985,0.769275,0.772000,0.738195,0.581321,0.653550,0.746956,0.762902,0.759825,0.780480,0.775190,0.796483,0.805900,0.398905,0.227918,0.225667,0.193377,0.228809,0.404502,0.586459,0.669454,0.642842,0.601071,0.589532,0.592896
0.377728,0.377728,0.433007,0.434321,0.523866,0.576314,0.670172,0.645131,0.513776,0.259763,0.412994,0.454619,0.373434,0.404625,0.443624,0.493348,0.659146,0.558024,0.446809,0.483428,0.471522,0.495191,0.514075,0.536786,0.566056,0.597816,0.567029,0.590060,0.608950,0.634642,0.629063,0.631213,0.649189,0.722388,0.705516,0.653232,0.675643,0.738592,0.708159,0.719572,0.701960,0.695726,0.690123,0.732736,0.786079,0.754526,0.790664,0.752305,0.742870,0.780364,0.704879,0.826412,0.740453,0.272338,0.199063,0.220834,0.229468,0.261566,0.509731,0.615452,0.605825,0.615451,0.568424,0.581158,0.569666
0.415906,0.415906,0.384870,0.426838,0.519634,0.648550,0.595792,0.612397,0.515606,0.375002,0.385086,0.376827,0.364608,0.429452,0.446973,0.471955,0.665436,0.611120,0.510067,0.445103,0.433376,0.463250,0.482676,0.530088,0.518768,0.547149,0.533187,0.573670,0.591865,0.635676,0.630233,0.661130,0.625963,0.638802,0.634542,0.634907,0.714148,0.751698,0.665189,0.659629,0.687461,0.675464,0.727205,0.711677,0.711358,0.738765,0.751461,0.775164,0.739967,0.708294,0.622051,0.734792,0.569253,0.240252,0.223913,0.233066,0.251440,0.449164,0.642007,0.599777,0.591590,0.583095,0.602911,0.606222,0.587996
0.353038,0.353038,0.391248,0.419618,0.472989,0.614987,0.649990,0.632840,0.515235,0.376110,0.417754,0.370301,0.380089,0.401821,0.345890,0.493365,0.691007,0.624178,0.528228,0.467046,0.448468,0.495403,0.519197,0.523986,0.541235,0.555808,0.551762,0.567781,0.574976,0.581823,0.591833,0.619189,0.599956,0.618949,0.628096,0.624085,0.645588,0.660997,0.594009,0.657920,0.649807,0.675202,0.758174,0.740342,0.776172,0.744484,0.751918,0.760696,0.809375,0.626546,0.580285,0.651602,0.355320,0.220950,0.221155,0.237396,0.332397,0.490113,0.609862,0.599115,0.577498,0.602606,0.606749,0.630972,0.554062
0.373910,0.373910,0.387481,0.375754,0.483392,0.640778,0.643486,0.661935,0.509357,0.362505,0.375751,0.346118,0.447911,0.383733,0.318409,0.453576,0.729660,0.601592,0.591992,0.481735,0.520069,0.506090,0.512194,0.562458,0.532637,0.553650,0.544879,0.559163,0.510469,0.503488,0.510426,0.582139,0.547125,0.599247,0.578868,0.530353,0.536537,0.556703,0.613868,0.704077,0.701590,0.798643,0.713612,0.695456,0.747566,0.805255,0.810217,0.788741,0.703079,0.508401,0.469868,0.594744,0.254591,0.213737,0.224966,0.246873,0.505883,0.536921,0.604245,0.617160,0.618197,0.617016,0.570744,0.601176,0.572461
0.418198,0.418198,0.408808,0.419687,0.499108,0.597936,0.693178,0.630500,0.552649,0.293327,0.344165,0.412588,0.360355,0.475599,0.431866,0.445425,0.767305,0.710827,0.563903,0.502541,0.490105,0.474011,0.535631,0.479406,0.520230,0.524291,0.558551,0.547356,0.426678,0.389056,0.371611,0.528824,0.477190,0.364288,0.332371,0.313348,0.267068,0.506957,0.652057,0.709908,0.707481,0.740020,0.736891,0.738441,0.784048,0.775178,0.646748,0.584100,0.449900,0.445493,0.587853,0.449650,0.235604,0.228910,0.200790,0.402748,0.600315,0.635311,0.621609,0.638002,0.579060,0.581756,0.639165,0.597007,0.590024
0.448257,0.448257,0.464339,0.390505,0.495724,0.607500,0.711133,0.684889,0.530265,0.295685,0.383556,0.451596,0.381974,0.410951,0.399615,0.369019,0.707330,0.713534,0.553338,0.512226,0.481366,0.500704,0.478506,0.514645,0.534380,0.542198,0.480650,0.431267,0.340927,0.307817,0.291343,0.407717,0.275067,0.379610,0.261791,0.234132,0.491745,0.618641,0.711896,0.754855,0.738860,0.746791,0.738883,0.765738,0.709590,0.625261,0.458292,0.465713,0.515289,0.614330,0.389273,0.215900,0.203851,0.243942,0.241621,0.496376,0.597706,0.623378,0.594320,0.614339,0.581766,0.571130,0.594024,0.589955,0.590032
0.455132,0.455132,0.457930,0.387704,0.551505,0.599217,0.654267,0.660610,0.520666,0.337998,0.380642,0.397847,0.400465,0.430146,0.395029,0.427517,0.633477,0.720176,0.567624,0.506548,0.530257,0.494677,0.456933,0.505161,0.531465,0.542695,0.417277,0.320429,0.232126,0.207141,0.301860,0.262530,0.356442,0.253434,0.295388,0.480854,0.665829,0.688800,0.714791,0.696746,0.682480,0.715279,0.727180,0.576228,0.460163,0.509963,0.626867,0.666852,0.647538,0.451873,0.259929,0.215778,0.219430,0.236711,0.236871,0.555429,0.607954,0.612936,0.601776,0.597012,0.591730,0.590211,0.607530,0.599720,0.597672
0.454662,0.454662,0.392940,0.426873,0.491700,0.631775,0.628939,0.623976,0.586062,0.336496,0.392912,0.350368,0.358090,0.424056,0.429354,0.371263,0.515771,0.696077,0.648458,0.442485,0.507834,0.451632,0.468134,0.467092,0.467216,0.340157,0.327816,0.254511,0.223941,0.264759,0.279861,0.241809,0.320187,0.386577,0.470679,0.670952,0.729633,0.688085,0.648100,0.703596,0.709907,0.699736,0.590568,0.357899,0.401560,0.465836,0.592561,0.602653,0.359486,0.189351,0.230494,0.216090,0.220437,0.232052,0.356994,0.500618,0.615657,0.609362,0.614821,0.602133,0.626858,0.603429,0.598979,0.600019,0.573530
0.427420,0.427420,0.362470,0.431046,0.543012,0.598420,0.622388,0.692909,0.499984,0.309673,0.397057,0.401341,0.294235,0.367638,0.427637,0.447750,0.415758,0.634785,0.695439,0.527573,0.469406,0.475661,0.504831,0.527212,0.330226,0.280060,0.242707,0.243070,0.275273,0.268322,0.240277,0.246741,0.293832,0.431775,0.591183,0.627069,0.657983,0.705056,0.628804,0.652607,0.733082,0.783931,0.704454,0.523900,0.314292,0.428019,0.575168,0.282963,0.205641,0.214908,0.249321,0.257607,0.229300,0.318663,0.511424,0.526166,0.616832,0.602610,0.633643,0.619671,0.585342,0.562813,0.564883,0.620361,0.562178
0.419734,0.419734,0.419546,0.390142,0.527617,0.579746,0.597109,0.701470,0.545872,0.290689,0.325169,0.456767,0.455423,0.387448,0.391616,0.484823,0.460993,0.662901,0.605165,0.505387,0.392622,0.471527,0.429033,0.349018,0.268115,0.225946,0.260691,0.261204,0.238618,0.367532,0.245766,0.273645,0.397662,0.577002,0.700061,0.749499,0.620186,0.648088,0.648395,0.712327,0.733700,0.751967,0.773863,0.586491,0.222075,0.346365,0.565155,0.238095,0.211508,0.222596,0.232252,0.206218,0.209091,0.372300,0.498067,0.596646,0.601813,0.583350,0.588412,0.620028,0.608635,0.603632,0.590850,0.620698,0.586918
0.382234,0.382234,0.423360,0.396110,0.443758,0.622062,0.649590,0.641495,0.524081,0.279784,0.305540,0.405760,0.440115,0.413580,0.459972,0.513148,0.441088,0.511110,0.548349,0.486432,0.521412,0.433235,0.315701,0.285043,0.223095,0.184707,0.271211,0.248595,0.283628,0.367367,0.218668,0.458949,0.587312,0.626160,0.684834,0.686856,0.631023,0.627980,0.737912,0.719170,0.763995,0.785522,0.771761,0.675295,0.306016,0.245285,0.549508,0.266702,0.241251,0.240245,0.220807,0.230870,0.220118,0.504084,0.578749,0.601313,0.613907,0.575355,0.591987,0.587977,0.638725,0.583748,0.628429,0.602493,0.589301
0.432304,0.432304,0.434102,0.351200,0.489073,0.695411,0.673408,0.659642,0.553347,0.333844,0.314991,0.375788,0.451842,0.445911,0.438379,0.486318,0.474113,0.522352,0.493688,0.497114,0.468249,0.303841,0.280689,0.210747,0.245727,0.221390,0.241095,0.231602,0.219645,0.221464,0.478384,0.609898,0.688036,0.680540,0.680104,0.629015,0.623075,0.624373,0.676097,0.687394,0.777104,0.764719,0.789565,0.801866,0.412191,0.234069,0.508112,0.307040,0.244799,0.233842,0.263798,0.198245,0.333561,0.568286,0.573200,0.579536,0.605769,0.560388,0.538805,0.571141,0.577679,0.551269,0.605976,0.598627,0.560950
0.439991,0.439991,0.410520,0.431558,0.450558,0.613680,0.666336,0.705102,0.555839,0.281372,0.325261,0.378559,0.468101,0.439833,0.478983,0.492274,0.527677,0.474660,0.455610,0.488674,0.422674,0.292863,0.248683,0.208565,0.266961,0.219627,0.252136,0.269384,0.270001,0.308850,0.578911,0.645367,0.679203,0.629484,0.539343,0.562075,0.586002,0.659336,0.669801,0.710132,0.780031,0.736043,0.761661,0.680840,0.415944,0.201573,0.458416,0.431494,0.268914,0.246490,0.237553,0.204069,0.379962,0.580967,0.604470,0.592147,0.567986,0.649419,0.624158,0.632540,0.575675,0.580537,0.603438,0.591080,0.558707
0.403993,0.403993,0.360096,0.331482,0.463040,0.603257,0.656176,0.696392,0.542725,0.315905,0.322369,0.471204,0.458165,0.448754,0.437222,0.478643,0.519466,0.404142,0.395643,0.376693,0.364104,0.338765,0.254925,0.211335,0.239989,0.217045,0.221171,0.220603,0.255720,0.570338,0.660488,0.662548,0.610368,0.554532,0.486275,0.454741,0.407579,0.524104,0.613867,0.678120,0.738861,0.675869,0.566499,0.378803,0.351260,0.221380,0.292770,0.359403,0.246679,0.213699,0.249012,0.222234,0.458947,0.559566,0.614836,0.621350,0.556821,0.623352,0.573718,0.637479,0.626194,0.560855,0.609214,0.587605,0.526166
0.370065,0.370065,0.366268,0.352427,0.477070,0.586006,0.624154,0.661131,0.552464,0.279193,0.317840,0.395366,0.417058,0.389095,0.492026,0.540765,0.572939,0.516669,0.249421,0.272354,0.318466,0.337951,0.241380,0.238637,0.217037,0.272618,0.224591,0.215988,0.445965,0.605657,0.728493,0.588019,0.287952,0.258975,0.235526,0.355598,0.334812,0.523442,0.553514,0.676102,0.681572,0.402570,0.321363,0.225965,0.214982,0.262678,0.316737,0.444360,0.256435,0.213098,0.221443,0.305826,0.533678,0.562977,0.643890,0.588146,0.645739,0.589566,0.585341,0.625202,0.543095,0.558574,0.582174,0.540268,0.504948
0.378536,0.378536,0.344580,0.281159,0.402561,0.639380,0.670112,0.669793,0.559222,0.333640,0.369620,0.373769,0.444472,0.348028,0.513979,0.689871,0.532887,0.277190,0.256556,0.246534,0.239608,0.418823,0.207822,0.201491,0.239744,0.203547,0.195300,0.356886,0.594994,0.690359,0.627239,0.428357,0.273743,0.346017,0.391024,0.645425,0.507110,0.500476,0.512592,0.675298,0.666994,0.258431,0.398280,0.430879,0.193665,0.204777,0.358059,0.497797,0.289451,0.225621,0.231632,0.378187,0.547124,0.675835,0.608557,0.606287,0.633639,0.607921,0.603158,0.581962,0.593410,0.568573,0.552152,0.492583,0.575913
0.374947,0.374947,0.395595,0.357521,0.425356,0.630451,0.734476,0.676628,0.620181,0.345607,0.427015,0.494033,0.388192,0.382144,0.551249,0.509522,0.340022,0.356078,0.271147,0.242383,0.331360,0.473738,0.280735,0.195602,0.223538,0.216219,0.240610,0.519722,0.679117,0.679284,0.498324,0.502726,0.506507,0.418691,0.551367,0.611451,0.567163,0.486685,0.526371,0.714021,0.691952,0.522945,0.495280,0.415426,0.235510,0.198613,0.348142,0.510018,0.267419,0.230725,0.233318,0.449096,0.572286,0.569113,0.557943,0.587677,0.585855,0.578717,0.624419,0.546624,0.559356,0.490318,0.555742,0.616618,0.691930
0.402202,0.402202,0.345061,0.325907,0.343470,0.612472,0.710762,0.663924,0.554405,0.331715,0.416908,0.414151,0.546165,0.508854,0.393162,0.343475,0.276560,0.403969,0.319100,0.239653,0.410046,0.452289,0.321855,0.197769,0.205151,0.246047,0.395888,0.625939,0.649320,0.443765,0.561919,0.546824,0.579475,0.576187,0.635411,0.615344,0.606778,0.482572,0.487338,0.669186,0.707608,0.559695,0.485431,0.431979,0.303076,0.223783,0.312791,0.543822,0.237990,0.215442,0.293540,0.553052,0.601634,0.570458,0.574168,0.595466,0.582919,0.569848,0.535938,0.493018,0.535335,0.645574,0.648657,0.700093,0.682781
0.357458,0.357458,0.330826,0.245559,0.395796,0.604603,0.686944,0.676946,0.560743,0.344269,0.390421,0.480156,0.517094,0.459115,0.347171,0.251029,0.404254,0.349208,0.204289,0.231779,0.374868,0.322590,0.378585,0.245582,0.217279,0.268140,0.521872,0.671584,0.417322,0.427086,0.544731,0.593196,0.584754,0.672030,0.622732,0.717168,0.600278,0.517740,0.513831,0.624305,0.749212,0.613235,0.539228,0.508015,0.343058,0.215456,0.271544,0.549008,0.249634,0.211190,0.383815,0.532923,0.573144,0.570045,0.624209,0.564817,0.567173,0.467725,0.568349,0.542516,0.621453,0.740985,0.687544,0.701946,0.761822
0.287208,0.287208,0.311075,0.304157,0.391160,0.579110,0.647856,0.638850,0.530088,0.327420,0.383049,0.471119,0.430375,0.410409,0.361149,0.288412,0.464820,0.258321,0.220096,0.200228,0.209949,0.217460,0.469187,0.334488,0.210564,0.466156,0.682540,0.465463,0.283418,0.504825,0.521266,0.569769,0.623503,0.641960,0.659445,0.651707,0.604067,0.561650,0.491180,0.583533,0.760246,0.624062,0.531996,0.497864,0.330483,0.252368,0.260096,0.494434,0.247795,0.262658,0.400004,0.614281,0.570032,0.562253,0.561611,0.585641,0.571107,0.546435,0.569402,0.540648,0.716667,0.713960,0.768622,0.783098,0.790257
0.313406,0.313406,0.275440,0.215400,0.335328,0.549873,0.647153,0.607980,0.531231,0.304626,0.429705,0.461155,0.378199,0.416897,0.338448,0.339765,0.449908,0.291321,0.247600,0.228288,0.269979,0.325520,0.493705,0.370134,0.231749,0.569860,0.585742,0.214238,0.249357,0.429900,0.485376,0.529504,0.543121,0.612192,0.668195,0.649679,0.563765,0.507241,0.519161,0.577866,0.744455,0.640751,0.562938,0.466917,0.240332,0.252022,0.319474,0.543209,0.327785,0.255680,0.512149,0.612540,0.601175,0.616132,0.545365,0.568283,0.530827,0.543825,0.545337,0.648683,0.762019,0.732256,0.763628,0.771999,0.789337
0.350288,0.350288,0.338886,0.249503,0.413089,0.589143,0.631173,0.636776,0.538402,0.277293,0.407757,0.448471,0.373957,0.377855,0.299745,0.349131,0.457938,0.348292,0.209504,0.235347,0.293624,0.399385,0.340659,0.212481,0.478396,0.570880,0.289108,0.206033,0.325667,0.423086,0.538571,0.549224,0.576579,0.577559,0.641305,0.565373,0.543904,0.502825,0.499297,0.523426,0.747884,0.621473,0.570508,0.392013,0.200850,0.283289,0.229050,0.487386,0.419775,0.357309,0.595842,0.595661,0.579582,0.603181,0.529090,0.558046,0.538059,0.497808,0.572595,0.740271,0.738462,0.788147,0.798819,0.807180,0.759022
0.355082,0.355082,0.319020,0.243478,0.408519,0.570319,0.625958,0.686404,0.606780,0.357627,0.405934,0.433779,0.362331,0.328785,0.326636,0.310650,0.434691,0.444344,0.260125,0.253372,0.260925,0.342764,0.240185,0.330881,0.657447,0.455351,0.200519,0.248213,0.353417,0.421293,0.496447,0.596718,0.545377,0.587941,0.575231,0.635593,0.523077,0.455229,0.394870,0.525372,0.672284,0.625082,0.528548,0.295120,0.215549,0.273202,0.237154,0.457189,0.385461,0.333021,0.590528,0.585343,0.531129,0.618151,0.556576,0.604106,0.506559,0.559459,0.719921,0.700565,0.737303,0.804824,0.790276,0.807392,0.797547
0.280401,0.280401,0.292463,0.267700,0.393696,0.546565,0.654978,0.687864,0.570865,0.364558,0.395778,0.448019,0.268329,0.320338,0.258756,0.360205,0.430906,0.505499,0.310548,0.318009,0.210527,0.378953,0.490720,0.501447,0.459691,0.232594,0.247930,0.253642,0.322391,0.410955,0.437908,0.562673,0.558540,0.599448,0.569093,0.636687,0.573128,0.540216,0.604519,0.656490,0.642781,0.607469,0.415648,0.256356,0.271799,0.269558,0.265313,0.396799,0.478781,0.476455,0.590066,0.583338,0.611610,0.605537,0.546777,0.530671,0.585871,0.571042,0.689979,0.773249,0.810904,0.826705,0.806178,0.802218,0.792521
0.315126,0.315126,0.258731,0.311502,0.456490,0.587129,0.614908,0.706730,0.555692,0.350221,0.399950,0.476436,0.280403,0.311330,0.241684,0.343234,0.300429,0.384819,0.448527,0.301122,0.271296,0.538237,0.567334,0.399258,0.272509,0.207400,0.251630,0.246382,0.355781,0.419465,0.467224,0.533946,0.566982,0.498669,0.559054,0.576683,0.557150,0.602223,0.689597,0.706063,0.658601,0.551642,0.386278,0.236032,0.237646,0.245934,0.215181,0.375138,0.517136,0.528948,0.566539,0.595080,0.593185,0.614707,0.561713,0.541446,0.604624,0.553984,0.690087,0.801064,0.793211,0.786001,0.795372,0.780004,0.828610
0.280263,0.280263,0.289676,0.297980,0.416825,0.602805,0.700917,0.686488,0.598925,0.377221,0.421099,0.486631,0.322964,0.288000,0.221373,0.340538,0.397155,0.286790,0.389919,0.313529,0.589799,0.630913,0.438454,0.310620,0.205865,0.232634,0.213549,0.246721,0.394662,0.397625,0.524362,0.495909,0.575332,0.520803,0.498287,0.515362,0.523113,0.500091,0.553296,0.548396,0.519034,0.494824,0.250794,0.216883,0.268478,0.291427,0.210704,0.293261,0.495628,0.554194,0.576588,0.565453,0.613358,0.569011,0.559711,0.576832,0.573118,0.560244,0.750029,0.793169,0.801983,0.774930,0.810439,0.798101,0.799293
0.229497,0.229497,0.245130,0.285171,0.494703,0.620468,0.660200,0.665137,0.569752,0.382161,0.404639,0.435082,0.293156,0.261587,0.312890,0.396367,0.368913,0.345027,0.399111,0.508864,0.604368,0.552790,0.450542,0.219056,0.211239,0.202613,0.259599,0.260523,0.317601,0.347741,0.473979,0.499997,0.532155,0.566946,0.557247,0.499279,0.441607,0.541294,0.597738,0.567857,0.549034,0.346825,0.195834,0.209423,0.222373,0.338315,0.269865,0.266826,0.570074,0.622172,0.574916,0.617057,0.598169,0.577363,0.610681,0.537548,0.536047,0.574060,0.769891,0.789065,0.780755,0.764066,0.804762,0.766645,0.807764
0.225054,0.225054,0.234209,0.334162,0.480347,0.609145,0.707576,0.721742,0.559676,0.322351,0.429637,0.379650,0.302105,0.254350,0.278845,0.507554,0.394404,0.400743,0.429880,0.475440,0.612678,0.533920,0.286341,0.207605,0.201201,0.213863,0.244848,0.228388,0.325208,0.260728,0.430164,0.457200,0.524909,0.575942,0.601683,0.532533,0.488365,0.524482,0.534737,0.579189,0.479623,0.218639,0.208961,0.215235,0.278360,0.321541,0.277245,0.294188,0.558558,0.585086,0.560639,0.593584,0.588926,0.599308,0.596932,0.591057,0.563090,0.594678,0.755263,0.738722,0.798488,0.794900,0.792651,0.780846,0.806914
0.218444,0.218444,0.211375,0.378771,0.468578,0.570579,0.713277,0.669164,0.564793,0.418723,0.430006,0.329619,0.270057,0.271305,0.302507,0.468134,0.452262,0.392982,0.446556,0.433267,0.568094,0.325662,0.232448,0.207500,0.202538,0.227717,0.219015,0.235307,0.247547,0.242832,0.326245,0.387229,0.484460,0.522955,0.606442,0.562830,0.591548,0.594050,0.589215,0.552582,0.346532,0.238010,0.235304,0.227854,0.248323,0.321070,0.302227,0.323454,0.587912,0.599677,0.537530,0.566883,0.614518,0.599827,0.569626,0.562939,0.538078,0.596919,0.802050,0.783450,0.803023,0.771052,0.823020,0.810150,0.817879
0.227283,0.227283,0.223852,0.324716,0.462808,0.612970,0.686668,0.657106,0.543948,0.327640,0.322872,0.241235,0.248081,0.206640,0.243868,0.447725,0.328270,0.425219,0.438263,0.502928,0.353430,0.258042,0.225280,0.258899,0.216807,0.224936,0.206509,0.252384,0.253772,0.247648,0.246995,0.296933,0.410835,0.426466,0.540302,0.605319,0.625577,0.648533,0.638683,0.539667,0.246447,0.240212,0.246199,0.193473,0.244162,0.345399,0.291798,0.350309,0.546995,0.568172,0.518258,0.607555,0.563258,0.582052,0.568167,0.554512,0.541986,0.637441,0.806152,0.770186,0.776743,0.772684,0.757383,0.728826,0.607007
0.217192,0.217192,0.228169,0.228443,0.399564,0.594107,0.643987,0.669627,0.576658,0.445191,0.398625,0.253037,0.256997,0.262573,0.233077,0.447873,0.319577,0.440745,0.452582,0.508202,0.457814,0.341454,0.200017,0.235110,0.215063,0.214447,0.209301,0.225167,0.268657,0.193723,0.289097,0.294205,0.459557,0.445499,0.497071,0.571445,0.608303,0.618255,0.609606,0.548032,0.323524,0.233397,0.227791,0.211616,0.285635,0.358189,0.346687,0.347749,0.566752,0.495515,0.497339,0.513168,0.482771,0.571170,0.578700,0.531685,0.462288,0.700727,0.787861,0.748728,0.770730,0.755211,0.571056,0.245633,0.222283
0.328769,0.328769,0.226966,0.226641,0.335190,0.532693,0.674564,0.679958,0.575299,0.468811,0.366835,0.195940,0.279255,0.304414,0.286139,0.343458,0.427312,0.403665,0.418718,0.472557,0.477018,0.517208,0.237561,0.247568,0.213262,0.202705,0.220197,0.212062,0.224996,0.234162,0.264413,0.456786,0.552817,0.516075,0.611514,0.520846,0.521951,0.544800,0.637686,0.758905,0.744333,0.577760,0.414130,0.217131,0.313283,0.350087,0.349337,0.406132,0.571097,0.534115,0.505071,0.445679,0.381022,0.482979,0.507577,0.455441,0.388128,0.743709,0.789287,0.790751,0.784840,0.567527,0.275475,0.226092,0.272926
0.539535,0.539535,0.432187,0.265513,0.267184,0.586217,0.642858,0.653576,0.521180,0.479131,0.261156,0.203202,0.265958,0.317424,0.401660,0.269851,0.325310,0.388364,0.383842,0.530246,0.524124,0.434131,0.360338,0.275262,0.300663,0.218054,0.210628,0.210920,0.227538,0.241969,0.250475,0.423781,0.522111,0.485470,0.591678,0.534731,0.555487,0.593196,0.624436,0.750237,0.762023,0.780473,0.735476,0.477868,0.231617,0.250676,0.255114,0.401063,0.533543,0.567954,0.542119,0.499252,0.538976,0.452784,0.423240,0.455511,0.438040,0.716358,0.800183,0.801911,0.564430,0.306174,0.347100,0.360603,0.326083
0.497050,0.497050,0.561666,0.432151,0.288113,0.561134,0.667045,0.655927,0.606538,0.519545,0.226082,0.196190,0.288841,0.289184,0.275953,0.286054,0.282577,0.251702,0.329976,0.479635,0.525085,0.449507,0.429344,0.251161,0.216383,0.236799,0.216074,0.241470,0.272204,0.374843,0.274899,0.450478,0.427751,0.518848,0.544177,0.516478,0.534189,0.629851,0.602373,0.668771,0.716331,0.756970,0.816721,0.789562,0.578618,0.257215,0.245132,0.378118,0.553960,0.585015,0.558907,0.539847,0.532493,0.460081,0.431277,0.566425,0.548482,0.764851,0.794570,0.729268,0.341878,0.372780,0.331143,0.394338,0.353328
0.277295,0.277295,0.589176,0.540741,0.310963,0.558127,0.651863,0.686570,0.580526,0.403015,0.184492,0.235879,0.220290,0.220113,0.280670,0.220908,0.238019,0.271785,0.306204,0.369568,0.449495,0.455813,0.418037,0.346492,0.186911,0.222402,0.221963,0.236258,0.249666,0.362326,0.297597,0.404471,0.505094,0.537877,0.573359,0.541685,0.530111,0.549036,0.619186,0.668230,0.655550,0.731511,0.767811,0.765066,0.823451,0.412464,0.205441,0.394175,0.580732,0.543427,0.564613,0.543215,0.519564,0.490952,0.533889,0.510562,0.630313,0.779789,0.773257,0.547264,0.315121,0.392324,0.427860,0.353465,0.452182
0.219251,0.219251,0.567663,0.550037,0.287624,0.555896,0.703630,0.737400,0.575456,0.382215,0.231735,0.224873,0.202805,0.254212,0.295643,0.254871,0.235639,0.222440,0.368993,0.279142,0.456564,0.491956,0.392764,0.446126,0.208936,0.239820,0.221360,0.233994,0.246487,0.386973,0.282069,0.414505,0.536870,0.556566,0.487731,0.542997,0.544031,0.604357,0.595053,0.630486,0.696119,0.643717,0.710078,0.788693,0.816895,0.645013,0.214588,0.389981,0.576395,0.540805,0.536594,0.531824,0.492387,0.544903,0.475514,0.696054,0.763375,0.799423,0.750049,0.494029,0.335228,0.434476,0.394440,0.337631,0.390887
0.221782,0.221782,0.510438,0.549738,0.277731,0.543562,0.652858,0.624776,0.592170,0.341403,0.224180,0.201503,0.196893,0.379610,0.316419,0.280117,0.203070,0.243831,0.268429,0.352624,0.466660,0.536178,0.510185,0.442251,0.271665,0.221483,0.224533,0.203092,0.339423,0.429803,0.315144,0.465286,0.466363,0.531496,0.531655,0.551213,0.559284,0.614906,0.596100,0.637397,0.652287,0.737276,0.802526,0.799691,0.808379,0.788280,0.349183,0.430051,0.581940,0.551147,0.539894,0.583553,0.546803,0.494473,0.542155,0.780319,0.804784,0.794272,0.641127,0.386929,0.333923,0.452988,0.382011,0.395971,0.392781
0.176626,0.176626,0.557556,0.580275,0.271184,0.560421,0.666160,0.622557,0.580110,0.343497,0.209698,0.219143,0.207768,0.288619,0.278720,0.269815,0.234464,0.238036,0.255981,0.333064,0.528776,0.415144,0.345314,0.347455,0.353257,0.307229,0.227082,0.236018,0.427108,0.477212,0.304620,0.447472,0.542830,0.533317,0.515370,0.544770,0.553041,0.568109,0.558678,0.631549,0.711644,0.665058,0.776435,0.770429,0.775803,0.800296,0.503597,0.490766,0.589540,0.610557,0.540635,0.569809,0.539958,0.468791,0.650495,0.800912,0.792063,0.755491,0.502230,0.377799,0.368245,0.395722,0.411764,0.399314,0.424722
0.188487,0.188487,0.478855,0.565977,0.292838,0.496828,0.711705,0.702058,0.593930,0.373876,0.227681,0.223236,0.212844,0.217222,0.218958,0.219289,0.260089,0.241019,0.294514,0.264167,0.443842,0.410119,0.317207,0.243913,0.270849,0.274742,0.230217,0.259208,0.489840,0.469392,0.359699,0.536478,0.560104,0.565387,0.550145,0.539673,0.538906,0.573531,0.613756,0.600679,0.621556,0.669885,0.712410,0.729940,0.795272,0.797827,0.682416,0.472519,0.558223,0.580488,0.554761,0.572886,0.545504,0.512767,0.619957,0.714122,0.781163,0.702674,0.524891,0.348215,0.403807,0.345562,0.397303,0.324074,0.374893
0.169091,0.169091,0.435308,0.624519,0.349889,0.526568,0.695464,0.640349,0.626350,0.411990,0.211174,0.244618,0.220245,0.234857,0.276345,0.222049,0.240536,0.272489,0.290839,0.336423,0.358184,0.282676,0.454827,0.259447,0.203260,0.208685,0.236217,0.327851,0.510112,0.407412,0.423018,0.522322,0.585612,0.544299,0.546202,0.526537,0.518362,0.542249,0.599155,0.615813,0.630562,0.660869,0.694622,0.747278,0.742365,0.809023,0.786012,0.485446,0.398138,0.482781,0.520845,0.547084,0.574252,0.583588,0.543405,0.623971,0.749575,0.568394,0.374920,0.374440,0.355484,0.424771,0.347470,0.363454,0.281894
0.185786,0.185786,0.393295,0.653219,0.379118,0.507073,0.697038,0.696640,0.525214,0.469134,0.231365,0.232727,0.215080,0.219164,0.262737,0.235482,0.211803,0.221626,0.292865,0.465565,0.379008,0.349021,0.280197,0.254599,0.200981,0.226583,0.284416,0.439215,0.435144,0.290460,0.428792,0.561435,0.544963,0.602870,0.526591,0.543353,0.552414,0.558019,0.595154,0.570638,0.582581,0.618435,0.673100,0.665739,0.772723,0.809182,0.796262,0.547268,0.344712,0.276073,0.278021,0.324305,0.317947,0.540913,0.581207,0.681365,0.769325,0.509282,0.310736,0.403576,0.374939,0.363258,0.370862,0.422649,0.259720
0.284652,0.284652,0.479569,0.630680,0.454916,0.492411,0.703820,0.633002,0.570235,0.366882,0.243585,0.248736,0.206937,0.213241,0.234584,0.209991,0.194759,0.253327,0.269547,0.357450,0.492068,0.344232,0.202305,0.218515,0.203399,0.232180,0.348694,0.434557,0.329290,0.425689,0.542170,0.577460,0.516300,0.546030,0.564519,0.518758,0.528898,0.548576,0.579595,0.556694,0.617181,0.659096,0.696565,0.727995,0.787468,0.813943,0.780240,0.605473,0.393999,0.372468,0.304329,0.201670,0.207343,0.511298,0.709307,0.750639,0.613446,0.255113,0.270269,0.356169,0.418558,0.357295,0.455860,0.351738,0.278676
0.334085,0.334085,0.532647,0.660723,0.492138,0.554124,0.705154,0.679570,0.590323,0.375215,0.230242,0.202072,0.232749,0.222971,0.309410,0.222512,0.202518,0.243897,0.234828,0.271856,0.381613,0.369048,0.242077,0.206042,0.204039,0.305668,0.345623,0.359199,0.365916,0.484594,0.519121,0.545392,0.563835,0.560100,0.557448,0.497656,0.589319,0.564471,0.548022,0.519114,0.557116,0.598518,0.588060,0.669227,0.758199,0.810890,0.807276,0.759152,0.400618,0.458310,0.419753,0.341569,0.292958,0.523718,0.780970,0.590438,0.339181,0.284398,0.344316,0.389598,0.346099,0.372228,0.406442,0.356246,0.276958
0.284450,0.284450,0.445380,0.609327,0.540162,0.525187,0.702477,0.678880,0.611978,0.252288,0.244280,0.236774,0.257317,0.232498,0.245098,0.238342,0.322794,0.234970,0.287090,0.281174,0.424648,0.324677,0.200209,0.214714,0.227007,0.254887,0.294623,0.404397,0.524530,0.498322,0.573652,0.567061,0.547965,0.557262,0.517275,0.584146,0.588863,0.511102,0.580275,0.563728,0.579469,0.628702,0.610232,0.631659,0.720864,0.730000,0.759970,0.779040,0.516317,0.410532,0.351323,0.428480,0.467038,0.494411,0.560422,0.332908,0.310133,0.383307,0.443866,0.364801,0.309955,0.483605,0.434253,0.283388,0.226077
0.228174,0.228174,0.357031,0.648742,0.639128,0.504790,0.659584,0.699389,0.611629,0.241848,0.212637,0.207954,0.222806,0.256047,0.229451,0.261529,0.334076,0.269629,0.286919,0.293249,0.312165,0.331863,0.189588,0.220237,0.273888,0.410052,0.471088,0.547626,0.502556,0.493412,0.519909,0.557641,0.545775,0.528814,0.516212,0.593769,0.543801,0.563651,0.555567,0.580330,0.580979,0.602819,0.610579,0.626783,0.700048,0.753381,0.816410,0.782223,0.562698,0.341671,0.434345,0.426077,0.480726,0.465346,0.403988,0.391029,0.366220,0.394536,0.292655,0.296609,0.426838,0.488966,0.330863,0.216093,0.231709
0.277619,0.277619,0.296880,0.660441,0.642038,0.479156,0.684652,0.727310,0.532671,0.234421,0.217882,0.237979,0.265789,0.303083,0.320643,0.227514,0.308180,0.317995,0.358715,0.285668,0.258577,0.340331,0.304003,0.273339,0.318977,0.444321,0.484947,0.503563,0.513788,0.462278,0.530368,0.565221,0.521973,0.490425,0.539660,0.556990,0.582144,0.532683,0.542706,0.559273,0.558850,0.564372,0.608187,0.633657,0.699670,0.734911,0.817954,0.789960,0.705789,0.405514,0.434985,0.437464,0.482832,0.470967,0.502320,0.405667,0.334899,0.314209,0.320163,0.371635,0.450889,0.395166,0.228717,0.228594,0.425306
