0.615278,0.615278,0.605727,0.561044,0.556893,0.613850,0.681390,0.565589,0.534161,0.385284,0.377365,0.421555,0.438870,0.431838,0.483045,0.513524,0.503918,0.500704,0.411909,0.523077,0.465469,0.536612,0.495940,0.567531,0.532120,0.533667,0.538979,0.530289,0.528709,0.543565,0.485575,0.507406,0.554625,0.532626,0.549502,0.511479,0.485390,0.504434,0.501613,0.505268,0.468082,0.430904,0.578885,0.615515,0.618731,0.608416,0.637095,0.605071,0.582694,0.613877,0.618520,0.641548,0.811562,0.758691,0.414364,0.442421,0.471061,0.487925,0.505558,0.366464,0.541569,0.492636,0.509443,0.493250,0.567612
0.571253,0.571253,0.614415,0.634015,0.615524,0.609303,0.622749,0.666633,0.492421,0.422907,0.371016,0.395991,0.417432,0.364929,0.438683,0.493432,0.530480,0.512179,0.467571,0.491140,0.502014,0.502495,0.527698,0.533778,0.518119,0.539925,0.523419,0.568459,0.527708,0.530082,0.535518,0.570015,0.530711,0.548056,0.496350,0.484382,0.458523,0.535054,0.517473,0.471107,0.463963,0.413470,0.460596,0.591702,0.615053,0.646008,0.603155,0.650634,0.649882,0.595609,0.589065,0.581983,0.753409,0.741460,0.507126,0.499652,0.464251,0.504113,0.456630,0.480466,0.483032,0.556535,0.514340,0.432209,0.222869
0.551473,0.551473,0.558422,0.633916,0.629415,0.618423,0.625993,0.583861,0.520142,0.407089,0.448308,0.425005,0.360152,0.419561,0.510323,0.453033,0.495134,0.489462,0.535514,0.522553,0.501001,0.577911,0.503218,0.487841,0.532727,0.468630,0.495202,0.503241,0.500325,0.516193,0.487095,0.552907,0.564817,0.586771,0.489095,0.568575,0.517842,0.467038,0.508514,0.551429,0.433462,0.459866,0.453424,0.578286,0.596369,0.584623,0.623697,0.573318,0.611066,0.577000,0.550171,0.518850,0.692923,0.818499,0.744343,0.541647,0.378607,0.440981,0.474859,0.496169,0.531740,0.569330,0.372293,0.167407,0.222608
0.609478,0.609478,0.625505,0.623753,0.583089,0.627939,0.619691,0.593228,0.558147,0.376150,0.469366,0.456548,0.410094,0.438138,0.449826,0.503822,0.474623,0.538065,0.523044,0.495069,0.564870,0.544841,0.545450,0.509329,0.540096,0.523505,0.506548,0.496589,0.536969,0.495770,0.523163,0.546326,0.510327,0.546968,0.460478,0.491700,0.513386,0.492413,0.506062,0.442735,0.472357,0.428053,0.515138,0.544705,0.628961,0.648680,0.649055,0.616760,0.563355,0.581843,0.543266,0.524032,0.630461,0.756753,0.820567,0.630324,0.470438,0.495729,0.492622,0.479945,0.527192,0.367190,0.204576,0.214678,0.271136
0.565132,0.565132,0.652176,0.585950,0.608487,0.626911,0.609071,0.603234,0.432908,0.368224,0.389727,0.414530,0.447511,0.396233,0.469841,0.474738,0.494477,0.479363,0.504708,0.521480,0.503135,0.495454,0.488446,0.496932,0.507179,0.502178,0.525221,0.547306,0.424086,0.542639,0.496434,0.533844,0.515886,0.547041,0.542541,0.524803,0.504820,0.487045,0.472792,0.530269,0.472816,0.455997,0.510862,0.584904,0.605399,0.614615,0.562653,0.622862,0.623515,0.605958,0.613725,0.574267,0.579703,0.603715,0.783957,0.790281,0.470035,0.457757,0.511439,0.580450,0.392833,0.180609,0.226071,0.292396,0.234219
0.594832,0.594832,0.669085,0.638500,0.594434,0.617775,0.614077,0.603511,0.492008,0.352744,0.407134,0.429817,0.446826,0.422838,0.427132,0.497850,0.520227,0.530307,0.524148,0.501142,0.494681,0.503240,0.567750,0.564367,0.452620,0.516165,0.509782,0.515863,0.542461,0.525250,0.529704,0.500185,0.475803,0.456251,0.465053,0.542886,0.515083,0.441082,0.518813,0.492879,0.441791,0.402784,0.441546,0.611638,0.632001,0.585863,0.564667,0.593628,0.593909,0.611675,0.579218,0.553250,0.543733,0.543335,0.775366,0.819493,0.659491,0.447017,0.481121,0.361228,0.176530,0.214624,0.209526,0.221241,0.191036
0.672846,0.672846,0.640175,0.617031,0.577897,0.571041,0.670797,0.629354,0.493949,0.382415,0.450338,0.404592,0.453814,0.390739,0.464784,0.487508,0.513595,0.514495,0.521052,0.516928,0.486839,0.496705,0.513986,0.539180,0.552687,0.561768,0.572529,0.601803,0.682371,0.702074,0.657168,0.700256,0.650561,0.553574,0.496841,0.455545,0.523305,0.470476,0.490203,0.484992,0.444338,0.400033,0.400831,0.589416,0.590535,0.611313,0.547197,0.595097,0.538709,0.621911,0.565846,0.556621,0.578744,0.561000,0.642620,0.828940,0.852178,0.559087,0.327415,0.175513,0.196582,0.210553,0.250190,0.203326,0.211298
0.670659,0.670659,0.620657,0.497194,0.396388,0.567718,0.627416,0.617807,0.468215,0.311806,0.361445,0.411867,0.412033,0.428532,0.457042,0.416567,0.482802,0.483779,0.460437,0.419177,0.474709,0.461080,0.576503,0.501304,0.545254,0.553322,0.575584,0.606014,0.642450,0.646693,0.693037,0.666486,0.759815,0.706938,0.611852,0.501434,0.439142,0.531615,0.477076,0.450622,0.436063,0.470511,0.430333,0.579809,0.555280,0.551946,0.581015,0.584690,0.586307,0.547634,0.545409,0.549023,0.555535,0.579679,0.547612,0.690076,0.859464,0.703125,0.201960,0.215979,0.216202,0.304228,0.227628,0.231328,0.202504
0.667315,0.667315,0.633899,0.370748,0.481606,0.607617,0.644902,0.638754,0.489904,0.315285,0.352098,0.471438,0.386777,0.336404,0.466170,0.385489,0.508302,0.549952,0.500615,0.502062,0.543106,0.448107,0.463215,0.496219,0.489206,0.500971,0.555133,0.621079,0.595885,0.628655,0.740110,0.735287,0.761823,0.739898,0.731938,0.706075,0.564824,0.415982,0.428458,0.503619,0.439834,0.435398,0.474332,0.624543,0.609828,0.532297,0.560286,0.595664,0.594096,0.557078,0.548163,0.536636,0.524241,0.579208,0.588050,0.581687,0.713468,0.337251,0.203902,0.224191,0.207674,0.172367,0.198116,0.242100,0.216065
0.604465,0.604465,0.511139,0.279172,0.495871,0.654843,0.665234,0.599173,0.469804,0.282005,0.405902,0.434834,0.390604,0.364446,0.400553,0.510771,0.481751,0.433353,0.515380,0.521775,0.513788,0.457935,0.461726,0.503659,0.551005,0.512313,0.515550,0.512897,0.613416,0.635886,0.720026,0.698736,0.736154,0.724597,0.731066,0.706582,0.790913,0.660934,0.471220,0.414281,0.415929,0.426522,0.374107,0.591781,0.576918,0.537231,0.526257,0.553435,0.604151,0.562790,0.595843,0.572594,0.524950,0.577494,0.616062,0.579696,0.261333,0.185647,0.234022,0.233978,0.206213,0.225667,0.276182,0.190129,0.351399
0.586010,0.586010,0.364667,0.327019,0.505921,0.604428,0.706797,0.629702,0.525235,0.316882,0.363357,0.432726,0.349695,0.443932,0.472078,0.486884,0.457731,0.483864,0.574087,0.418345,0.456523,0.475020,0.479381,0.478565,0.439131,0.567418,0.484703,0.504914,0.585587,0.640294,0.638235,0.762713,0.685130,0.755688,0.746776,0.789726,0.823972,0.816718,0.709392,0.349826,0.419199,0.415592,0.512490,0.651640,0.621435,0.594062,0.487214,0.366968,0.537904,0.544723,0.520041,0.585706,0.554404,0.544107,0.571406,0.444951,0.150865,0.197036,0.232062,0.210049,0.222661,0.215643,0.308392,0.334619,0.555788
0.442923,0.442923,0.354314,0.352784,0.445727,0.593295,0.626511,0.627355,0.536762,0.337946,0.302674,0.403987,0.395363,0.387082,0.400991,0.389702,0.505205,0.474741,0.440516,0.405788,0.420916,0.402683,0.476118,0.398047,0.478734,0.542804,0.547200,0.547971,0.580299,0.631592,0.644357,0.699954,0.779135,0.778464,0.813285,0.797146,0.780006,0.822723,0.839662,0.496673,0.374969,0.326531,0.489063,0.529056,0.544371,0.565758,0.483897,0.203149,0.383890,0.605171,0.551900,0.534332,0.564506,0.573037,0.489080,0.223373,0.218151,0.202210,0.223861,0.231927,0.276766,0.295114,0.284273,0.529889,0.546387
0.364119,0.364119,0.332923,0.378224,0.502032,0.610612,0.620544,0.568308,0.443369,0.337702,0.378637,0.351266,0.379458,0.347418,0.378496,0.465231,0.451717,0.487949,0.397175,0.384012,0.452873,0.494495,0.488393,0.417348,0.510613,0.500245,0.525302,0.515068,0.539949,0.588335,0.638321,0.781041,0.797872,0.749689,0.763899,0.780911,0.818408,0.799746,0.790859,0.802303,0.549517,0.304376,0.398816,0.578530,0.575245,0.614674,0.489693,0.246208,0.293134,0.457268,0.553940,0.555818,0.544646,0.538771,0.348377,0.175596,0.220840,0.232595,0.252299,0.213046,0.264176,0.346640,0.519176,0.593414,0.619481
0.399012,0.399012,0.369614,0.355695,0.443616,0.602397,0.642453,0.609034,0.519745,0.435950,0.415916,0.375973,0.398727,0.395760,0.423564,0.468468,0.469351,0.491847,0.360950,0.436708,0.408027,0.488653,0.497494,0.547186,0.566778,0.534969,0.526110,0.524924,0.549300,0.645008,0.751041,0.706768,0.689529,0.793376,0.793114,0.768029,0.774401,0.751444,0.804716,0.796023,0.847578,0.522281,0.400527,0.583462,0.603860,0.559262,0.480842,0.229495,0.189714,0.319643,0.570507,0.581794,0.568564,0.421958,0.239347,0.210231,0.223677,0.221539,0.215208,0.232147,0.228613,0.509236,0.609815,0.636425,0.636931
0.398441,0.398441,0.343643,0.328665,0.446700,0.639514,0.678394,0.592608,0.511625,0.321642,0.324674,0.366091,0.352003,0.413126,0.383849,0.417058,0.499641,0.526484,0.437839,0.427579,0.466549,0.430790,0.531545,0.448184,0.536215,0.533172,0.452555,0.605988,0.717281,0.683161,0.680500,0.699372,0.720685,0.769628,0.751190,0.795090,0.787965,0.812193,0.748032,0.798500,0.832095,0.702915,0.393663,0.565422,0.572102,0.567226,0.489962,0.215879,0.199298,0.387167,0.709472,0.791046,0.685843,0.202980,0.215160,0.219719,0.226351,0.205106,0.181475,0.193980,0.455884,0.567693,0.583439,0.590889,0.636172
0.289056,0.289056,0.308321,0.388193,0.453662,0.594388,0.622875,0.611229,0.444191,0.319566,0.397313,0.375146,0.419966,0.436252,0.327753,0.450980,0.535242,0.543051,0.409231,0.423435,0.490508,0.520219,0.515387,0.486458,0.504217,0.483588,0.579271,0.646646,0.653490,0.744517,0.646039,0.785321,0.717154,0.733742,0.754963,0.773327,0.795228,0.785153,0.755489,0.728462,0.798647,0.795853,0.537511,0.490189,0.602149,0.561091,0.479982,0.179268,0.421722,0.764088,0.787532,0.780980,0.837487,0.372684,0.195117,0.240513,0.242213,0.234817,0.198361,0.360235,0.584711,0.557028,0.657679,0.609725,0.567783
0.393464,0.393464,0.425417,0.376704,0.467741,0.594229,0.641708,0.613325,0.485338,0.326999,0.335995,0.385540,0.393654,0.400188,0.496162,0.489412,0.629599,0.545083,0.442122,0.473516,0.478400,0.474989,0.503588,0.529504,0.478435,0.559237,0.570811,0.662081,0.684987,0.667448,0.748537,0.709971,0.656607,0.720215,0.767663,0.751585,0.806607,0.709528,0.640002,0.805418,0.777917,0.765275,0.796930,0.624347,0.580383,0.601301,0.541874,0.582840,0.722822,0.821922,0.785221,0.732826,0.823335,0.412026,0.200643,0.248458,0.259500,0.222243,0.241066,0.581833,0.577596,0.628737,0.623984,0.635868,0.599188
0.369085,0.369085,0.388944,0.393335,0.495109,0.602470,0.655900,0.605870,0.506181,0.298180,0.347140,0.372482,0.399746,0.436598,0.372181,0.446802,0.653482,0.547917,0.352701,0.393569,0.452064,0.504527,0.532483,0.517143,0.562386,0.563452,0.547520,0.619063,0.608197,0.646946,0.620661,0.656471,0.619057,0.774842,0.696977,0.687378,0.727855,0.748542,0.761687,0.789609,0.736432,0.786555,0.788140,0.759161,0.570212,0.658558,0.767368,0.782467,0.773698,0.793732,0.789639,0.811394,0.828452,0.392431,0.218233,0.217462,0.175924,0.217454,0.401379,0.591300,0.688924,0.651346,0.605016,0.591341,0.597505
0.371108,0.371108,0.434104,0.428433,0.525137,0.573544,0.687581,0.658735,0.515333,0.238424,0.415887,0.460577,0.365907,0.397888,0.441516,0.488678,0.677746,0.557452,0.437970,0.487208,0.469027,0.493866,0.512946,0.537145,0.569697,0.607337,0.569035,0.593492,0.614029,0.641034,0.634636,0.634339,0.655954,0.739188,0.721162,0.657274,0.679001,0.753487,0.716806,0.732188,0.711240,0.703200,0.692439,0.744193,0.810088,0.767893,0.809145,0.761571,0.752659,0.799396,0.704996,0.850144,0.765669,0.254164,0.183664,0.211519,0.221825,0.245346,0.509808,0.625707,0.607225,0.622735,0.565555,0.583799,0.569573
0.416544,0.416544,0.376736,0.420690,0.518187,0.667264,0.592058,0.618949,0.514704,0.371958,0.379409,0.370678,0.358591,0.428682,0.446868,0.460153,0.682170,0.618902,0.508282,0.436653,0.425874,0.457537,0.475825,0.531547,0.512896,0.546565,0.528434,0.576469,0.594340,0.645503,0.635716,0.674238,0.629608,0.643130,0.637704,0.637582,0.731108,0.771542,0.671608,0.663432,0.699703,0.680833,0.741666,0.719790,0.713791,0.750800,0.761689,0.791780,0.747510,0.721632,0.619619,0.754878,0.576407,0.226009,0.215642,0.225221,0.239126,0.450139,0.663537,0.601724,0.595552,0.583077,0.608949,0.611250,0.592941
0.346120,0.346120,0.388241,0.416172,0.463759,0.620465,0.661128,0.641832,0.513930,0.367398,0.419318,0.366463,0.373819,0.400102,0.334250,0.491275,0.710932,0.632231,0.523657,0.462745,0.439759,0.494675,0.520423,0.520339,0.542714,0.557938,0.552935,0.570079,0.579141,0.585307,0.596214,0.625551,0.603761,0.623926,0.635420,0.631600,0.653666,0.673106,0.590194,0.666283,0.651794,0.674946,0.777038,0.752926,0.794901,0.752016,0.761481,0.769075,0.832826,0.629614,0.581876,0.671145,0.344156,0.209429,0.211286,0.228166,0.324522,0.487541,0.617151,0.602812,0.576245,0.607790,0.611941,0.642621,0.550132
0.369501,0.369501,0.383848,0.365249,0.478128,0.655613,0.646021,0.679269,0.504031,0.357242,0.373710,0.335693,0.455479,0.375640,0.304596,0.442645,0.756988,0.597132,0.602901,0.472599,0.524711,0.505123,0.507278,0.571573,0.530141,0.556766,0.543106,0.562513,0.507289,0.501884,0.507610,0.589169,0.544157,0.613050,0.588410,0.530752,0.541008,0.554586,0.617323,0.720332,0.708678,0.822174,0.717831,0.699082,0.755999,0.823871,0.830703,0.809732,0.725037,0.499110,0.449047,0.614830,0.238474,0.202054,0.217223,0.230260,0.513413,0.532470,0.609405,0.622147,0.626476,0.625648,0.565821,0.606390,0.573875
0.414639,0.414639,0.402464,0.416122,0.496864,0.599718,0.710620,0.633124,0.560896,0.277687,0.338735,0.413135,0.347329,0.483889,0.431542,0.432982,0.795621,0.729399,0.562247,0.499186,0.486888,0.465305,0.542563,0.467208,0.519445,0.520030,0.564626,0.554464,0.419073,0.383519,0.360025,0.536379,0.480622,0.347949,0.322279,0.307958,0.237921,0.501116,0.661465,0.720809,0.715316,0.750055,0.749781,0.748674,0.802267,0.794215,0.652439,0.587080,0.427977,0.425096,0.611008,0.451413,0.224625,0.221634,0.183804,0.401652,0.612125,0.647211,0.627275,0.648648,0.578044,0.581801,0.654180,0.599798,0.594014
0.444412,0.444412,0.466165,0.380001,0.490155,0.613119,0.729757,0.702768,0.530621,0.281296,0.382166,0.455527,0.375511,0.404257,0.395614,0.347315,0.731968,0.730220,0.549699,0.510898,0.474117,0.501444,0.471628,0.515668,0.534776,0.544876,0.475601,0.427448,0.338765,0.307781,0.279838,0.412401,0.253140,0.390075,0.251329,0.212868,0.494962,0.626579,0.726733,0.772963,0.753313,0.761393,0.749458,0.788156,0.729367,0.633569,0.431401,0.446904,0.508296,0.641853,0.380630,0.199811,0.189922,0.239538,0.230456,0.499353,0.602886,0.630171,0.594913,0.620751,0.583879,0.571084,0.596199,0.592617,0.593130
0.451232,0.451232,0.459023,0.374397,0.560441,0.601016,0.661415,0.674609,0.516292,0.330769,0.377331,0.393883,0.397586,0.428992,0.387633,0.421483,0.645146,0.741678,0.564451,0.504064,0.534338,0.493637,0.449041,0.505149,0.533024,0.553666,0.412417,0.317509,0.220857,0.190692,0.306634,0.248832,0.365872,0.235647,0.282772,0.478675,0.684912,0.700451,0.730370,0.703353,0.685992,0.726300,0.750771,0.578811,0.441983,0.502547,0.643496,0.687959,0.678105,0.451987,0.248500,0.205236,0.210202,0.229756,0.218627,0.568490,0.613604,0.617855,0.605609,0.600123,0.594148,0.593213,0.613729,0.603935,0.602784
0.453850,0.453850,0.384833,0.423184,0.480867,0.645237,0.633496,0.626039,0.601360,0.325135,0.392570,0.342726,0.354708,0.423463,0.428621,0.356304,0.511517,0.717208,0.662859,0.421485,0.510818,0.442196,0.464364,0.458633,0.470326,0.327857,0.328676,0.245977,0.211789,0.263689,0.278482,0.230847,0.318230,0.386505,0.464003,0.695939,0.749389,0.696224,0.649510,0.718950,0.721257,0.709127,0.589591,0.331022,0.398841,0.459409,0.598163,0.621581,0.351707,0.168495,0.222898,0.204609,0.210702,0.219430,0.352659,0.495136,0.624594,0.613402,0.619966,0.604463,0.637216,0.609205,0.603812,0.604211,0.574518
0.424369,0.424369,0.352319,0.426845,0.547275,0.602737,0.626566,0.716347,0.490289,0.298351,0.398474,0.400454,0.276775,0.362141,0.425889,0.447456,0.396392,0.641699,0.720566,0.526825,0.465680,0.472921,0.506722,0.541341,0.320221,0.276767,0.231506,0.233915,0.276609,0.260409,0.230394,0.238450,0.283349,0.421018,0.598737,0.625853,0.663067,0.723722,0.629940,0.653108,0.746625,0.804202,0.720857,0.526560,0.303057,0.423230,0.589688,0.262269,0.190672,0.205212,0.245003,0.257825,0.219478,0.315044,0.521496,0.520112,0.626019,0.605561,0.643635,0.626023,0.585615,0.560254,0.562275,0.630347,0.560232
0.416646,0.416646,0.418517,0.378651,0.531900,0.581370,0.595096,0.725386,0.551134,0.278259,0.317547,0.461169,0.460453,0.381505,0.380513,0.486317,0.451389,0.689942,0.609495,0.503163,0.374007,0.473436,0.426799,0.341564,0.262781,0.215847,0.256593,0.257697,0.224546,0.376688,0.236774,0.261389,0.386927,0.584471,0.718472,0.774279,0.618587,0.654506,0.649753,0.727425,0.744366,0.760844,0.794410,0.594344,0.200554,0.341528,0.582301,0.222297,0.199855,0.213184,0.225164,0.192442,0.195202,0.367647,0.491451,0.605953,0.605485,0.585207,0.588737,0.627859,0.612522,0.610775,0.592408,0.628725,0.589946
0.373991,0.373991,0.420788,0.392354,0.428780,0.630897,0.658435,0.648651,0.523641,0.265287,0.299648,0.402363,0.436497,0.406521,0.459645,0.517791,0.429767,0.503077,0.552055,0.478577,0.530981,0.432962,0.307560,0.284984,0.212490,0.164383,0.273666,0.240179,0.283532,0.379345,0.196934,0.459702,0.595888,0.630321,0.694900,0.697781,0.635906,0.629139,0.760657,0.729042,0.778105,0.802071,0.785406,0.691499,0.294274,0.226613,0.567946,0.253922,0.234644,0.234417,0.209171,0.225980,0.203503,0.511115,0.586142,0.606463,0.621222,0.576340,0.599001,0.588735,0.652849,0.583727,0.638966,0.605563,0.593534
0.429429,0.429429,0.434084,0.336535,0.487271,0.722120,0.681676,0.669587,0.557938,0.329978,0.310346,0.370792,0.450359,0.443463,0.429355,0.484296,0.467595,0.526415,0.489020,0.496345,0.468123,0.292008,0.279744,0.196657,0.241357,0.212655,0.233134,0.221771,0.207148,0.202994,0.485976,0.619750,0.705179,0.693044,0.697872,0.633598,0.629045,0.626165,0.683676,0.690594,0.793931,0.776000,0.804779,0.827856,0.405123,0.217906,0.521082,0.296620,0.235982,0.223830,0.266304,0.181594,0.332325,0.578252,0.573539,0.580178,0.613857,0.556785,0.530842,0.571210,0.579287,0.546479,0.611584,0.603829,0.559941
0.438300,0.438300,0.405487,0.434886,0.438678,0.619142,0.674044,0.725081,0.560508,0.264278,0.323932,0.369754,0.469619,0.432315,0.480437,0.489700,0.532201,0.471026,0.450519,0.492803,0.420689,0.285286,0.241237,0.195623,0.268557,0.208362,0.248210,0.269079,0.267953,0.290715,0.587435,0.652779,0.692796,0.637658,0.531045,0.564847,0.592205,0.677359,0.678698,0.721673,0.798188,0.745188,0.782815,0.704709,0.413387,0.182227,0.469438,0.438682,0.261941,0.241233,0.229590,0.189222,0.374380,0.589877,0.610629,0.595623,0.565297,0.665404,0.633867,0.643120,0.573888,0.584949,0.608412,0.595029,0.560091
0.401041,0.401041,0.355046,0.318951,0.458551,0.610546,0.664266,0.715324,0.543166,0.309781,0.315285,0.479622,0.455128,0.447705,0.427110,0.472575,0.520355,0.388197,0.395979,0.372649,0.360910,0.340834,0.249112,0.198617,0.234432,0.205103,0.210994,0.209642,0.235639,0.586043,0.671081,0.675588,0.623457,0.562371,0.490009,0.451573,0.393485,0.517741,0.620013,0.685291,0.755156,0.696561,0.571374,0.364921,0.357601,0.208051,0.282573,0.356164,0.237279,0.201189,0.246741,0.207050,0.460005,0.560983,0.620122,0.631866,0.549148,0.633315,0.569376,0.646437,0.639577,0.557341,0.617412,0.593891,0.522651
0.365466,0.365466,0.365068,0.349457,0.477612,0.588402,0.626327,0.672304,0.557637,0.262303,0.312531,0.390765,0.411474,0.380349,0.492818,0.537053,0.581120,0.533868,0.231138,0.264692,0.319119,0.336600,0.232835,0.234786,0.204140,0.279467,0.216347,0.199606,0.445656,0.608491,0.755920,0.598505,0.263960,0.241390,0.215210,0.341264,0.315721,0.528713,0.550266,0.689230,0.700135,0.387143,0.308087,0.208601,0.201926,0.262748,0.310955,0.451424,0.246396,0.201554,0.209795,0.299610,0.541321,0.557874,0.658390,0.585260,0.661279,0.589165,0.586892,0.636408,0.533780,0.559059,0.587388,0.539986,0.498118
0.376680,0.376680,0.340680,0.266264,0.389383,0.655108,0.677833,0.682342,0.560968,0.325146,0.367646,0.362145,0.449920,0.334613,0.510191,0.728966,0.538682,0.254386,0.250655,0.239086,0.223033,0.429065,0.191794,0.187597,0.236818,0.189463,0.178061,0.352227,0.604312,0.709409,0.639126,0.412013,0.255012,0.347160,0.379001,0.679744,0.503434,0.497703,0.503399,0.688504,0.687907,0.226944,0.397138,0.446230,0.175682,0.190287,0.358111,0.507257,0.284182,0.215833,0.221154,0.373903,0.547345,0.703495,0.611435,0.611285,0.642530,0.613656,0.607659,0.583279,0.601883,0.573839,0.553341,0.477238,0.579795
0.369591,0.369591,0.397372,0.355929,0.419974,0.639319,0.755178,0.685107,0.637747,0.332709,0.425494,0.504928,0.372107,0.368542,0.565332,0.508881,0.326974,0.358868,0.263451,0.232307,0.328146,0.483300,0.277690,0.180115,0.215905,0.205516,0.225903,0.523081,0.698096,0.706667,0.480349,0.502343,0.512860,0.402135,0.556231,0.617473,0.570603,0.479464,0.522960,0.737146,0.707946,0.524781,0.498391,0.412923,0.225816,0.182446,0.346808,0.519138,0.256857,0.222560,0.219447,0.446080,0.577979,0.566914,0.555144,0.590955,0.587526,0.578344,0.639036,0.544244,0.563332,0.472218,0.553682,0.623158,0.710296
0.402372,0.402372,0.339932,0.325604,0.326092,0.621525,0.726576,0.672926,0.555036,0.318732,0.416441,0.398263,0.558588,0.515360,0.381959,0.340183,0.259778,0.409715,0.325760,0.226590,0.413540,0.457128,0.321083,0.182169,0.192176,0.238074,0.389535,0.638906,0.673268,0.417337,0.571635,0.544764,0.585930,0.578327,0.648177,0.615911,0.617050,0.473375,0.475513,0.683149,0.724264,0.557685,0.478650,0.427321,0.301564,0.213039,0.304987,0.560477,0.223014,0.203593,0.283406,0.564329,0.610399,0.571608,0.574551,0.602069,0.586398,0.576357,0.530593,0.483374,0.528163,0.659417,0.655939,0.716675,0.686699
0.356473,0.356473,0.331677,0.228892,0.391587,0.612950,0.700175,0.691867,0.566259,0.335036,0.384589,0.481823,0.520097,0.456315,0.343241,0.234574,0.409030,0.352700,0.187737,0.222592,0.384445,0.316630,0.379781,0.236486,0.206809,0.251615,0.520484,0.707347,0.399094,0.415781,0.546902,0.601481,0.582857,0.691820,0.620702,0.743872,0.603093,0.513055,0.510571,0.629216,0.771105,0.618355,0.539854,0.513034,0.342647,0.201345,0.258444,0.568275,0.237475,0.196105,0.384488,0.530677,0.575847,0.570332,0.638469,0.561852,0.571820,0.448198,0.576196,0.541234,0.625681,0.763677,0.691613,0.706134,0.777953
0.279057,0.279057,0.310492,0.306293,0.385099,0.585219,0.655209,0.648365,0.529993,0.317593,0.376201,0.471849,0.423681,0.404841,0.361061,0.276334,0.476316,0.244243,0.210573,0.185594,0.195299,0.199335,0.480719,0.335372,0.193864,0.467106,0.720469,0.461433,0.264324,0.515487,0.519091,0.572088,0.635104,0.647593,0.668735,0.656837,0.610049,0.567984,0.480468,0.582764,0.783915,0.628105,0.527405,0.499915,0.329316,0.245916,0.245004,0.502485,0.232328,0.257399,0.387986,0.630514,0.569185,0.561104,0.560095,0.591738,0.575372,0.548263,0.574507,0.529284,0.737871,0.719915,0.785730,0.799619,0.805146
0.312065,0.312065,0.268857,0.199552,0.324780,0.550431,0.659271,0.611335,0.534496,0.291106,0.431201,0.461173,0.369151,0.418144,0.334596,0.335275,0.453236,0.284130,0.243508,0.219298,0.267748,0.321268,0.506080,0.377141,0.209083,0.584090,0.604856,0.193526,0.236491,0.426628,0.478814,0.527574,0.536235,0.617784,0.679834,0.663243,0.563480,0.500582,0.518287,0.579313,0.765343,0.647748,0.565624,0.468903,0.226987,0.243199,0.317771,0.559972,0.321236,0.237495,0.515635,0.620971,0.606161,0.626955,0.542314,0.572223,0.526097,0.546390,0.540275,0.656364,0.781705,0.739416,0.775510,0.782536,0.804798
0.349007,0.349007,0.343257,0.238617,0.411014,0.598483,0.637145,0.645683,0.539618,0.257751,0.405535,0.448179,0.368355,0.377545,0.290142,0.346370,0.462214,0.346779,0.194106,0.226716,0.290801,0.404666,0.340639,0.191000,0.482586,0.586912,0.272914,0.190749,0.327944,0.417240,0.545416,0.547676,0.583047,0.576028,0.654947,0.558894,0.545103,0.501323,0.500071,0.513358,0.775849,0.623145,0.577790,0.390904,0.183781,0.288197,0.211465,0.494012,0.420043,0.349533,0.609655,0.599414,0.582059,0.609594,0.522675,0.558489,0.540506,0.486877,0.568066,0.764201,0.746986,0.804174,0.814596,0.824680,0.766278
0.356604,0.356604,0.318873,0.229755,0.404385,0.575456,0.629414,0.702874,0.620542,0.348398,0.402835,0.431349,0.361856,0.324003,0.329449,0.299742,0.432739,0.447012,0.250895,0.245325,0.254166,0.343867,0.219989,0.317648,0.700492,0.457388,0.182037,0.242636,0.354193,0.416826,0.492997,0.608824,0.540054,0.593247,0.572509,0.651206,0.516759,0.445938,0.371467,0.518514,0.686470,0.632778,0.533101,0.286225,0.202286,0.272345,0.222906,0.464492,0.376205,0.312747,0.601028,0.589851,0.519605,0.629776,0.554984,0.618504,0.494040,0.559705,0.746699,0.702747,0.743492,0.821563,0.801761,0.823489,0.812868
0.271471,0.271471,0.291173,0.257745,0.385303,0.545151,0.668043,0.702014,0.574485,0.355129,0.390494,0.450998,0.252858,0.322773,0.246560,0.361139,0.430795,0.518301,0.297484,0.325175,0.193420,0.372901,0.497081,0.510062,0.460052,0.215567,0.243988,0.245900,0.316957,0.407898,0.426358,0.567865,0.558152,0.610490,0.567599,0.649892,0.577090,0.537176,0.613592,0.669549,0.647219,0.618289,0.406151,0.245478,0.272310,0.265447,0.259712,0.392252,0.480562,0.472112,0.598292,0.584285,0.621617,0.610605,0.544664,0.523735,0.594056,0.569971,0.699766,0.788354,0.829191,0.846728,0.821257,0.817677,0.804204
0.317874,0.317874,0.247387,0.308400,0.456754,0.594544,0.612516,0.728945,0.555419,0.338517,0.394087,0.482490,0.268182,0.313683,0.230557,0.345739,0.284163,0.380245,0.458640,0.294221,0.248792,0.546429,0.581836,0.392124,0.264456,0.193143,0.249146,0.236180,0.354394,0.416636,0.461629,0.534738,0.572186,0.485979,0.563983,0.580422,0.556378,0.611628,0.712364,0.728086,0.676050,0.552899,0.387188,0.225280,0.227530,0.238300,0.200879,0.375141,0.521985,0.527978,0.567137,0.601741,0.594048,0.624487,0.562921,0.537413,0.614903,0.547730,0.697979,0.819713,0.805903,0.797521,0.809462,0.788687,0.849449
0.276598,0.276598,0.289807,0.291451,0.404311,0.609239,0.721373,0.698184,0.610075,0.366088,0.417445,0.493175,0.319537,0.286779,0.205969,0.338702,0.403510,0.270651,0.389513,0.290679,0.609298,0.651395,0.423831,0.310893,0.190971,0.228603,0.200030,0.236696,0.399827,0.389730,0.532575,0.487247,0.584339,0.517401,0.489536,0.512380,0.525042,0.488509,0.548773,0.542879,0.509638,0.502081,0.238209,0.205198,0.268517,0.293073,0.195907,0.284616,0.493205,0.554051,0.580922,0.561514,0.622926,0.567562,0.557870,0.583280,0.576131,0.555117,0.769461,0.807722,0.818714,0.785505,0.827935,0.813568,0.812227
0.219422,0.219422,0.236533,0.273461,0.498059,0.629196,0.664531,0.673423,0.573425,0.374780,0.398393,0.436235,0.284944,0.252918,0.315895,0.392773,0.363624,0.340871,0.392207,0.515359,0.612796,0.551353,0.458346,0.204573,0.201440,0.188225,0.259326,0.254941,0.312540,0.343629,0.473185,0.499318,0.529644,0.571573,0.560438,0.495039,0.426778,0.545270,0.609137,0.569492,0.558448,0.344995,0.179195,0.198360,0.208535,0.345334,0.266204,0.250084,0.582328,0.634972,0.574508,0.627281,0.601943,0.577524,0.621786,0.530519,0.532048,0.571548,0.790063,0.805057,0.792807,0.772560,0.822207,0.773864,0.824582
0.216136,0.216136,0.224971,0.330809,0.476922,0.615806,0.722944,0.744053,0.562321,0.302666,0.431366,0.376453,0.300611,0.245291,0.264901,0.521986,0.384614,0.398504,0.425611,0.468390,0.625902,0.543690,0.274581,0.195427,0.188116,0.203294,0.239977,0.216013,0.333561,0.246148,0.432826,0.452479,0.525530,0.581232,0.610303,0.531090,0.480330,0.520863,0.527761,0.587811,0.483303,0.202302,0.197619,0.203929,0.279617,0.321379,0.270380,0.282100,0.564443,0.587438,0.560306,0.598733,0.590251,0.604593,0.601228,0.598788,0.564931,0.595521,0.771619,0.742382,0.815235,0.810724,0.805081,0.791958,0.822228
0.208654,0.208654,0.197130,0.382113,0.463986,0.567983,0.733040,0.677680,0.568703,0.416458,0.433468,0.328542,0.262953,0.270042,0.298606,0.469137,0.456705,0.383662,0.446184,0.418204,0.586477,0.313256,0.222442,0.194871,0.189434,0.220850,0.208537,0.227245,0.238577,0.232547,0.324498,0.382742,0.484773,0.521117,0.617858,0.560965,0.598606,0.598553,0.593837,0.557214,0.340957,0.229083,0.228328,0.220498,0.239222,0.321110,0.300074,0.311773,0.600952,0.607778,0.533833,0.565135,0.624494,0.605023,0.569830,0.564288,0.533767,0.594800,0.823516,0.797017,0.820325,0.778867,0.843886,0.826851,0.838243
0.219615,0.219615,0.213129,0.324107,0.460116,0.622363,0.700432,0.666632,0.544329,0.310434,0.316717,0.228737,0.242345,0.191274,0.231679,0.453433,0.314252,0.424458,0.430745,0.510118,0.336116,0.246910,0.215691,0.260067,0.206428,0.217230,0.193458,0.249665,0.247142,0.243686,0.235058,0.288850,0.404997,0.413951,0.540629,0.614007,0.632247,0.659326,0.651118,0.544091,0.228572,0.233197,0.243207,0.176401,0.235144,0.348794,0.282360,0.343996,0.549640,0.574009,0.511586,0.622095,0.563028,0.585719,0.569474,0.556004,0.541662,0.639743,0.826636,0.781306,0.789632,0.786576,0.772815,0.759422,0.612612
0.204756,0.204756,0.220397,0.214439,0.394023,0.603489,0.647642,0.682294,0.581636,0.441281,0.402030,0.246388,0.250382,0.260300,0.217842,0.459481,0.304186,0.442387,0.448712,0.511259,0.459476,0.338136,0.183648,0.227993,0.204641,0.204626,0.197728,0.215246,0.272153,0.175167,0.293941,0.278751,0.459749,0.437024,0.486843,0.575349,0.616356,0.625590,0.613524,0.545447,0.303107,0.215577,0.215537,0.200115,0.283292,0.358377,0.346271,0.334687,0.577999,0.485203,0.493673,0.511614,0.476196,0.578713,0.586021,0.533764,0.446930,0.718542,0.804206,0.755477,0.783824,0.778676,0.579873,0.218870,0.203868
0.327295,0.327295,0.212189,0.215036,0.330586,0.528117,0.691396,0.694434,0.580019,0.464652,0.371135,0.178021,0.279882,0.304208,0.277917,0.338630,0.434443,0.396811,0.413082,0.466860,0.470531,0.534978,0.222194,0.242254,0.200667,0.189308,0.212351,0.200795,0.214993,0.227576,0.253789,0.463319,0.562127,0.513263,0.627983,0.513265,0.515188,0.537699,0.644580,0.783131,0.774556,0.584675,0.404997,0.198330,0.319547,0.352404,0.349160,0.399950,0.580964,0.533260,0.502784,0.437190,0.361630,0.480024,0.508102,0.449613,0.365447,0.770652,0.803592,0.805395,0.809845,0.572802,0.251484,0.212531,0.271360
0.550604,0.550604,0.432094,0.252667,0.248974,0.599801,0.647525,0.665280,0.510042,0.480022,0.250211,0.189868,0.260292,0.314800,0.413528,0.256102,0.320044,0.391918,0.375496,0.538351,0.526994,0.424350,0.360862,0.269433,0.312053,0.207104,0.199392,0.199124,0.217971,0.231575,0.238505,0.418574,0.527617,0.474100,0.601610,0.532786,0.558411,0.597638,0.626983,0.769077,0.775566,0.801391,0.761606,0.470209,0.208533,0.241897,0.242479,0.397741,0.533286,0.572254,0.543461,0.494270,0.549077,0.445258,0.413655,0.448859,0.420817,0.732354,0.816986,0.822746,0.565400,0.281217,0.350554,0.363882,0.323991
0.497871,0.497871,0.572128,0.429494,0.271206,0.565952,0.681151,0.662932,0.616701,0.529596,0.214090,0.179720,0.294487,0.288361,0.265360,0.287063,0.280282,0.237396,0.324313,0.481312,0.530636,0.443673,0.433161,0.238009,0.204507,0.231904,0.205107,0.235790,0.268124,0.384135,0.261875,0.456418,0.411838,0.520493,0.542662,0.511716,0.530064,0.645154,0.601827,0.674149,0.728521,0.767503,0.837351,0.814485,0.586754,0.239269,0.236530,0.371256,0.558610,0.592184,0.560105,0.540615,0.533842,0.454223,0.416736,0.580164,0.542158,0.785452,0.810978,0.756056,0.319539,0.375138,0.320496,0.396274,0.346404
0.257284,0.257284,0.604165,0.548651,0.294325,0.563666,0.657499,0.700177,0.584186,0.398419,0.163449,0.233018,0.209412,0.206921,0.281797,0.207382,0.228697,0.270791,0.298900,0.365113,0.444259,0.452100,0.415168,0.349973,0.167599,0.213506,0.212565,0.228323,0.239685,0.363644,0.290688,0.397919,0.506918,0.537036,0.582591,0.541884,0.527925,0.541947,0.626773,0.680453,0.655000,0.747790,0.781875,0.772220,0.848606,0.397431,0.187845,0.391570,0.591327,0.539411,0.569187,0.543901,0.519217,0.484369,0.542394,0.493242,0.633781,0.797175,0.791854,0.542731,0.301918,0.388593,0.432168,0.344199,0.457603
0.202295,0.202295,0.581505,0.557507,0.266654,0.560821,0.722999,0.762284,0.577775,0.378866,0.223436,0.217172,0.189213,0.246474,0.295054,0.248830,0.229224,0.208103,0.380906,0.260656,0.457678,0.492935,0.377218,0.456327,0.193643,0.235870,0.211121,0.227437,0.233618,0.390618,0.268859,0.408439,0.543492,0.562264,0.474314,0.544912,0.541889,0.612975,0.596166,0.633144,0.715152,0.639017,0.712662,0.804048,0.835738,0.662644,0.192828,0.384496,0.584947,0.539092,0.535025,0.529791,0.482758,0.553743,0.455896,0.718602,0.778746,0.816635,0.771310,0.489803,0.326141,0.435486,0.390037,0.329262,0.385994
0.209635,0.209635,0.511792,0.557947,0.257105,0.546813,0.662079,0.625925,0.603143,0.333917,0.214298,0.187931,0.180829,0.393484,0.314941,0.280088,0.187596,0.238871,0.258364,0.352937,0.461521,0.544776,0.519481,0.444218,0.264471,0.208583,0.216594,0.187258,0.340417,0.431446,0.305868,0.469918,0.453595,0.532033,0.532986,0.552924,0.559611,0.624566,0.599546,0.644951,0.651908,0.756144,0.822058,0.814860,0.824831,0.811742,0.331970,0.422186,0.590284,0.548855,0.538035,0.591909,0.550027,0.487583,0.534668,0.801586,0.821818,0.811740,0.653417,0.373229,0.324953,0.458201,0.374008,0.394623,0.387566
0.153310,0.153310,0.575289,0.594056,0.247799,0.570275,0.678167,0.624618,0.587189,0.338311,0.195999,0.210977,0.195154,0.288977,0.275774,0.267958,0.226078,0.229676,0.246738,0.328054,0.542807,0.403510,0.335311,0.345750,0.358450,0.312364,0.216650,0.225245,0.427779,0.483051,0.289418,0.439957,0.548680,0.531679,0.509924,0.545717,0.553838,0.568805,0.553225,0.638104,0.734453,0.662650,0.794251,0.783129,0.785677,0.821221,0.489399,0.487711,0.596435,0.621806,0.536244,0.573067,0.540813,0.453335,0.664299,0.821920,0.805996,0.774722,0.487962,0.372584,0.364006,0.391740,0.409964,0.396912,0.424108
0.171350,0.171350,0.481696,0.574959,0.273408,0.489749,0.734424,0.722122,0.599944,0.368593,0.218037,0.213934,0.202081,0.205459,0.206682,0.207487,0.258547,0.230499,0.296847,0.247860,0.446095,0.412786,0.308203,0.230894,0.267255,0.274240,0.220217,0.246516,0.496420,0.470466,0.347145,0.545034,0.561066,0.570092,0.552088,0.539641,0.537860,0.577207,0.623309,0.601717,0.621992,0.678912,0.722190,0.736548,0.813592,0.813632,0.699206,0.456794,0.565933,0.586755,0.555555,0.577580,0.544651,0.504713,0.627791,0.725415,0.799029,0.721209,0.529633,0.336423,0.406809,0.334276,0.398749,0.313303,0.374710
0.142908,0.142908,0.435702,0.645729,0.333751,0.527868,0.714005,0.639526,0.644310,0.406347,0.196183,0.241285,0.210317,0.227615,0.279639,0.210888,0.233251,0.272330,0.286007,0.332488,0.355156,0.263204,0.474464,0.251428,0.189125,0.195461,0.226337,0.320378,0.520441,0.401559,0.418401,0.519448,0.594905,0.539138,0.548092,0.523948,0.513696,0.539133,0.603859,0.623178,0.638192,0.669690,0.703747,0.765905,0.746866,0.826869,0.807178,0.472864,0.384270,0.485000,0.526834,0.553314,0.586504,0.592702,0.534795,0.622883,0.770028,0.567675,0.362135,0.372083,0.347132,0.430771,0.339302,0.363076,0.272948
0.166107,0.166107,0.382965,0.681889,0.360547,0.503039,0.714614,0.719479,0.513206,0.478182,0.218903,0.224314,0.204710,0.208459,0.260512,0.229310,0.200476,0.209046,0.287044,0.479073,0.369270,0.351402,0.271909,0.251689,0.187116,0.218235,0.277359,0.443907,0.436442,0.269269,0.419361,0.568430,0.541554,0.616634,0.519540,0.545597,0.555810,0.559128,0.601483,0.570129,0.581453,0.619584,0.681944,0.662610,0.788362,0.825492,0.815453,0.545945,0.335163,0.259203,0.262200,0.321673,0.301723,0.545617,0.579429,0.689677,0.797212,0.511505,0.298727,0.406379,0.369992,0.357670,0.363423,0.430237,0.248283
0.279212,0.279212,0.477961,0.645150,0.444588,0.480568,0.726648,0.633941,0.577487,0.356968,0.234532,0.247140,0.193876,0.202194,0.225208,0.198198,0.179039,0.251098,0.263070,0.351146,0.506613,0.341884,0.185770,0.209474,0.190693,0.220688,0.349658,0.438979,0.315448,0.423496,0.549669,0.585088,0.508221,0.543582,0.570217,0.515366,0.524230,0.547424,0.584996,0.555866,0.626925,0.671105,0.713120,0.743156,0.803312,0.831358,0.794177,0.608728,0.385745,0.371522,0.301604,0.183948,0.188706,0.511830,0.728241,0.775964,0.628468,0.230895,0.260080,0.350634,0.422619,0.348696,0.463924,0.344984,0.273234
0.328614,0.328614,0.538438,0.684135,0.480231,0.556186,0.722953,0.692751,0.597122,0.375710,0.219323,0.186850,0.226436,0.211773,0.321190,0.212435,0.187381,0.238690,0.223130,0.261839,0.374749,0.372548,0.237269,0.193521,0.190083,0.312668,0.345986,0.352481,0.354100,0.486158,0.514186,0.543531,0.568865,0.561973,0.561932,0.484787,0.599044,0.568566,0.546250,0.512079,0.554646,0.600837,0.583667,0.676456,0.771389,0.829630,0.825052,0.783897,0.378531,0.463004,0.423515,0.343251,0.278669,0.522764,0.814796,0.597956,0.320876,0.275734,0.341085,0.390614,0.340351,0.364793,0.401118,0.357788,0.272549
0.276480,0.276480,0.439642,0.617629,0.535904,0.517200,0.723554,0.687266,0.626095,0.233317,0.239603,0.231072,0.255650,0.222890,0.237297,0.228127,0.333910,0.222330,0.288848,0.271764,0.433886,0.322946,0.185294,0.205019,0.217752,0.242085,0.280434,0.394801,0.534944,0.492449,0.583083,0.570554,0.546567,0.561181,0.510212,0.592163,0.596819,0.498938,0.588539,0.565261,0.581975,0.638950,0.614602,0.633919,0.735010,0.735430,0.767463,0.799883,0.511617,0.405983,0.338330,0.428532,0.469759,0.489870,0.567807,0.311385,0.302249,0.382737,0.453581,0.363184,0.293669,0.491598,0.437671,0.277931,0.214856
0.214561,0.214561,0.346828,0.666662,0.654100,0.492306,0.668916,0.713269,0.627806,0.226938,0.201020,0.194911,0.211166,0.251681,0.216822,0.257303,0.337631,0.261994,0.280667,0.290304,0.306796,0.337758,0.170291,0.209673,0.267640,0.412788,0.472832,0.558798,0.497081,0.490972,0.515243,0.559706,0.547083,0.528324,0.510408,0.603570,0.537618,0.569944,0.554658,0.585477,0.583953,0.607954,0.614972,0.629934,0.710378,0.766384,0.836118,0.798941,0.560898,0.324403,0.437152,0.418615,0.480238,0.461995,0.387791,0.390043,0.364745,0.398022,0.278927,0.283949,0.427851,0.496310,0.329056,0.202276,0.219918
0.275580,0.275580,0.278357,0.681617,0.653586,0.461241,0.702258,0.748386,0.531286,0.220956,0.207718,0.231553,0.262261,0.302565,0.327315,0.214247,0.307629,0.316287,0.362202,0.280310,0.247903,0.342210,0.308242,0.268868,0.315554,0.443775,0.482944,0.499546,0.514893,0.453120,0.531268,0.569772,0.519337,0.483506,0.541677,0.556092,0.589279,0.528527,0.542244,0.560275,0.559089,0.563251,0.613278,0.638229,0.711345,0.742911,0.836791,0.804172,0.730526,0.392881,0.431893,0.432142,0.482004,0.466139,0.508060,0.400785,0.330170,0.307994,0.317997,0.370140,0.451698,0.391617,0.215071,0.216829,0.434853
