0.597145,0.597145,0.598351,0.600817,0.605997,0.611343,0.605062,0.585483,0.512557,0.439425,0.416697,0.410885,0.430845,0.447997,0.469118,0.489631,0.506278,0.515760,0.519113,0.521043,0.523130,0.526152,0.526455,0.525611,0.522815,0.522926,0.525213,0.523838,0.520881,0.518588,0.519169,0.524323,0.528273,0.527812,0.522988,0.519013,0.515393,0.511176,0.502971,0.491948,0.493014,0.511907,0.545190,0.575103,0.591446,0.595757,0.593235,0.590947,0.588987,0.590042,0.609626,0.645540,0.656776,0.642447,0.560860,0.504174,0.487840,0.480391,0.483321,0.485485,0.488712,0.479522,0.455738,0.419808,0.392574
0.595546,0.595546,0.597832,0.602023,0.608032,0.611291,0.603440,0.582637,0.513737,0.443065,0.420704,0.414253,0.430301,0.446514,0.467331,0.487291,0.503253,0.513584,0.516784,0.519207,0.522952,0.526354,0.525248,0.525584,0.524336,0.523997,0.524953,0.522704,0.516943,0.514350,0.516452,0.521364,0.524391,0.524642,0.521360,0.515589,0.512006,0.507864,0.500348,0.489028,0.490156,0.507585,0.540172,0.572928,0.592344,0.599196,0.596231,0.592781,0.589256,0.588906,0.603335,0.632977,0.655629,0.658684,0.591085,0.515297,0.498062,0.484894,0.484985,0.485758,0.477361,0.458615,0.426398,0.379896,0.351111
0.597791,0.597791,0.601334,0.605982,0.610405,0.612759,0.602070,0.578523,0.514380,0.447364,0.423006,0.416209,0.429914,0.445454,0.463735,0.484958,0.501309,0.511686,0.516278,0.521801,0.525708,0.527720,0.525092,0.523045,0.521608,0.521940,0.522199,0.520452,0.514757,0.513570,0.515824,0.521436,0.523434,0.523052,0.519112,0.513887,0.509926,0.504526,0.497406,0.486319,0.483628,0.497262,0.527625,0.564980,0.588664,0.599485,0.599255,0.594572,0.589206,0.586931,0.595649,0.619458,0.649634,0.668961,0.643913,0.547084,0.506357,0.490908,0.481762,0.473400,0.454928,0.414037,0.347566,0.298530,0.287638
0.599418,0.599418,0.603560,0.609534,0.614150,0.614426,0.601715,0.576649,0.512917,0.448282,0.424380,0.418872,0.432067,0.446326,0.463465,0.484680,0.499980,0.509561,0.514901,0.521183,0.525825,0.527542,0.522799,0.519239,0.516923,0.517990,0.518205,0.517808,0.513878,0.513106,0.513885,0.515463,0.515833,0.515548,0.515236,0.512783,0.511202,0.504436,0.497137,0.484815,0.479340,0.490517,0.518149,0.555544,0.581761,0.596194,0.598391,0.594863,0.589559,0.586301,0.587665,0.604599,0.635475,0.665605,0.678550,0.610154,0.517740,0.498771,0.477004,0.454029,0.417911,0.337632,0.275083,0.253993,0.249084
0.600374,0.600374,0.600660,0.604640,0.607254,0.607201,0.597572,0.573866,0.511353,0.449164,0.425770,0.420289,0.432166,0.445791,0.461904,0.481974,0.497299,0.507379,0.512509,0.515441,0.519094,0.521954,0.520368,0.520383,0.521668,0.525254,0.531128,0.537200,0.538049,0.540012,0.540284,0.536502,0.528561,0.520725,0.513919,0.509514,0.507339,0.502608,0.496092,0.485473,0.478812,0.489283,0.512950,0.546736,0.575302,0.592473,0.595556,0.592821,0.587697,0.583334,0.581341,0.588092,0.612075,0.644774,0.674707,0.666985,0.563077,0.500704,0.466068,0.417290,0.338408,0.269631,0.252202,0.244030,0.240457
0.599184,0.599184,0.595954,0.594798,0.596160,0.598979,0.594239,0.573156,0.507495,0.440314,0.417305,0.412078,0.426710,0.442465,0.460119,0.479183,0.495460,0.502934,0.506827,0.509789,0.513958,0.518898,0.520225,0.522335,0.524737,0.531937,0.540878,0.552137,0.559308,0.565907,0.568711,0.566893,0.560351,0.548624,0.534153,0.520753,0.510315,0.500713,0.495411,0.486550,0.481874,0.490422,0.510309,0.539049,0.566450,0.583017,0.588717,0.589211,0.585617,0.581623,0.576728,0.576202,0.590461,0.622563,0.658738,0.683839,0.631045,0.508180,0.444252,0.349587,0.270414,0.246206,0.241958,0.238518,0.236209
0.597809,0.597809,0.586787,0.577127,0.577614,0.586996,0.590149,0.573203,0.503727,0.431428,0.406825,0.402080,0.419957,0.438387,0.456355,0.475060,0.490363,0.497300,0.501891,0.504174,0.506779,0.509090,0.511337,0.513730,0.520818,0.532787,0.548862,0.567266,0.582818,0.594998,0.603708,0.607860,0.600874,0.586497,0.566544,0.545777,0.523538,0.501762,0.487028,0.476649,0.475077,0.483647,0.503038,0.530251,0.557092,0.574507,0.581450,0.581772,0.578821,0.575412,0.571499,0.570955,0.580199,0.605188,0.640482,0.657506,0.651486,0.530761,0.380643,0.272992,0.245483,0.238687,0.238662,0.238067,0.236058
0.590558,0.590558,0.569376,0.552453,0.557128,0.576670,0.589236,0.575700,0.501148,0.421752,0.396627,0.391002,0.412383,0.431854,0.450326,0.467122,0.482062,0.489635,0.497170,0.499727,0.502772,0.503410,0.505440,0.510906,0.521860,0.535020,0.553304,0.575765,0.596707,0.618167,0.637612,0.650329,0.649911,0.640411,0.615108,0.581736,0.550545,0.517751,0.491138,0.472042,0.466719,0.478385,0.502315,0.532331,0.556587,0.568368,0.570636,0.570374,0.569356,0.568409,0.567254,0.568821,0.573275,0.589757,0.612614,0.622537,0.636097,0.505466,0.287140,0.246700,0.240670,0.239078,0.239983,0.241425,0.242371
0.576373,0.576373,0.541760,0.520054,0.532300,0.568277,0.588538,0.576019,0.497797,0.415394,0.389136,0.383822,0.405908,0.426008,0.442938,0.459389,0.475170,0.486396,0.495225,0.496921,0.497430,0.493636,0.497726,0.507118,0.522560,0.537195,0.557337,0.580111,0.605319,0.635671,0.665884,0.689658,0.697128,0.697009,0.682052,0.649374,0.596720,0.545503,0.505926,0.471642,0.453631,0.463369,0.494298,0.533034,0.557511,0.561558,0.555140,0.552354,0.553090,0.558227,0.564280,0.565967,0.568327,0.574392,0.581405,0.580581,0.559950,0.345429,0.235977,0.237487,0.238036,0.239638,0.243916,0.253573,0.268933
0.542342,0.542342,0.503988,0.490281,0.516371,0.570151,0.593399,0.581801,0.496512,0.407210,0.382105,0.379118,0.404184,0.424901,0.441911,0.455779,0.469783,0.480567,0.487565,0.487518,0.484487,0.479101,0.485739,0.496913,0.512924,0.530670,0.549527,0.570896,0.596060,0.626228,0.659372,0.694522,0.716201,0.730039,0.732266,0.720366,0.691469,0.611607,0.531341,0.476619,0.447155,0.449717,0.488489,0.538574,0.561412,0.554853,0.531196,0.521221,0.527786,0.545859,0.561667,0.567158,0.567935,0.561597,0.548138,0.519098,0.379443,0.250111,0.238184,0.238032,0.239395,0.244562,0.257563,0.289387,0.336436
0.478865,0.478865,0.454383,0.460248,0.504843,0.573203,0.594645,0.580494,0.490636,0.404723,0.380953,0.379242,0.404561,0.424155,0.440012,0.455616,0.470258,0.479197,0.482603,0.477544,0.472511,0.467424,0.475383,0.488647,0.508079,0.527605,0.546769,0.566784,0.588995,0.618386,0.651470,0.688135,0.717608,0.739497,0.749752,0.749778,0.744293,0.722206,0.610167,0.500847,0.453415,0.452664,0.484614,0.539456,0.563808,0.552498,0.503672,0.478160,0.490397,0.523257,0.552546,0.564618,0.562154,0.544471,0.508607,0.398042,0.271765,0.245835,0.239455,0.238505,0.243481,0.257758,0.294812,0.372265,0.442497
0.418261,0.418261,0.415092,0.438504,0.500693,0.574816,0.595988,0.581202,0.488219,0.401607,0.382776,0.383385,0.408721,0.427553,0.443383,0.460097,0.473399,0.480340,0.475521,0.467471,0.465372,0.470836,0.482148,0.499300,0.515364,0.531181,0.546491,0.564540,0.587052,0.616689,0.653018,0.693507,0.723536,0.743898,0.757178,0.762098,0.763161,0.758676,0.738113,0.593318,0.476367,0.472156,0.496074,0.542202,0.566167,0.552423,0.474564,0.422411,0.433805,0.485238,0.536294,0.557622,0.549621,0.518194,0.428422,0.290817,0.247514,0.240899,0.239079,0.243171,0.255534,0.291496,0.381067,0.490371,0.533312
0.377397,0.377397,0.388338,0.424030,0.498043,0.573877,0.593486,0.578104,0.483642,0.398751,0.380378,0.384540,0.409154,0.428920,0.446868,0.468193,0.479657,0.481788,0.470676,0.461244,0.460713,0.470850,0.484893,0.502746,0.516078,0.530911,0.547027,0.567741,0.590755,0.620324,0.656301,0.691485,0.720252,0.742844,0.755416,0.762163,0.767778,0.763754,0.761411,0.736969,0.564892,0.487548,0.510327,0.542745,0.563483,0.554534,0.459227,0.381667,0.386526,0.460994,0.546240,0.570610,0.555193,0.490021,0.338534,0.253184,0.241947,0.240506,0.241335,0.249846,0.279335,0.362606,0.487341,0.554792,0.579997
0.356383,0.356383,0.374863,0.417092,0.497509,0.572879,0.592894,0.578216,0.483199,0.395961,0.376190,0.381702,0.407689,0.427884,0.448815,0.474074,0.484819,0.484059,0.467244,0.456855,0.457643,0.473356,0.489769,0.505028,0.517987,0.534157,0.554144,0.576421,0.602194,0.634582,0.666153,0.694652,0.718751,0.740047,0.750590,0.757838,0.765536,0.765229,0.761572,0.764442,0.706678,0.540941,0.529086,0.551662,0.563634,0.555815,0.454992,0.373611,0.369267,0.470540,0.579549,0.605445,0.582617,0.459267,0.287681,0.246501,0.239883,0.240739,0.245649,0.264947,0.334052,0.466064,0.548436,0.584141,0.601136
0.361737,0.361737,0.379514,0.423841,0.501034,0.572283,0.590656,0.574661,0.479707,0.396863,0.376675,0.381427,0.406407,0.426603,0.452171,0.481550,0.495491,0.492968,0.471560,0.457719,0.461912,0.480268,0.496756,0.510125,0.523743,0.540192,0.560601,0.587285,0.616245,0.646031,0.672570,0.692598,0.708474,0.727753,0.739118,0.746970,0.755681,0.758514,0.757253,0.755547,0.754934,0.644615,0.559845,0.567286,0.567135,0.550980,0.473121,0.413907,0.407839,0.532322,0.640462,0.653809,0.627409,0.431361,0.264576,0.243340,0.237602,0.240299,0.252184,0.298296,0.428866,0.530990,0.573481,0.594903,0.606083
0.385966,0.385966,0.399231,0.437390,0.505846,0.572032,0.590931,0.575861,0.483755,0.399780,0.379593,0.385281,0.407679,0.426422,0.453833,0.488166,0.505627,0.500495,0.471594,0.454729,0.459679,0.480094,0.498427,0.512917,0.528060,0.544940,0.570229,0.599766,0.625642,0.652619,0.673206,0.685821,0.696062,0.714399,0.726188,0.735030,0.743286,0.745278,0.748261,0.749325,0.747242,0.707769,0.621028,0.591507,0.583624,0.569730,0.526771,0.477511,0.540385,0.657563,0.702893,0.700605,0.671264,0.428261,0.256136,0.240783,0.237117,0.243610,0.268900,0.376289,0.512288,0.566224,0.587886,0.597547,0.602535
0.404113,0.404113,0.414819,0.450640,0.511891,0.575122,0.593876,0.581138,0.490082,0.403845,0.381506,0.385388,0.406298,0.421597,0.452810,0.490731,0.517653,0.511338,0.480395,0.459035,0.462221,0.478292,0.497244,0.513066,0.529925,0.553115,0.580809,0.608862,0.631635,0.655781,0.667888,0.670689,0.679214,0.696081,0.707183,0.715755,0.725429,0.726294,0.729610,0.736511,0.733412,0.714876,0.672092,0.632890,0.610919,0.601683,0.589157,0.604028,0.664299,0.708538,0.740481,0.733836,0.694760,0.423204,0.245978,0.239310,0.238095,0.252683,0.318991,0.468817,0.555397,0.582589,0.593317,0.596643,0.596920
0.411947,0.411947,0.423269,0.458392,0.516976,0.577557,0.598162,0.588168,0.499878,0.412516,0.389065,0.389083,0.405629,0.418581,0.453415,0.497995,0.531777,0.525734,0.488467,0.463533,0.465156,0.481181,0.501291,0.518542,0.538389,0.561153,0.583899,0.608878,0.629260,0.648672,0.655470,0.660001,0.664478,0.676116,0.686110,0.696688,0.706481,0.710966,0.711911,0.715651,0.714328,0.706435,0.690566,0.672385,0.651677,0.648580,0.655724,0.682315,0.706871,0.730234,0.750743,0.726988,0.665294,0.398873,0.240261,0.239109,0.242475,0.275626,0.399193,0.527927,0.572927,0.588588,0.594433,0.594734,0.595505
0.413644,0.413644,0.427277,0.463911,0.520531,0.580714,0.602045,0.590296,0.502105,0.415418,0.390008,0.389897,0.403945,0.416522,0.453081,0.501032,0.544734,0.541838,0.503531,0.474896,0.473660,0.487444,0.507712,0.528146,0.546024,0.564459,0.583020,0.603017,0.619427,0.634098,0.640693,0.644295,0.646894,0.653518,0.664768,0.672889,0.681698,0.687136,0.688137,0.690406,0.696681,0.703276,0.702584,0.702119,0.697628,0.700350,0.709760,0.723943,0.728819,0.734726,0.724744,0.693151,0.608523,0.344065,0.237149,0.241170,0.257610,0.343532,0.488668,0.560277,0.583781,0.594400,0.595031,0.593666,0.595102
0.411542,0.411542,0.426033,0.463410,0.522517,0.581685,0.603066,0.592665,0.504898,0.413185,0.384767,0.380545,0.392232,0.406541,0.445853,0.503417,0.559601,0.562748,0.526723,0.492406,0.484711,0.494450,0.514676,0.531552,0.544387,0.559724,0.574044,0.588238,0.599923,0.610884,0.615802,0.621040,0.625654,0.630591,0.637007,0.643485,0.648054,0.657593,0.665391,0.671595,0.682288,0.696928,0.702807,0.712985,0.724378,0.734334,0.739170,0.738382,0.722619,0.708170,0.667531,0.647255,0.519979,0.282096,0.239134,0.248411,0.295942,0.431121,0.535262,0.573479,0.588108,0.592433,0.593267,0.593678,0.594797
0.407744,0.407744,0.423158,0.463903,0.525229,0.583409,0.605425,0.596150,0.510441,0.415677,0.385707,0.378679,0.389451,0.404591,0.444723,0.507549,0.574429,0.581795,0.548403,0.509055,0.496049,0.502833,0.519704,0.531952,0.543216,0.553968,0.564267,0.571256,0.575761,0.580841,0.583491,0.586371,0.588517,0.586375,0.585490,0.589489,0.598495,0.615858,0.639544,0.663381,0.682499,0.700545,0.708297,0.720457,0.734379,0.740415,0.734103,0.716319,0.679829,0.644781,0.603340,0.586876,0.406953,0.245149,0.241833,0.261947,0.366278,0.505554,0.566003,0.585270,0.590348,0.590012,0.591728,0.595137,0.597931
0.405584,0.405584,0.424181,0.463558,0.526059,0.582637,0.603398,0.594659,0.513273,0.415509,0.382045,0.374019,0.385289,0.401526,0.441716,0.510336,0.585497,0.594579,0.560718,0.518598,0.501917,0.504492,0.516622,0.526676,0.534720,0.542548,0.547049,0.544468,0.535267,0.530488,0.530145,0.535627,0.535956,0.529142,0.522494,0.529686,0.551468,0.589287,0.632462,0.671947,0.695825,0.713021,0.716468,0.723495,0.724553,0.717439,0.694236,0.661652,0.618643,0.581799,0.550120,0.487165,0.301134,0.243809,0.251139,0.301657,0.449910,0.548684,0.583040,0.593683,0.593206,0.590296,0.590237,0.591935,0.596278
0.413598,0.413598,0.431555,0.467058,0.527930,0.584621,0.605478,0.597285,0.511401,0.409977,0.377856,0.372268,0.384711,0.398020,0.436042,0.504753,0.589180,0.604158,0.573531,0.529756,0.507087,0.503484,0.512948,0.519408,0.525114,0.526994,0.519387,0.498465,0.469633,0.454014,0.454860,0.464718,0.466136,0.455490,0.453758,0.471666,0.519154,0.581284,0.636351,0.680637,0.706433,0.717547,0.708095,0.697191,0.683831,0.665559,0.645574,0.613261,0.573069,0.537921,0.498046,0.361122,0.260418,0.248806,0.266961,0.370313,0.519487,0.576837,0.597415,0.601185,0.596712,0.591326,0.588337,0.588291,0.591634
0.420291,0.420291,0.435138,0.468372,0.526881,0.582465,0.603910,0.598200,0.512165,0.406727,0.377690,0.372062,0.387303,0.399798,0.437384,0.501073,0.588404,0.611675,0.584064,0.535086,0.509284,0.501909,0.507508,0.510022,0.508654,0.498395,0.472881,0.428869,0.388216,0.372529,0.375619,0.388431,0.396091,0.401440,0.415822,0.455856,0.531851,0.598778,0.644815,0.682109,0.705481,0.703644,0.681680,0.656159,0.629849,0.608722,0.591638,0.571012,0.538514,0.499605,0.379564,0.280101,0.254767,0.258170,0.299498,0.440179,0.555100,0.591910,0.606637,0.606163,0.600008,0.592133,0.589320,0.590842,0.593438
0.426623,0.426623,0.437272,0.468637,0.524870,0.580909,0.604196,0.598755,0.511588,0.407521,0.382409,0.379242,0.397088,0.408717,0.442111,0.495066,0.573134,0.610046,0.591307,0.536639,0.509306,0.495196,0.497489,0.493931,0.483874,0.456365,0.412928,0.358441,0.321890,0.309689,0.317496,0.329409,0.347748,0.364763,0.395390,0.492002,0.581226,0.623720,0.651221,0.681753,0.701013,0.685215,0.653984,0.603528,0.566842,0.553045,0.548074,0.530248,0.498274,0.384852,0.282539,0.259251,0.251188,0.269444,0.350154,0.495529,0.575549,0.602675,0.615379,0.612370,0.605734,0.599461,0.595030,0.593359,0.594118
0.424981,0.424981,0.434563,0.462753,0.519253,0.578614,0.601619,0.595603,0.507570,0.405083,0.381225,0.377905,0.399822,0.412390,0.439900,0.486873,0.555355,0.601727,0.591217,0.538684,0.505998,0.484653,0.478613,0.460190,0.433317,0.384322,0.339844,0.307078,0.289815,0.279289,0.287143,0.306918,0.341894,0.395183,0.490943,0.576411,0.617690,0.641149,0.663202,0.681844,0.697498,0.677183,0.636130,0.552471,0.511583,0.497191,0.494973,0.490238,0.388969,0.278024,0.253346,0.247404,0.251367,0.292761,0.411398,0.533729,0.586226,0.607079,0.616102,0.613890,0.609953,0.605877,0.600495,0.595930,0.595392
0.425739,0.425739,0.433333,0.458621,0.514740,0.578636,0.602642,0.598521,0.511383,0.407799,0.384253,0.379714,0.403322,0.418872,0.435656,0.476719,0.535227,0.584532,0.584790,0.538315,0.498757,0.466716,0.451474,0.412061,0.364565,0.313242,0.290064,0.275880,0.274718,0.273123,0.286848,0.317659,0.382744,0.487139,0.566339,0.611410,0.633207,0.651431,0.663120,0.676128,0.698041,0.682779,0.650310,0.535789,0.455625,0.458486,0.457321,0.406316,0.298280,0.259615,0.246811,0.243930,0.255708,0.319356,0.457540,0.552103,0.589730,0.605710,0.611005,0.610410,0.607323,0.604209,0.600059,0.597012,0.595314
0.420321,0.420321,0.424559,0.449592,0.505366,0.573597,0.600347,0.597392,0.516175,0.416019,0.392033,0.389467,0.413347,0.429060,0.439348,0.475565,0.522060,0.561702,0.564804,0.527236,0.483091,0.440641,0.408535,0.345826,0.301717,0.273497,0.267388,0.266340,0.272396,0.281553,0.300875,0.362175,0.482094,0.563718,0.604359,0.626696,0.639796,0.651143,0.661859,0.682063,0.708832,0.705905,0.680098,0.559815,0.435334,0.428046,0.397986,0.335777,0.275038,0.252087,0.243330,0.245227,0.269265,0.365713,0.506805,0.570336,0.594761,0.603888,0.604724,0.602314,0.601430,0.599021,0.597439,0.595192,0.593846
0.419066,0.419066,0.420466,0.446342,0.501510,0.572651,0.601693,0.598957,0.519965,0.421686,0.398632,0.396050,0.416783,0.430940,0.442925,0.472420,0.509411,0.534793,0.538635,0.507293,0.462160,0.406650,0.350719,0.293138,0.270808,0.256443,0.256670,0.262385,0.276551,0.298420,0.344573,0.467188,0.563472,0.595435,0.611143,0.620694,0.627312,0.641217,0.663512,0.693931,0.722354,0.729772,0.706213,0.602577,0.426615,0.388260,0.358800,0.313622,0.275140,0.253585,0.244377,0.252537,0.294956,0.431473,0.542255,0.580457,0.595509,0.599242,0.598838,0.597010,0.594132,0.592186,0.589620,0.587187,0.586164
0.411047,0.411047,0.414620,0.440974,0.498650,0.572818,0.602908,0.600219,0.520746,0.426876,0.405126,0.400335,0.415425,0.429030,0.443641,0.470851,0.498285,0.509746,0.503506,0.470806,0.427340,0.360050,0.305175,0.269534,0.256004,0.248691,0.250551,0.264261,0.287091,0.336686,0.456892,0.558275,0.596058,0.603172,0.600007,0.594786,0.598022,0.617308,0.646688,0.687338,0.718205,0.723803,0.687604,0.604931,0.421429,0.361050,0.342171,0.313113,0.282136,0.258000,0.249762,0.268289,0.345309,0.491674,0.564705,0.591126,0.600106,0.599637,0.597093,0.593419,0.590817,0.587520,0.585531,0.583204,0.582531
0.412470,0.412470,0.415951,0.439600,0.497382,0.572950,0.604553,0.602815,0.523970,0.431376,0.408531,0.400408,0.416813,0.433424,0.456074,0.480894,0.496809,0.488874,0.467064,0.428296,0.375936,0.317402,0.284720,0.264045,0.254274,0.248527,0.249914,0.267104,0.300164,0.424705,0.549218,0.585193,0.589752,0.574120,0.547231,0.543046,0.557499,0.589547,0.625642,0.665221,0.686760,0.692252,0.654557,0.556305,0.382899,0.335107,0.331106,0.319008,0.288556,0.262574,0.256260,0.290123,0.401532,0.527816,0.575797,0.594858,0.600046,0.599685,0.594687,0.590669,0.586468,0.581303,0.577393,0.575457,0.573693
0.405302,0.405302,0.407927,0.434189,0.493266,0.571318,0.603877,0.602678,0.524032,0.432830,0.407363,0.395846,0.413676,0.435968,0.468895,0.492003,0.491618,0.459183,0.414442,0.372423,0.333722,0.302136,0.279738,0.264241,0.252040,0.249607,0.252478,0.273984,0.360704,0.519356,0.580959,0.584658,0.556514,0.512121,0.488382,0.501316,0.523179,0.564892,0.604066,0.635450,0.647640,0.646078,0.570578,0.415667,0.333705,0.317091,0.323454,0.323181,0.291875,0.263175,0.263635,0.318750,0.451074,0.549141,0.582523,0.596172,0.599127,0.596935,0.593003,0.588833,0.583433,0.575888,0.569680,0.566036,0.563775
0.401515,0.401515,0.402420,0.428012,0.486611,0.568894,0.604893,0.604743,0.528273,0.434687,0.406996,0.393078,0.412491,0.437487,0.472483,0.488041,0.472976,0.418183,0.359700,0.337079,0.320982,0.306807,0.281580,0.262994,0.248168,0.249224,0.257457,0.306504,0.470769,0.571958,0.589282,0.565050,0.496853,0.466192,0.459587,0.482412,0.509074,0.549475,0.589103,0.616092,0.616488,0.570349,0.468559,0.353822,0.310548,0.306208,0.322622,0.334978,0.297150,0.267539,0.273564,0.352695,0.491428,0.561831,0.585674,0.592966,0.594336,0.592054,0.589896,0.586839,0.581286,0.573553,0.569382,0.568639,0.570009
0.388390,0.388390,0.387691,0.412494,0.471169,0.563924,0.604948,0.607366,0.533583,0.438219,0.411628,0.400502,0.419459,0.440615,0.461691,0.466570,0.424604,0.359839,0.324932,0.323879,0.320214,0.317071,0.282606,0.258234,0.244421,0.248022,0.269355,0.392131,0.546705,0.585831,0.580611,0.537924,0.484671,0.470081,0.472763,0.499380,0.513948,0.542143,0.578401,0.605719,0.598960,0.532330,0.441995,0.346155,0.300339,0.300593,0.327481,0.345153,0.303744,0.278321,0.286796,0.393067,0.520493,0.570905,0.588201,0.590132,0.589002,0.584772,0.581413,0.579260,0.577789,0.576347,0.578641,0.584383,0.588985
0.376747,0.376747,0.372086,0.395575,0.455886,0.559146,0.605305,0.610175,0.538251,0.444053,0.422090,0.413430,0.432695,0.446128,0.451217,0.431181,0.367562,0.323235,0.306657,0.312937,0.319636,0.323239,0.286812,0.254820,0.244455,0.251077,0.317066,0.485302,0.565848,0.572730,0.556909,0.530864,0.504477,0.501675,0.524533,0.541148,0.541249,0.553735,0.578499,0.603607,0.600109,0.536581,0.447399,0.357119,0.307454,0.310602,0.331538,0.350639,0.302662,0.282637,0.303675,0.439553,0.543458,0.576166,0.584551,0.581553,0.578793,0.574146,0.573173,0.574625,0.580528,0.588608,0.600741,0.612381,0.618750
0.359015,0.359015,0.349811,0.375028,0.435546,0.549245,0.601441,0.609356,0.538899,0.446086,0.427148,0.417964,0.432151,0.431774,0.407456,0.370633,0.330886,0.308099,0.291522,0.298454,0.312638,0.318233,0.288666,0.255337,0.248938,0.270440,0.402896,0.526750,0.549831,0.543314,0.541292,0.543646,0.550019,0.565430,0.578370,0.581524,0.569259,0.567376,0.582865,0.607700,0.611673,0.571050,0.495950,0.400949,0.332648,0.326285,0.334250,0.351801,0.303283,0.297035,0.336509,0.482116,0.558092,0.580434,0.581571,0.575778,0.569694,0.565243,0.567500,0.577426,0.592173,0.614633,0.641655,0.659956,0.668063
0.336756,0.336756,0.326937,0.352948,0.418800,0.547516,0.601091,0.608620,0.538580,0.454649,0.438290,0.434955,0.439572,0.413742,0.373114,0.351253,0.327701,0.304755,0.284551,0.282911,0.300602,0.312581,0.301012,0.271011,0.268248,0.326727,0.469406,0.521061,0.503553,0.506236,0.528165,0.557934,0.583318,0.599830,0.604548,0.596919,0.576899,0.567290,0.581532,0.610011,0.622562,0.599167,0.534116,0.439975,0.349493,0.337058,0.334775,0.349839,0.309002,0.317148,0.381298,0.523156,0.573295,0.586400,0.580328,0.572026,0.565208,0.563980,0.571227,0.589772,0.618270,0.657480,0.692265,0.712272,0.723037
0.322390,0.322390,0.312653,0.338936,0.408150,0.546874,0.602101,0.608379,0.537561,0.453096,0.437845,0.434435,0.425278,0.386031,0.358029,0.346448,0.328043,0.300032,0.275322,0.266031,0.284550,0.304846,0.313739,0.298690,0.310310,0.399565,0.494032,0.466673,0.449104,0.471635,0.515275,0.560701,0.590600,0.608578,0.611357,0.597893,0.572339,0.558784,0.573875,0.605387,0.624948,0.607498,0.547393,0.451888,0.348043,0.333441,0.325014,0.344425,0.321597,0.340857,0.425821,0.545461,0.578249,0.585421,0.576014,0.567112,0.560489,0.564421,0.577866,0.609185,0.651475,0.700557,0.728097,0.744381,0.750683
0.315106,0.315106,0.307483,0.334035,0.408085,0.550475,0.604294,0.610273,0.537231,0.453776,0.434919,0.422894,0.406479,0.374769,0.361226,0.356615,0.339949,0.303250,0.266844,0.253014,0.271931,0.297187,0.319819,0.328267,0.371307,0.448992,0.456707,0.395396,0.399841,0.444521,0.506312,0.555086,0.587147,0.606379,0.610541,0.595789,0.565427,0.543304,0.556593,0.588631,0.615847,0.604658,0.545832,0.437569,0.324993,0.313937,0.311980,0.340480,0.340455,0.376945,0.471119,0.558835,0.580619,0.581896,0.573114,0.568073,0.565650,0.575515,0.597702,0.641868,0.689275,0.731275,0.750416,0.759333,0.761873
0.311902,0.311902,0.307849,0.333937,0.416047,0.553451,0.603528,0.609866,0.535516,0.450095,0.423499,0.403730,0.386320,0.360609,0.352186,0.357286,0.350651,0.319481,0.278607,0.261111,0.277337,0.309462,0.336072,0.371929,0.425710,0.443880,0.373600,0.343498,0.374201,0.437579,0.505752,0.550531,0.579994,0.598318,0.602330,0.589359,0.562205,0.544189,0.558269,0.587269,0.609966,0.598136,0.527205,0.399716,0.294430,0.293362,0.307577,0.346274,0.372764,0.430995,0.512056,0.567837,0.582873,0.580060,0.574698,0.571250,0.571966,0.588105,0.621380,0.672434,0.718866,0.751070,0.761669,0.765708,0.768034
0.308303,0.308303,0.308354,0.343140,0.435547,0.562787,0.606699,0.612724,0.537633,0.447510,0.417074,0.397113,0.377461,0.353358,0.344981,0.357431,0.358564,0.342139,0.303050,0.289405,0.300485,0.334686,0.373373,0.417672,0.441759,0.381068,0.305494,0.312093,0.358135,0.431646,0.499395,0.540184,0.568175,0.585895,0.590324,0.581762,0.564370,0.555003,0.568917,0.591884,0.604025,0.584543,0.487337,0.343515,0.271602,0.278046,0.301733,0.350908,0.401226,0.472570,0.539000,0.573666,0.582954,0.577832,0.571933,0.568894,0.575219,0.600591,0.645031,0.699110,0.741537,0.761986,0.766209,0.766786,0.767908
0.305610,0.305610,0.309814,0.348764,0.444610,0.564081,0.606932,0.613860,0.540281,0.443593,0.409686,0.385352,0.360066,0.334059,0.325499,0.344365,0.360341,0.362930,0.340776,0.337649,0.343818,0.378035,0.423167,0.435574,0.388531,0.305294,0.277978,0.299499,0.358413,0.432245,0.494839,0.532118,0.556739,0.569792,0.573483,0.567696,0.557582,0.557126,0.572642,0.589352,0.590091,0.554673,0.424504,0.297994,0.262152,0.271529,0.300346,0.357447,0.428529,0.501936,0.553589,0.574190,0.578631,0.572748,0.567759,0.566851,0.580660,0.612121,0.664058,0.718825,0.755295,0.768066,0.771450,0.770615,0.769002
0.289794,0.289794,0.304609,0.350759,0.455288,0.567526,0.607498,0.613176,0.544458,0.450769,0.411967,0.381262,0.347219,0.320933,0.312685,0.343686,0.368699,0.382952,0.378284,0.379560,0.401500,0.442294,0.457088,0.402093,0.312667,0.263647,0.260881,0.283532,0.345058,0.415800,0.479406,0.521856,0.547117,0.557805,0.559656,0.554378,0.552214,0.560381,0.576614,0.584236,0.572244,0.504371,0.349765,0.270013,0.254616,0.265893,0.297548,0.360279,0.454568,0.528108,0.567670,0.579168,0.579915,0.572331,0.567680,0.566959,0.584565,0.620649,0.678526,0.731541,0.762931,0.771455,0.773658,0.773678,0.773219
0.269160,0.269160,0.287834,0.339103,0.454068,0.568052,0.608873,0.615556,0.546468,0.449609,0.410932,0.371747,0.331138,0.306756,0.308048,0.347551,0.380606,0.400906,0.410047,0.436461,0.478088,0.490087,0.445425,0.331347,0.264577,0.249574,0.257323,0.281076,0.337618,0.399385,0.464917,0.508534,0.536602,0.545981,0.546135,0.542425,0.547140,0.562657,0.577888,0.577289,0.547938,0.431378,0.287322,0.256064,0.255411,0.269221,0.303896,0.365896,0.471365,0.542339,0.574479,0.581975,0.579758,0.571533,0.564925,0.562676,0.582693,0.624304,0.688662,0.742843,0.771065,0.775915,0.776739,0.776860,0.775565
0.253891,0.253891,0.273083,0.330197,0.454390,0.571023,0.610756,0.617214,0.547951,0.450079,0.406175,0.359000,0.312646,0.297229,0.310930,0.354768,0.391662,0.411303,0.430843,0.471890,0.499622,0.483541,0.385165,0.272040,0.249313,0.244709,0.252769,0.273252,0.315197,0.369711,0.433602,0.481459,0.517857,0.532996,0.537106,0.537642,0.547224,0.563249,0.571189,0.558752,0.497703,0.345940,0.259440,0.250480,0.257828,0.272348,0.307461,0.369871,0.483337,0.551334,0.579185,0.581399,0.577114,0.569153,0.562230,0.560550,0.583368,0.629393,0.695979,0.748843,0.774301,0.776039,0.777082,0.777193,0.775914
0.243215,0.243215,0.262191,0.324749,0.457036,0.571154,0.609869,0.616401,0.547597,0.445174,0.394198,0.333862,0.291653,0.283342,0.306482,0.357539,0.394593,0.423954,0.451469,0.485408,0.487956,0.434811,0.299034,0.249279,0.241815,0.241979,0.249279,0.263223,0.293571,0.334715,0.391946,0.441338,0.488963,0.516585,0.534052,0.542859,0.554434,0.564299,0.559756,0.528859,0.424626,0.288664,0.250704,0.250858,0.263613,0.279145,0.315907,0.379638,0.496019,0.559690,0.582381,0.581912,0.576020,0.568131,0.559562,0.560204,0.586402,0.640184,0.707874,0.757174,0.777825,0.776486,0.773439,0.769742,0.763683
0.238446,0.238446,0.257840,0.326384,0.461750,0.571252,0.608485,0.610649,0.548533,0.447136,0.384519,0.318796,0.280888,0.278112,0.305077,0.358748,0.399000,0.435193,0.458254,0.474983,0.455164,0.366459,0.267717,0.247845,0.240295,0.242653,0.245283,0.254794,0.274226,0.301516,0.349988,0.402505,0.460141,0.501203,0.532413,0.552519,0.570066,0.580084,0.571159,0.521452,0.381072,0.273007,0.251054,0.253464,0.270095,0.286963,0.328719,0.392599,0.500643,0.554431,0.577051,0.575794,0.572698,0.566694,0.558309,0.561137,0.590526,0.649930,0.717931,0.762180,0.776355,0.766344,0.756278,0.744204,0.708018
0.241325,0.241325,0.261281,0.326375,0.454096,0.565248,0.604298,0.608689,0.551254,0.442561,0.368895,0.299432,0.267974,0.269377,0.297913,0.353795,0.401160,0.441175,0.460917,0.465652,0.416642,0.335126,0.269792,0.250498,0.243426,0.244080,0.246232,0.251684,0.263093,0.280615,0.321792,0.376921,0.446575,0.498943,0.536406,0.560604,0.580769,0.591134,0.584421,0.542455,0.421222,0.317112,0.276922,0.269521,0.282817,0.298902,0.344117,0.403159,0.491939,0.536496,0.558661,0.557037,0.556966,0.552818,0.543829,0.552323,0.586301,0.653512,0.721981,0.763237,0.766575,0.756694,0.732249,0.657407,0.584254
0.273555,0.273555,0.291337,0.342732,0.445931,0.557978,0.600683,0.604976,0.556960,0.452972,0.355905,0.286428,0.261524,0.264802,0.294091,0.344589,0.390278,0.430112,0.452065,0.447564,0.399775,0.338467,0.280119,0.255822,0.245707,0.242086,0.243493,0.245937,0.252902,0.266037,0.302260,0.364031,0.441113,0.497809,0.535603,0.562652,0.586595,0.603317,0.605701,0.585797,0.499309,0.388346,0.334610,0.319789,0.313627,0.311232,0.349607,0.409903,0.494623,0.531353,0.547580,0.540852,0.537449,0.531284,0.523767,0.538988,0.578934,0.650921,0.715861,0.749933,0.751443,0.716267,0.583674,0.432497,0.404342
0.336173,0.336173,0.336686,0.367746,0.439384,0.547336,0.596688,0.604503,0.569084,0.463523,0.342530,0.274530,0.257145,0.263768,0.288844,0.326121,0.368072,0.408658,0.430970,0.433831,0.407175,0.360798,0.301991,0.265420,0.250229,0.242947,0.242841,0.244407,0.250327,0.263454,0.299870,0.368472,0.442657,0.499414,0.535495,0.560421,0.584166,0.605834,0.619703,0.627505,0.631181,0.580299,0.440079,0.358329,0.354907,0.333570,0.352727,0.406337,0.494504,0.531920,0.544446,0.535023,0.527254,0.517523,0.507041,0.527672,0.571682,0.653353,0.705902,0.735634,0.714258,0.569727,0.400990,0.370140,0.376268
0.406016,0.406016,0.387821,0.402883,0.447078,0.543771,0.599350,0.607558,0.577111,0.463647,0.320912,0.261260,0.254943,0.264932,0.286464,0.309808,0.341728,0.374186,0.404971,0.426488,0.423007,0.392982,0.337343,0.282761,0.255208,0.244510,0.241925,0.245447,0.253021,0.273891,0.317505,0.390787,0.458944,0.512459,0.540150,0.558841,0.578914,0.605038,0.627975,0.645049,0.659511,0.682746,0.671777,0.520205,0.379943,0.363320,0.371212,0.407783,0.496853,0.535431,0.544365,0.532299,0.520948,0.509783,0.502183,0.527383,0.578031,0.657659,0.695771,0.708092,0.593751,0.432643,0.369259,0.353092,0.339967
0.438046,0.438046,0.416193,0.432996,0.456992,0.538710,0.600346,0.609196,0.579338,0.449521,0.299225,0.254675,0.253073,0.261998,0.276997,0.289631,0.311989,0.336168,0.379599,0.417658,0.432990,0.417781,0.365890,0.302738,0.261002,0.247768,0.242965,0.248726,0.260247,0.293295,0.340917,0.415670,0.477949,0.525790,0.546957,0.560336,0.577255,0.603424,0.631930,0.660353,0.683051,0.699361,0.715113,0.714593,0.542783,0.385454,0.383850,0.421739,0.507882,0.547951,0.554970,0.540694,0.523215,0.511557,0.509766,0.543525,0.602574,0.669629,0.689284,0.646573,0.485992,0.403407,0.381920,0.374711,0.370034
0.438659,0.438659,0.432790,0.459676,0.478163,0.541962,0.604276,0.612347,0.578592,0.435119,0.288172,0.254228,0.252713,0.260728,0.268562,0.268923,0.278151,0.301254,0.352561,0.401864,0.437052,0.436762,0.386643,0.323224,0.267129,0.247684,0.241866,0.251573,0.273426,0.318637,0.365837,0.430797,0.484797,0.529404,0.548377,0.560341,0.574755,0.597804,0.620954,0.650913,0.684954,0.713568,0.731320,0.757339,0.722709,0.485087,0.384464,0.446606,0.524514,0.561688,0.568196,0.554604,0.536795,0.531740,0.541118,0.583683,0.650484,0.691027,0.686065,0.576366,0.440870,0.411445,0.399001,0.398649,0.401292
0.393924,0.393924,0.425124,0.471729,0.493806,0.544756,0.603513,0.612016,0.576222,0.425237,0.283563,0.251607,0.248413,0.256708,0.262608,0.256348,0.259325,0.275277,0.325181,0.384617,0.429919,0.439709,0.397892,0.339688,0.280567,0.254293,0.246496,0.260266,0.291696,0.347485,0.392429,0.447879,0.496347,0.537115,0.552312,0.561048,0.571488,0.588678,0.606774,0.630788,0.662453,0.702762,0.733520,0.751554,0.774510,0.608582,0.410617,0.476677,0.528968,0.559613,0.566840,0.556662,0.545077,0.552605,0.575893,0.635856,0.691715,0.702964,0.656988,0.515227,0.432630,0.417863,0.409120,0.410658,0.410738
0.343096,0.343096,0.415324,0.482342,0.505342,0.550980,0.603772,0.615082,0.575167,0.417109,0.281246,0.248798,0.246369,0.253692,0.256252,0.250497,0.251777,0.266013,0.311556,0.374177,0.417337,0.429359,0.392271,0.336115,0.284457,0.258238,0.251960,0.273776,0.319245,0.379774,0.419486,0.466081,0.507045,0.541256,0.551445,0.558380,0.566661,0.581791,0.599227,0.620501,0.649213,0.687577,0.724863,0.747461,0.768600,0.698939,0.491864,0.510681,0.538992,0.559049,0.562476,0.553259,0.545789,0.562763,0.600824,0.670499,0.706040,0.702587,0.606009,0.473543,0.429033,0.412393,0.407596,0.405423,0.405033
0.311031,0.311031,0.399476,0.480675,0.505780,0.550440,0.599722,0.612183,0.578137,0.426524,0.286451,0.252178,0.248429,0.254250,0.256310,0.249145,0.246769,0.260108,0.298569,0.354508,0.398347,0.406091,0.371983,0.322971,0.283617,0.260180,0.259231,0.294176,0.350899,0.407035,0.441989,0.481739,0.515635,0.542261,0.548492,0.552742,0.560482,0.575462,0.593260,0.613354,0.640766,0.679164,0.716365,0.747283,0.757215,0.737912,0.574760,0.526940,0.538764,0.547723,0.552911,0.549057,0.546094,0.568499,0.613581,0.679033,0.695507,0.674935,0.547472,0.443155,0.413253,0.398680,0.396217,0.392853,0.389058
0.293086,0.293086,0.390868,0.482426,0.509612,0.554028,0.596481,0.609579,0.579260,0.424087,0.281181,0.249694,0.245474,0.251258,0.252184,0.246345,0.243669,0.255851,0.289112,0.341378,0.380150,0.377178,0.340527,0.297453,0.266824,0.254757,0.268853,0.322278,0.378579,0.422801,0.453778,0.490203,0.523159,0.544617,0.547569,0.549405,0.555812,0.570320,0.587961,0.606135,0.631406,0.667112,0.705571,0.742729,0.754514,0.747411,0.636231,0.534899,0.525983,0.514159,0.512606,0.517125,0.527278,0.561679,0.613984,0.669852,0.679599,0.630947,0.489764,0.419691,0.398402,0.391210,0.388116,0.376422,0.367288
0.297786,0.297786,0.391673,0.487412,0.513751,0.555167,0.593209,0.605962,0.576576,0.422338,0.278633,0.247360,0.244053,0.249316,0.248850,0.245032,0.241724,0.251704,0.282832,0.329665,0.356700,0.345226,0.314803,0.273537,0.254690,0.256410,0.289218,0.348859,0.396003,0.430920,0.462780,0.501843,0.532615,0.548121,0.550460,0.551127,0.554838,0.565977,0.580929,0.596473,0.618162,0.650022,0.689424,0.731759,0.753418,0.747834,0.686932,0.554069,0.501761,0.479352,0.461817,0.469523,0.490874,0.543476,0.602935,0.644947,0.657685,0.570770,0.431748,0.391325,0.380967,0.382227,0.374488,0.354050,0.340924
0.321058,0.321058,0.408589,0.501949,0.526346,0.561145,0.593895,0.605947,0.575476,0.416135,0.273169,0.245132,0.242512,0.246593,0.246264,0.244636,0.242956,0.253288,0.282029,0.322987,0.343983,0.325208,0.287347,0.252837,0.244253,0.258201,0.306891,0.365747,0.407351,0.442247,0.479141,0.515339,0.538354,0.547517,0.548774,0.548703,0.550808,0.560142,0.573861,0.588163,0.607372,0.635908,0.674992,0.719927,0.749941,0.752829,0.723085,0.582294,0.477217,0.452026,0.419477,0.427608,0.454212,0.523496,0.593225,0.622541,0.619835,0.487441,0.381847,0.365378,0.369314,0.372846,0.362349,0.340406,0.321338
0.337657,0.337657,0.419093,0.505460,0.533947,0.566858,0.595486,0.607052,0.566934,0.398916,0.267276,0.244502,0.242553,0.247311,0.248723,0.247861,0.247799,0.255656,0.279999,0.314475,0.337164,0.309729,0.266154,0.241806,0.239542,0.262591,0.320006,0.374846,0.419683,0.459866,0.495540,0.525373,0.543180,0.550344,0.552629,0.551980,0.552511,0.557259,0.567290,0.580650,0.598255,0.623406,0.662052,0.707487,0.744691,0.756634,0.750671,0.620939,0.459692,0.423284,0.385376,0.396995,0.427145,0.505548,0.574100,0.593192,0.529147,0.393290,0.354078,0.353973,0.367685,0.371353,0.357923,0.329235,0.303791
0.348460,0.348460,0.431454,0.521010,0.549894,0.578758,0.599686,0.611536,0.553793,0.370489,0.259393,0.242156,0.242142,0.247649,0.253470,0.256436,0.259923,0.264818,0.289344,0.315993,0.329092,0.296622,0.255253,0.239356,0.245513,0.284054,0.344107,0.396462,0.444703,0.483365,0.510777,0.531205,0.543789,0.550780,0.556341,0.557567,0.557170,0.557861,0.563087,0.572318,0.585210,0.605727,0.638661,0.684377,0.729205,0.751978,0.751439,0.667224,0.485544,0.409880,0.370992,0.375274,0.414517,0.491027,0.549633,0.530475,0.423742,0.360862,0.349587,0.352730,0.367127,0.370378,0.349130,0.309317,0.281647
0.352844,0.352844,0.436703,0.539627,0.565470,0.592419,0.603962,0.614633,0.539375,0.346683,0.257169,0.243194,0.248217,0.255226,0.266444,0.271760,0.277819,0.274290,0.292033,0.308020,0.313715,0.289449,0.257247,0.249834,0.268127,0.321565,0.378401,0.431408,0.472182,0.502304,0.521111,0.533389,0.541412,0.549645,0.558967,0.562814,0.561954,0.561265,0.562569,0.568776,0.578873,0.594631,0.621122,0.662105,0.708712,0.743589,0.744310,0.699096,0.525998,0.422765,0.394174,0.393484,0.437002,0.487694,0.501655,0.457527,0.384274,0.356203,0.349565,0.359549,0.373273,0.369167,0.340031,0.299074,0.277507
0.327825,0.327825,0.422000,0.556391,0.580382,0.604988,0.607343,0.616458,0.524179,0.326082,0.255300,0.243922,0.253972,0.265246,0.282748,0.290182,0.298726,0.290627,0.295935,0.300162,0.297585,0.283551,0.263448,0.268847,0.299454,0.363424,0.419824,0.466184,0.495695,0.515954,0.525311,0.529935,0.535901,0.546743,0.559393,0.565219,0.565651,0.564209,0.562829,0.567858,0.574833,0.587179,0.608062,0.644708,0.689467,0.733860,0.735893,0.711365,0.558688,0.428695,0.421601,0.423830,0.465141,0.481115,0.467170,0.426025,0.376833,0.357190,0.354443,0.375312,0.384446,0.367982,0.326346,0.291369,0.278147
0.301869,0.301869,0.405088,0.564299,0.588880,0.612707,0.607940,0.619055,0.512968,0.315330,0.256201,0.245750,0.258915,0.272706,0.295019,0.304240,0.312116,0.303632,0.299968,0.296086,0.290583,0.282189,0.270519,0.284693,0.323236,0.391996,0.447395,0.487548,0.511072,0.524483,0.527072,0.527985,0.533984,0.547037,0.562239,0.570358,0.570089,0.566847,0.564342,0.567090,0.571889,0.582429,0.600168,0.634341,0.679621,0.728511,0.734322,0.712686,0.574191,0.426895,0.430687,0.434932,0.466384,0.466614,0.446652,0.412689,0.376965,0.361509,0.364409,0.388446,0.391004,0.361760,0.312646,0.282277,0.272240