0.622586,0.622586,0.612030,0.560344,0.555683,0.620117,0.696080,0.564345,0.535110,0.378566,0.372609,0.417506,0.435065,0.427506,0.480527,0.511849,0.500249,0.498486,0.403249,0.524075,0.458805,0.537814,0.490246,0.571451,0.530335,0.532208,0.538582,0.527956,0.526823,0.544362,0.479793,0.503048,0.556558,0.530371,0.551193,0.508938,0.481585,0.501199,0.498084,0.503422,0.464198,0.423666,0.585214,0.622773,0.625564,0.613262,0.645668,0.610088,0.584295,0.620926,0.625309,0.647522,0.829879,0.771673,0.402966,0.437060,0.467555,0.484075,0.505539,0.357035,0.545056,0.486928,0.507045,0.489303,0.575491
0.572310,0.572310,0.622227,0.642764,0.622562,0.614915,0.627995,0.683321,0.485562,0.418835,0.364901,0.390286,0.414280,0.357933,0.432371,0.490688,0.530824,0.510393,0.462255,0.486778,0.499753,0.496992,0.527295,0.532950,0.514663,0.541004,0.520601,0.573410,0.525696,0.528465,0.535603,0.574605,0.527215,0.548584,0.491483,0.478913,0.451324,0.536930,0.515850,0.464432,0.461146,0.406176,0.453208,0.597439,0.621561,0.656439,0.606565,0.661379,0.660282,0.599950,0.593548,0.582934,0.764932,0.752125,0.497993,0.497098,0.460514,0.503687,0.450206,0.478782,0.476357,0.559728,0.514305,0.434292,0.210528
0.550244,0.550244,0.556009,0.642182,0.637401,0.624693,0.633709,0.586301,0.518141,0.400413,0.445880,0.420750,0.353742,0.414719,0.511943,0.445622,0.492304,0.483872,0.536633,0.521607,0.495065,0.585042,0.497792,0.482226,0.533130,0.460977,0.491531,0.499261,0.495689,0.514554,0.480541,0.553788,0.567646,0.593982,0.483003,0.575132,0.516370,0.460012,0.505528,0.557026,0.425371,0.457770,0.445920,0.583052,0.600991,0.585385,0.631728,0.572234,0.618569,0.579379,0.549772,0.512322,0.704587,0.838298,0.757198,0.539503,0.368932,0.434901,0.471347,0.493215,0.531133,0.577761,0.370487,0.139770,0.216069
0.617110,0.617110,0.633208,0.631605,0.584064,0.635703,0.626656,0.598116,0.563593,0.368309,0.468865,0.454138,0.404332,0.434946,0.443453,0.503417,0.468678,0.540131,0.521209,0.489205,0.569857,0.544235,0.547371,0.506030,0.540679,0.522780,0.503338,0.491465,0.539629,0.490075,0.522352,0.547033,0.505263,0.547787,0.452488,0.486457,0.511485,0.488948,0.504743,0.433211,0.470354,0.420314,0.514683,0.542113,0.637684,0.658219,0.659194,0.624332,0.561675,0.585885,0.541083,0.519393,0.637188,0.767355,0.840265,0.636213,0.465010,0.494429,0.489294,0.473042,0.530174,0.364621,0.191209,0.205930,0.271970
0.564003,0.564003,0.662639,0.586985,0.615301,0.634350,0.614736,0.611520,0.423213,0.363732,0.383440,0.408502,0.445104,0.388652,0.468214,0.469796,0.491558,0.473056,0.501201,0.520707,0.498830,0.491109,0.482183,0.492179,0.504854,0.498002,0.523950,0.550651,0.411486,0.545678,0.490685,0.533820,0.513453,0.548819,0.544789,0.523110,0.501375,0.484124,0.466432,0.532552,0.468773,0.452233,0.508877,0.589651,0.610492,0.621937,0.560562,0.630993,0.632027,0.611771,0.622587,0.577416,0.582337,0.606076,0.796864,0.806652,0.457283,0.452384,0.509240,0.592298,0.391623,0.159087,0.220279,0.297238,0.228315
0.597926,0.597926,0.680791,0.647137,0.598288,0.625361,0.619737,0.610318,0.489400,0.347051,0.402114,0.425896,0.442928,0.418681,0.419988,0.495939,0.518738,0.530169,0.522788,0.497009,0.491119,0.499568,0.572825,0.569014,0.442690,0.514296,0.505388,0.510954,0.542263,0.519683,0.527070,0.492689,0.467911,0.448309,0.458130,0.545601,0.513090,0.433005,0.519375,0.489116,0.436607,0.396135,0.434462,0.620570,0.641084,0.588479,0.565783,0.598257,0.598845,0.618583,0.581866,0.552915,0.541905,0.538257,0.790170,0.837647,0.668046,0.436279,0.481611,0.359923,0.153465,0.207425,0.199162,0.214162,0.174705
0.684313,0.684313,0.647058,0.625434,0.582951,0.570768,0.684526,0.638328,0.490071,0.377408,0.450098,0.397854,0.452202,0.383131,0.462472,0.484912,0.511775,0.512070,0.519958,0.516717,0.482716,0.493831,0.509122,0.538656,0.554883,0.563843,0.575631,0.607994,0.697217,0.718324,0.665616,0.717108,0.660470,0.552607,0.491586,0.447380,0.524627,0.464758,0.486819,0.482339,0.440198,0.393438,0.392015,0.595904,0.594471,0.620316,0.544307,0.601875,0.533718,0.632095,0.566855,0.557009,0.583488,0.560627,0.647811,0.850798,0.880265,0.558323,0.326155,0.151932,0.183102,0.200137,0.249286,0.191149,0.202678
0.680604,0.680604,0.627968,0.492911,0.383408,0.570189,0.634204,0.625856,0.463015,0.307186,0.356753,0.406663,0.406609,0.425889,0.453627,0.409605,0.479225,0.478715,0.454892,0.409849,0.470580,0.454618,0.585012,0.495527,0.546230,0.554146,0.578508,0.611536,0.650347,0.652846,0.704716,0.671387,0.772219,0.720729,0.618876,0.494359,0.428406,0.535275,0.473374,0.444610,0.430567,0.469580,0.422370,0.584423,0.553897,0.550905,0.585708,0.588065,0.591681,0.545344,0.544601,0.549046,0.555902,0.584129,0.542521,0.698517,0.893299,0.728134,0.186322,0.208643,0.207713,0.312313,0.220642,0.226441,0.190516
0.677845,0.677845,0.646594,0.361895,0.479015,0.614607,0.652746,0.649151,0.486756,0.312602,0.347147,0.472246,0.381482,0.330400,0.466784,0.375729,0.507597,0.554306,0.496964,0.499351,0.546163,0.441684,0.456944,0.493361,0.483259,0.496101,0.555682,0.631132,0.598901,0.634107,0.751903,0.745556,0.771711,0.749231,0.743449,0.722896,0.565286,0.402208,0.421359,0.504918,0.434914,0.429740,0.471266,0.634819,0.618479,0.528774,0.561359,0.602053,0.599418,0.557477,0.547318,0.534753,0.520693,0.582984,0.592744,0.581211,0.736943,0.329696,0.191596,0.218000,0.197850,0.147156,0.184115,0.239979,0.206770
0.610921,0.610921,0.509793,0.268426,0.493513,0.667042,0.674760,0.604398,0.464884,0.274814,0.403670,0.430628,0.386538,0.359372,0.392213,0.512573,0.478225,0.423785,0.513221,0.521806,0.512171,0.452758,0.456889,0.501059,0.555286,0.508102,0.513018,0.506772,0.621612,0.642073,0.732959,0.706645,0.746471,0.733405,0.740761,0.713641,0.807325,0.672079,0.461021,0.408349,0.410437,0.422791,0.362441,0.597751,0.578761,0.534848,0.523883,0.555377,0.612508,0.563314,0.603816,0.575767,0.520958,0.581090,0.624751,0.588802,0.249974,0.166584,0.230020,0.229502,0.195158,0.220061,0.279006,0.171822,0.349822
0.594957,0.594957,0.357054,0.323409,0.505365,0.609392,0.722731,0.637733,0.524994,0.313084,0.359737,0.430766,0.343555,0.442877,0.470838,0.485140,0.451507,0.480292,0.583245,0.409136,0.452422,0.473027,0.476089,0.476368,0.429226,0.573613,0.477653,0.500188,0.589279,0.648506,0.642208,0.776580,0.690068,0.765673,0.753394,0.802344,0.843126,0.834512,0.725710,0.338895,0.416278,0.410536,0.511852,0.665686,0.630133,0.601628,0.482762,0.359580,0.540379,0.543350,0.514394,0.592154,0.554900,0.541922,0.576270,0.445653,0.111497,0.183826,0.227395,0.199749,0.215688,0.205685,0.310288,0.329720,0.562708
0.438571,0.438571,0.350806,0.348826,0.438316,0.598958,0.632635,0.636541,0.538496,0.334771,0.297783,0.400845,0.391553,0.381948,0.395728,0.380481,0.506134,0.470498,0.434361,0.400474,0.415430,0.393772,0.474378,0.389600,0.475510,0.543330,0.548527,0.548680,0.583787,0.639677,0.651298,0.707520,0.791462,0.788646,0.830827,0.810015,0.787407,0.841053,0.863105,0.485857,0.366743,0.321499,0.488578,0.524614,0.541886,0.567444,0.482780,0.187604,0.377265,0.617943,0.552083,0.531025,0.566801,0.577882,0.488510,0.212725,0.211801,0.190011,0.216840,0.226469,0.277092,0.296068,0.274198,0.533644,0.544821
0.359311,0.359311,0.329682,0.373502,0.501071,0.618514,0.627667,0.569433,0.435414,0.332634,0.375738,0.346727,0.375332,0.342940,0.372307,0.464081,0.445462,0.486392,0.391463,0.377239,0.450492,0.493436,0.485798,0.408035,0.509010,0.495119,0.523538,0.511263,0.537971,0.590740,0.642299,0.795555,0.813015,0.755777,0.771190,0.790831,0.836650,0.812840,0.800903,0.821421,0.547051,0.294603,0.390942,0.584805,0.577221,0.625243,0.487375,0.239515,0.291537,0.453733,0.555442,0.556618,0.543351,0.541364,0.346371,0.152321,0.214145,0.227569,0.250979,0.202994,0.261900,0.340805,0.520493,0.599026,0.627355
0.395076,0.395076,0.366644,0.351548,0.436919,0.608648,0.650503,0.617050,0.518453,0.434008,0.413472,0.371611,0.395284,0.390988,0.419897,0.466208,0.464920,0.489981,0.353417,0.434800,0.399818,0.487183,0.493097,0.551151,0.570720,0.534009,0.525411,0.521408,0.545759,0.652741,0.764742,0.715809,0.695089,0.807943,0.806438,0.775756,0.783384,0.756479,0.820550,0.807230,0.874292,0.516701,0.391661,0.589478,0.611604,0.559415,0.478939,0.221602,0.172165,0.313666,0.573815,0.582857,0.570941,0.419968,0.231844,0.200850,0.217092,0.214539,0.206734,0.227839,0.216902,0.510825,0.618768,0.645337,0.644190
0.396090,0.396090,0.341357,0.324304,0.440997,0.650291,0.692231,0.596760,0.510942,0.316386,0.320446,0.362859,0.346480,0.409279,0.378929,0.409977,0.497221,0.526575,0.433903,0.422036,0.464351,0.421354,0.533672,0.438653,0.536426,0.533749,0.440758,0.613089,0.734109,0.692240,0.689538,0.708321,0.730900,0.780049,0.757798,0.808958,0.798752,0.829415,0.753139,0.812709,0.852812,0.718271,0.380150,0.570172,0.573393,0.570321,0.489218,0.206215,0.184252,0.374936,0.725594,0.807691,0.701846,0.185896,0.207019,0.212140,0.220188,0.193973,0.161144,0.176968,0.455901,0.571927,0.585406,0.593613,0.645072
0.284131,0.284131,0.304270,0.384707,0.448130,0.599835,0.628943,0.620021,0.436914,0.316056,0.395867,0.370118,0.417028,0.434554,0.319634,0.447299,0.534112,0.544699,0.401310,0.416886,0.488233,0.520785,0.513080,0.482038,0.501696,0.475863,0.585007,0.655389,0.658275,0.758299,0.647806,0.801349,0.726899,0.742598,0.763440,0.782749,0.807965,0.796749,0.765918,0.733522,0.812349,0.812146,0.531668,0.480346,0.610837,0.561902,0.478340,0.155229,0.414251,0.783439,0.800129,0.790612,0.860078,0.368472,0.179802,0.236813,0.237700,0.230748,0.184183,0.355013,0.594047,0.554256,0.670474,0.615799,0.567213
0.390220,0.390220,0.424331,0.370306,0.463082,0.599839,0.650092,0.621350,0.481872,0.324544,0.332702,0.381843,0.388364,0.392768,0.499220,0.484901,0.640905,0.544725,0.437770,0.472373,0.475053,0.469408,0.499878,0.530035,0.470584,0.562463,0.571922,0.672818,0.698129,0.673651,0.762638,0.720314,0.662659,0.729397,0.779023,0.759389,0.823553,0.717511,0.640268,0.823065,0.787726,0.772334,0.814784,0.629956,0.582512,0.607911,0.537206,0.588867,0.737618,0.841457,0.795747,0.736976,0.842840,0.405883,0.186981,0.245874,0.259747,0.214511,0.231263,0.592977,0.577587,0.637255,0.630191,0.644860,0.604612
0.364630,0.364630,0.383120,0.386916,0.491642,0.609375,0.665172,0.611626,0.504328,0.294506,0.344123,0.366745,0.395336,0.434863,0.363443,0.438792,0.666394,0.548676,0.344503,0.385665,0.447248,0.502595,0.532603,0.513191,0.565627,0.564356,0.545211,0.626598,0.612196,0.655188,0.624358,0.665308,0.621883,0.789427,0.704739,0.696434,0.737106,0.757785,0.772660,0.802705,0.743353,0.799914,0.800854,0.772397,0.564621,0.665733,0.780573,0.796350,0.783725,0.805612,0.801946,0.826851,0.848870,0.387078,0.209934,0.209972,0.152570,0.208344,0.396735,0.596260,0.705777,0.660051,0.610838,0.594918,0.603225
0.365637,0.365637,0.432292,0.422849,0.524632,0.572860,0.703237,0.670739,0.514155,0.226074,0.414481,0.461566,0.360450,0.391678,0.438130,0.484247,0.693715,0.557254,0.430971,0.487121,0.465512,0.491026,0.510523,0.536462,0.572635,0.616231,0.571115,0.598115,0.620740,0.648456,0.641757,0.639981,0.664150,0.750578,0.733724,0.663921,0.686125,0.763525,0.726217,0.742192,0.721415,0.712902,0.699325,0.752582,0.829754,0.777021,0.826007,0.768414,0.759970,0.815110,0.710492,0.879395,0.781275,0.243167,0.164044,0.202453,0.215279,0.236002,0.508228,0.635344,0.611573,0.630813,0.564510,0.587405,0.570464
0.414172,0.414172,0.370432,0.414949,0.515837,0.683198,0.592457,0.626510,0.512181,0.368576,0.374050,0.365532,0.354075,0.425683,0.444730,0.451737,0.697104,0.627145,0.505320,0.429863,0.419604,0.452425,0.470078,0.531358,0.507854,0.545788,0.524564,0.579503,0.598519,0.654979,0.642672,0.686898,0.635700,0.649558,0.643496,0.643124,0.743369,0.784498,0.680328,0.670023,0.712131,0.689245,0.751925,0.728783,0.720044,0.759571,0.769164,0.805434,0.753685,0.733108,0.622656,0.767436,0.582246,0.216150,0.207823,0.218804,0.231276,0.448438,0.680901,0.606068,0.600846,0.584905,0.616080,0.617730,0.598560
0.341815,0.341815,0.383982,0.411824,0.456843,0.627228,0.672089,0.650545,0.511219,0.361468,0.417363,0.362633,0.368367,0.396468,0.328413,0.488438,0.726428,0.640724,0.519441,0.458447,0.432757,0.492257,0.519646,0.516627,0.543039,0.559271,0.553556,0.572267,0.583204,0.589343,0.601703,0.632928,0.609446,0.630578,0.643368,0.639754,0.662375,0.685209,0.590514,0.675791,0.657202,0.679698,0.790307,0.761563,0.809954,0.758052,0.768749,0.775764,0.855526,0.635408,0.584736,0.687433,0.337960,0.198856,0.201870,0.221313,0.320730,0.484334,0.624949,0.608406,0.576897,0.614328,0.618625,0.653045,0.547580
0.365159,0.365159,0.379455,0.358364,0.473377,0.668474,0.651294,0.694758,0.498614,0.353517,0.370248,0.330192,0.457610,0.369400,0.298353,0.434752,0.773609,0.597607,0.612708,0.465330,0.525956,0.502587,0.502502,0.578018,0.527402,0.558679,0.541462,0.564876,0.503550,0.498949,0.504224,0.595536,0.541717,0.624533,0.596252,0.529488,0.542763,0.553090,0.623154,0.733256,0.717652,0.843270,0.724650,0.706866,0.762489,0.843456,0.852351,0.827687,0.740284,0.491754,0.435463,0.630103,0.228383,0.189721,0.210011,0.219853,0.516115,0.528908,0.615962,0.628792,0.635022,0.634416,0.563522,0.612927,0.576015
0.410115,0.410115,0.396428,0.411717,0.493731,0.603707,0.725221,0.638413,0.566284,0.269268,0.335437,0.410639,0.340061,0.486230,0.428797,0.424072,0.815522,0.742655,0.561637,0.495319,0.483023,0.458467,0.546001,0.458375,0.517602,0.516001,0.568708,0.558402,0.412724,0.378361,0.352960,0.539443,0.480472,0.339083,0.317677,0.306507,0.222643,0.496455,0.671406,0.730970,0.724539,0.757509,0.758922,0.756239,0.818142,0.809054,0.660063,0.591287,0.414416,0.411756,0.627937,0.449632,0.216309,0.215215,0.163713,0.397876,0.622206,0.657827,0.634316,0.658640,0.578988,0.583526,0.667082,0.604542,0.599137
0.440063,0.440063,0.464963,0.372785,0.485114,0.619999,0.742887,0.717985,0.529311,0.273853,0.378587,0.455404,0.370221,0.398068,0.391040,0.336141,0.748266,0.742428,0.547337,0.508363,0.467989,0.499934,0.465759,0.514645,0.533983,0.545878,0.470722,0.422982,0.337231,0.308877,0.274026,0.412161,0.240711,0.392208,0.245070,0.198666,0.495073,0.634800,0.738214,0.785243,0.762946,0.771184,0.757028,0.804198,0.743065,0.642352,0.415130,0.434721,0.502633,0.662196,0.374263,0.185040,0.173021,0.236245,0.222709,0.499040,0.609074,0.637884,0.598149,0.628239,0.587208,0.572142,0.600345,0.596920,0.597675
0.446931,0.446931,0.457499,0.365874,0.565918,0.605157,0.669913,0.687867,0.511698,0.327595,0.373068,0.389114,0.393373,0.425824,0.381316,0.415952,0.655577,0.755404,0.563165,0.500794,0.535570,0.490866,0.442621,0.503226,0.532675,0.559776,0.407290,0.316651,0.212187,0.172989,0.310503,0.240472,0.367919,0.224916,0.276780,0.475422,0.701424,0.712300,0.742051,0.712423,0.693536,0.735960,0.765165,0.582115,0.430162,0.496554,0.656830,0.705171,0.701849,0.449394,0.241279,0.194260,0.200945,0.224301,0.206416,0.576654,0.620437,0.624508,0.611363,0.605147,0.598365,0.597717,0.621000,0.609749,0.609068
0.451232,0.451232,0.378429,0.418867,0.472816,0.656915,0.640041,0.630960,0.613678,0.319810,0.389439,0.338252,0.351634,0.420475,0.425760,0.347906,0.507611,0.732901,0.675656,0.408431,0.510757,0.434937,0.460378,0.451818,0.470097,0.321684,0.329223,0.240500,0.201263,0.263801,0.278564,0.223198,0.317649,0.383557,0.457977,0.715729,0.761680,0.706268,0.654490,0.731648,0.731666,0.719568,0.591793,0.317618,0.395005,0.453996,0.604033,0.636537,0.346693,0.141476,0.216591,0.192988,0.201318,0.209894,0.349055,0.490198,0.633414,0.619529,0.626757,0.609218,0.646870,0.616129,0.610002,0.610015,0.576408
0.420263,0.420263,0.346274,0.422209,0.549337,0.608401,0.632898,0.733526,0.482242,0.293380,0.396161,0.397160,0.267591,0.357570,0.422445,0.445108,0.384509,0.649259,0.738043,0.524975,0.461520,0.469245,0.505697,0.548482,0.315331,0.275898,0.223751,0.227452,0.278721,0.255897,0.223330,0.232904,0.278487,0.412651,0.606305,0.629186,0.670627,0.737624,0.634785,0.657561,0.756141,0.821167,0.733700,0.526622,0.297997,0.418184,0.600611,0.250283,0.173660,0.194710,0.241905,0.258335,0.211221,0.313784,0.525671,0.515071,0.634982,0.610741,0.653179,0.633507,0.587957,0.559118,0.561196,0.639787,0.559448
0.412338,0.412338,0.415314,0.370781,0.533321,0.584015,0.596760,0.741703,0.554001,0.271760,0.314176,0.461340,0.460886,0.376192,0.372689,0.484992,0.444120,0.711271,0.615511,0.499945,0.363144,0.472541,0.423305,0.337130,0.260007,0.207013,0.254268,0.255926,0.214763,0.377824,0.230558,0.254667,0.378749,0.590765,0.732477,0.789977,0.621834,0.662401,0.654579,0.739271,0.752483,0.767544,0.810074,0.602231,0.184035,0.338559,0.593864,0.211479,0.186977,0.204365,0.219244,0.176377,0.180070,0.362885,0.485792,0.614815,0.611007,0.588505,0.591213,0.636190,0.618419,0.618604,0.595947,0.637052,0.594250
0.367765,0.367765,0.416756,0.388026,0.418438,0.639587,0.667893,0.656517,0.521712,0.257245,0.297690,0.397763,0.432176,0.400229,0.457425,0.518594,0.421687,0.496580,0.554081,0.472026,0.535212,0.430392,0.303955,0.286264,0.202910,0.134987,0.276390,0.234340,0.284655,0.382129,0.179156,0.458157,0.603734,0.636555,0.706119,0.709421,0.642675,0.633803,0.774806,0.737822,0.788742,0.817037,0.796390,0.706320,0.288692,0.214979,0.578857,0.246230,0.229676,0.229946,0.198370,0.221511,0.189308,0.513339,0.592601,0.612844,0.629154,0.578299,0.606214,0.591386,0.665106,0.585635,0.648738,0.610777,0.598783
0.425379,0.425379,0.431703,0.329060,0.484507,0.740155,0.691656,0.679898,0.560767,0.328386,0.308790,0.366027,0.447309,0.439999,0.422171,0.481130,0.461952,0.527406,0.484249,0.493865,0.465838,0.286245,0.280385,0.181828,0.238199,0.204147,0.227281,0.213997,0.195683,0.187942,0.488333,0.628884,0.719713,0.705522,0.713365,0.640061,0.636382,0.631246,0.693454,0.698080,0.807974,0.784880,0.819447,0.849517,0.399128,0.206486,0.526303,0.291825,0.229921,0.216025,0.268844,0.160978,0.331516,0.585346,0.574897,0.582214,0.622311,0.554850,0.525224,0.572370,0.581889,0.543363,0.618451,0.610285,0.559655
0.435031,0.435031,0.400100,0.434402,0.430074,0.625950,0.683547,0.739415,0.563663,0.254582,0.323719,0.363193,0.468433,0.425888,0.479183,0.486095,0.533620,0.466909,0.445605,0.492871,0.417013,0.281926,0.236178,0.181003,0.270399,0.197637,0.245571,0.269574,0.267527,0.281492,0.594511,0.661000,0.706038,0.646214,0.524927,0.566955,0.598314,0.693150,0.688871,0.732068,0.813330,0.752274,0.797595,0.723082,0.409517,0.161243,0.473250,0.439896,0.257831,0.237480,0.223416,0.171850,0.368813,0.597297,0.617802,0.600567,0.564251,0.679295,0.643159,0.652854,0.573980,0.589752,0.614783,0.600171,0.561225
0.396796,0.396796,0.351235,0.313158,0.454237,0.618194,0.673468,0.730080,0.542565,0.307697,0.312210,0.482082,0.451157,0.445082,0.419323,0.467359,0.519333,0.378084,0.393597,0.368348,0.357443,0.340986,0.245372,0.184889,0.230162,0.193360,0.201410,0.199444,0.223915,0.597276,0.681635,0.688050,0.634797,0.567022,0.489754,0.447640,0.384326,0.512581,0.627473,0.694797,0.765606,0.713975,0.575214,0.356450,0.358779,0.196366,0.277741,0.352743,0.230994,0.188258,0.245262,0.194284,0.458551,0.562064,0.626861,0.641741,0.544335,0.642844,0.567691,0.655283,0.651109,0.555309,0.625787,0.600374,0.519121
0.361168,0.361168,0.362304,0.346885,0.476008,0.591943,0.631621,0.683596,0.560931,0.252740,0.310714,0.385724,0.405879,0.373817,0.491365,0.533950,0.587510,0.542396,0.219636,0.260655,0.320153,0.335127,0.226555,0.231564,0.191630,0.285110,0.208606,0.184503,0.443326,0.613411,0.772259,0.608153,0.250355,0.231411,0.202009,0.333471,0.306807,0.530638,0.548103,0.702262,0.715970,0.377876,0.301889,0.195282,0.188999,0.263608,0.308663,0.452752,0.240057,0.189206,0.199177,0.297508,0.544982,0.554914,0.671297,0.585532,0.674933,0.591279,0.590082,0.646642,0.527187,0.559717,0.592664,0.539084,0.492275
0.373273,0.373273,0.338135,0.258288,0.380173,0.668494,0.687291,0.694964,0.562280,0.321547,0.364425,0.354664,0.450806,0.328018,0.506197,0.752777,0.540918,0.241304,0.247285,0.234018,0.212035,0.431757,0.174743,0.169986,0.234478,0.172353,0.155679,0.348270,0.612778,0.724680,0.649904,0.401405,0.244658,0.346535,0.370322,0.706071,0.499048,0.494081,0.496554,0.701518,0.705919,0.209978,0.393443,0.451980,0.152466,0.173357,0.356005,0.510121,0.282099,0.207163,0.212884,0.369130,0.546830,0.724240,0.616720,0.617867,0.651330,0.620758,0.613789,0.585904,0.610016,0.578198,0.553927,0.466695,0.583846
0.364727,0.364727,0.395265,0.353521,0.414652,0.647917,0.768134,0.695150,0.651491,0.326442,0.421882,0.509000,0.362347,0.360032,0.574093,0.506105,0.320583,0.358223,0.259194,0.225237,0.326547,0.485982,0.276783,0.159319,0.208496,0.194506,0.216141,0.523710,0.713945,0.727094,0.467728,0.500283,0.514668,0.391225,0.559333,0.624539,0.573782,0.473392,0.519807,0.751981,0.721483,0.524599,0.497785,0.408773,0.218498,0.162183,0.344851,0.522173,0.250586,0.215683,0.209327,0.442153,0.582863,0.566220,0.553617,0.595451,0.590793,0.579576,0.651186,0.542242,0.566258,0.460073,0.552545,0.630691,0.725146
0.399588,0.399588,0.336751,0.325918,0.317611,0.630359,0.738685,0.683064,0.555258,0.312925,0.413567,0.387577,0.565929,0.517149,0.374215,0.338134,0.250381,0.409507,0.329398,0.217366,0.412257,0.457455,0.321062,0.161956,0.176388,0.232647,0.383329,0.649690,0.693118,0.401424,0.578518,0.542976,0.591869,0.581169,0.659513,0.619996,0.626743,0.466226,0.467198,0.696682,0.737016,0.556852,0.472799,0.422277,0.301881,0.203484,0.301862,0.569937,0.212635,0.191608,0.278651,0.571178,0.618903,0.573383,0.575987,0.609202,0.590516,0.581796,0.526125,0.476242,0.522886,0.671790,0.664205,0.730210,0.694325
0.354260,0.354260,0.331976,0.218273,0.386662,0.621160,0.712930,0.705813,0.570234,0.330593,0.378953,0.480685,0.520037,0.452590,0.340664,0.224401,0.408296,0.352925,0.169222,0.215193,0.385823,0.314186,0.377304,0.230250,0.196290,0.242362,0.518268,0.732435,0.387864,0.407436,0.547645,0.609561,0.583468,0.708887,0.623551,0.760250,0.608110,0.508591,0.507164,0.635830,0.785165,0.625202,0.539438,0.513761,0.341745,0.187749,0.251174,0.579691,0.229517,0.180634,0.381890,0.528127,0.578803,0.571388,0.650435,0.560410,0.575803,0.435488,0.582185,0.539955,0.631824,0.777929,0.699467,0.713779,0.789817
0.275232,0.275232,0.310958,0.308748,0.379334,0.590624,0.663453,0.657723,0.528461,0.313458,0.370346,0.470182,0.417800,0.399251,0.359135,0.270137,0.480245,0.235527,0.201303,0.166900,0.179712,0.183567,0.484845,0.335475,0.177298,0.465380,0.744749,0.456681,0.253532,0.519779,0.516169,0.574311,0.645557,0.654607,0.678959,0.663785,0.617177,0.572646,0.472503,0.584082,0.800125,0.634428,0.523429,0.498721,0.328863,0.241686,0.236192,0.504572,0.222485,0.254743,0.379011,0.643453,0.569586,0.560849,0.559427,0.597915,0.579129,0.549082,0.578777,0.521604,0.751979,0.727478,0.798921,0.814186,0.819586
0.312278,0.312278,0.265626,0.184812,0.319839,0.550434,0.670663,0.616960,0.535199,0.284508,0.429451,0.458942,0.362880,0.416029,0.332455,0.332887,0.452591,0.280875,0.240556,0.211495,0.267097,0.319510,0.510493,0.378159,0.193649,0.594031,0.619700,0.175587,0.228566,0.422414,0.473250,0.525373,0.531334,0.624859,0.691669,0.675722,0.563790,0.494796,0.516322,0.581755,0.778527,0.655733,0.567889,0.467585,0.217725,0.237395,0.317784,0.569339,0.318490,0.226745,0.516157,0.629401,0.612540,0.636788,0.539908,0.575609,0.521983,0.547526,0.536605,0.664934,0.795749,0.746036,0.784795,0.791636,0.819675
0.347022,0.347022,0.344219,0.231403,0.406924,0.606734,0.644324,0.654563,0.539419,0.246820,0.401466,0.445748,0.363691,0.374795,0.285711,0.344025,0.462248,0.345038,0.177980,0.220079,0.290370,0.404228,0.340021,0.171817,0.482986,0.598609,0.263427,0.173629,0.329055,0.411383,0.548858,0.546255,0.588907,0.576332,0.667206,0.555107,0.545376,0.498389,0.498536,0.506002,0.793610,0.628120,0.583700,0.387896,0.163893,0.292565,0.198546,0.495394,0.417519,0.344868,0.620810,0.604634,0.585450,0.616816,0.517673,0.558835,0.541361,0.478817,0.566140,0.779334,0.753655,0.819227,0.831108,0.843522,0.772204
0.355513,0.355513,0.319258,0.220642,0.399346,0.579601,0.635246,0.717251,0.632048,0.343355,0.398375,0.427417,0.359904,0.321710,0.330972,0.294810,0.429238,0.445906,0.245297,0.240125,0.250268,0.343304,0.207171,0.311353,0.730607,0.455786,0.161029,0.239007,0.352706,0.411793,0.489094,0.619259,0.536161,0.599115,0.571871,0.664289,0.511330,0.439032,0.358522,0.513533,0.700092,0.640925,0.534390,0.281874,0.189295,0.272719,0.212977,0.466395,0.369574,0.303092,0.610090,0.595122,0.511425,0.640108,0.554055,0.630485,0.484705,0.560183,0.763039,0.709270,0.749464,0.839689,0.813900,0.841633,0.828802
0.266920,0.266920,0.291721,0.252151,0.378434,0.543774,0.680583,0.715105,0.577951,0.349675,0.385113,0.450265,0.243821,0.324318,0.239033,0.359325,0.428206,0.523455,0.290988,0.329071,0.176494,0.367024,0.498477,0.512987,0.457747,0.203364,0.241392,0.240932,0.314750,0.403565,0.417911,0.571524,0.558061,0.620442,0.567401,0.661337,0.581022,0.534545,0.622414,0.681909,0.653517,0.628335,0.398898,0.238595,0.273641,0.263263,0.256766,0.386862,0.479350,0.467738,0.605925,0.586735,0.631175,0.617079,0.543051,0.518285,0.601645,0.570349,0.710607,0.800806,0.849710,0.873123,0.838397,0.834473,0.816706
0.319910,0.319910,0.240338,0.307835,0.454861,0.601573,0.614954,0.744275,0.555220,0.332771,0.388372,0.483371,0.261490,0.315588,0.222774,0.345666,0.275840,0.375339,0.461845,0.291474,0.236440,0.550618,0.592300,0.386148,0.259987,0.177147,0.247645,0.229270,0.351864,0.412523,0.456465,0.534225,0.576403,0.476807,0.567461,0.584194,0.555880,0.620557,0.729159,0.742817,0.691398,0.553151,0.385186,0.217208,0.220108,0.233089,0.187127,0.372287,0.523130,0.526254,0.568061,0.608954,0.597200,0.633852,0.564152,0.534266,0.624452,0.543862,0.707833,0.838552,0.819225,0.809139,0.824175,0.797419,0.877735
0.275209,0.275209,0.291162,0.289037,0.395123,0.616315,0.736434,0.709954,0.620161,0.359296,0.412843,0.494287,0.318479,0.287235,0.192873,0.336894,0.403778,0.261853,0.386451,0.278629,0.623789,0.667343,0.413663,0.312226,0.174084,0.224964,0.186253,0.230039,0.399226,0.383129,0.536107,0.480301,0.591613,0.513856,0.482615,0.508966,0.524901,0.480119,0.545858,0.539160,0.502387,0.503909,0.229946,0.193606,0.269422,0.295135,0.180539,0.281006,0.489881,0.553971,0.585362,0.559483,0.632239,0.567464,0.556919,0.589129,0.579182,0.552263,0.782474,0.822470,0.836269,0.794949,0.847595,0.829752,0.826702
0.211156,0.211156,0.230620,0.267415,0.498121,0.637882,0.671470,0.683087,0.576818,0.369467,0.392407,0.434434,0.281184,0.247597,0.318422,0.387844,0.359190,0.338302,0.385792,0.517608,0.621061,0.549991,0.460397,0.191522,0.189994,0.170550,0.259729,0.251708,0.310471,0.340986,0.470584,0.497056,0.526904,0.575374,0.562684,0.490576,0.416650,0.547083,0.619168,0.571205,0.564102,0.343315,0.157678,0.185411,0.196619,0.347153,0.264637,0.240369,0.590955,0.645908,0.575428,0.636862,0.607394,0.579087,0.631935,0.525204,0.528765,0.571176,0.805475,0.820190,0.803884,0.779649,0.840710,0.780188,0.843389
0.208005,0.208005,0.217737,0.328989,0.473108,0.623281,0.735044,0.758047,0.564404,0.292879,0.429829,0.372442,0.301012,0.239546,0.257203,0.528410,0.377406,0.394612,0.420787,0.462656,0.636835,0.548616,0.267890,0.181109,0.170968,0.191836,0.236436,0.206040,0.337131,0.237321,0.431814,0.447836,0.524514,0.586027,0.618767,0.529138,0.473876,0.517434,0.522494,0.595199,0.482842,0.188000,0.184281,0.192217,0.281688,0.321505,0.266970,0.276409,0.568125,0.591027,0.560522,0.604792,0.593480,0.611108,0.606868,0.606391,0.566610,0.598956,0.783022,0.746994,0.832380,0.826644,0.818053,0.802636,0.839776
0.198808,0.198808,0.182343,0.380633,0.459534,0.567083,0.746697,0.687575,0.571834,0.412828,0.432641,0.328093,0.258886,0.270054,0.297773,0.467264,0.457099,0.376581,0.443907,0.407736,0.599492,0.306987,0.214599,0.180034,0.172703,0.214575,0.198273,0.220980,0.232505,0.225481,0.323814,0.377906,0.482862,0.518561,0.628019,0.560175,0.605825,0.604227,0.599349,0.559925,0.337720,0.222358,0.222630,0.213849,0.233084,0.321389,0.300128,0.306560,0.611350,0.615921,0.530766,0.564546,0.634012,0.611456,0.570879,0.565631,0.530381,0.596364,0.844223,0.809646,0.838383,0.785878,0.869633,0.845955,0.861942
0.212642,0.212642,0.203581,0.324045,0.456632,0.631362,0.713481,0.676677,0.544013,0.302260,0.314208,0.220210,0.238571,0.174183,0.223650,0.454269,0.307722,0.421482,0.424294,0.512389,0.327137,0.240248,0.207132,0.261332,0.195763,0.209955,0.178094,0.248016,0.242735,0.240974,0.227173,0.285623,0.399189,0.405113,0.540028,0.622646,0.639765,0.669783,0.662173,0.545936,0.217300,0.227961,0.241043,0.153536,0.229007,0.348841,0.277823,0.340310,0.550566,0.578691,0.505968,0.634061,0.563253,0.589958,0.571151,0.556862,0.540968,0.644955,0.847392,0.790582,0.800875,0.797974,0.783451,0.777616,0.619655
0.192690,0.192690,0.213629,0.203523,0.388316,0.612103,0.653586,0.694915,0.586483,0.436826,0.400628,0.241943,0.246130,0.259469,0.206810,0.463685,0.296759,0.441053,0.444467,0.510915,0.458168,0.335898,0.163820,0.222306,0.193596,0.193884,0.184298,0.206427,0.275536,0.151366,0.298405,0.270751,0.457787,0.430431,0.479099,0.578922,0.624680,0.633645,0.619636,0.543553,0.293056,0.203416,0.205732,0.187477,0.283053,0.356382,0.345039,0.328118,0.585967,0.477317,0.489768,0.508805,0.470699,0.584519,0.592419,0.533767,0.436765,0.732503,0.819291,0.761127,0.794435,0.794075,0.587440,0.203129,0.189269
0.326718,0.326718,0.200588,0.205464,0.328446,0.524197,0.706700,0.707965,0.584644,0.460047,0.370925,0.155825,0.281503,0.305178,0.274094,0.335534,0.435884,0.390581,0.407699,0.461620,0.464791,0.543825,0.211489,0.238688,0.187495,0.172411,0.204290,0.188377,0.206068,0.222196,0.247352,0.464801,0.567672,0.509893,0.640971,0.507084,0.509777,0.532813,0.652384,0.799415,0.793029,0.591253,0.397746,0.182021,0.323420,0.351752,0.347768,0.393989,0.588221,0.531736,0.499496,0.430569,0.350941,0.476609,0.506502,0.444320,0.353108,0.787990,0.817499,0.819710,0.829382,0.577359,0.237812,0.201614,0.271409
0.556621,0.556621,0.429253,0.245170,0.238626,0.610573,0.653991,0.676730,0.501665,0.478282,0.243426,0.173366,0.257193,0.314045,0.416674,0.248005,0.317742,0.390767,0.369064,0.542017,0.527246,0.416672,0.359239,0.266347,0.319029,0.196252,0.186602,0.185957,0.209862,0.224412,0.231034,0.412989,0.529439,0.465807,0.610459,0.530605,0.560325,0.603168,0.632453,0.781613,0.785507,0.818314,0.777635,0.463440,0.192977,0.236499,0.234690,0.393219,0.531980,0.575903,0.543648,0.489307,0.554663,0.438940,0.406326,0.443007,0.409623,0.744041,0.834488,0.842120,0.566736,0.267269,0.350819,0.363089,0.323191
0.496198,0.496198,0.579192,0.425430,0.262214,0.569017,0.694719,0.671118,0.626223,0.533611,0.204023,0.158182,0.299120,0.289154,0.259286,0.289098,0.279995,0.228434,0.321885,0.480167,0.532443,0.438194,0.432696,0.229634,0.192730,0.227831,0.193838,0.231455,0.266227,0.385284,0.254436,0.457650,0.401067,0.520206,0.541033,0.507348,0.526553,0.657932,0.604865,0.682180,0.738774,0.775314,0.860709,0.834484,0.594452,0.228447,0.230679,0.365401,0.561317,0.599021,0.561043,0.540408,0.533451,0.449007,0.406516,0.589927,0.537980,0.800587,0.826975,0.772400,0.307701,0.373764,0.315432,0.394379,0.342084
0.246196,0.246196,0.615789,0.552814,0.286181,0.567143,0.664843,0.713244,0.588572,0.393707,0.133721,0.230559,0.199131,0.194988,0.283838,0.195401,0.221769,0.271241,0.295870,0.361036,0.439164,0.447941,0.411058,0.350178,0.140468,0.205038,0.203655,0.222138,0.233193,0.361702,0.288159,0.391640,0.506165,0.535552,0.589932,0.541272,0.525575,0.537055,0.635009,0.692902,0.658857,0.758803,0.792907,0.778269,0.874875,0.387896,0.169250,0.387137,0.599876,0.536231,0.572758,0.543677,0.517400,0.478466,0.546968,0.481190,0.639890,0.811990,0.806086,0.539005,0.295969,0.383718,0.431992,0.338872,0.458331
0.187833,0.187833,0.590922,0.561859,0.255058,0.563668,0.737130,0.777346,0.580676,0.374970,0.216546,0.209839,0.172320,0.241690,0.295914,0.244962,0.224017,0.195826,0.383489,0.250242,0.456331,0.491314,0.367600,0.459519,0.177478,0.232689,0.201430,0.222013,0.225241,0.389167,0.261803,0.402342,0.546641,0.566034,0.464805,0.545589,0.540039,0.621573,0.599766,0.638564,0.730302,0.640802,0.719163,0.818987,0.857227,0.677716,0.174407,0.378878,0.591785,0.537386,0.533183,0.527461,0.475342,0.558945,0.442962,0.735185,0.790115,0.833970,0.784901,0.484890,0.322045,0.433491,0.385254,0.325310,0.380906
0.198875,0.198875,0.510626,0.562773,0.245535,0.548141,0.671793,0.630623,0.612967,0.330083,0.205421,0.170456,0.160017,0.396692,0.314767,0.281197,0.169333,0.235406,0.252430,0.351632,0.456339,0.548957,0.522897,0.442633,0.260672,0.197105,0.209215,0.168732,0.339940,0.429543,0.302076,0.470452,0.444450,0.531261,0.532811,0.553712,0.560057,0.633756,0.604726,0.653194,0.655677,0.768339,0.841582,0.831029,0.843376,0.830116,0.323586,0.415458,0.597503,0.547208,0.536200,0.599332,0.551678,0.481712,0.529655,0.819141,0.840118,0.828104,0.664729,0.364948,0.320885,0.458899,0.367908,0.391147,0.382297
0.118270,0.118270,0.586411,0.604821,0.234478,0.576678,0.690129,0.629815,0.593724,0.335509,0.181145,0.202474,0.180532,0.290258,0.274853,0.267414,0.219419,0.223374,0.240971,0.325666,0.549938,0.395201,0.330180,0.343852,0.358816,0.315883,0.207705,0.217293,0.425287,0.483871,0.282001,0.433455,0.551855,0.529578,0.505066,0.545808,0.554302,0.570047,0.549967,0.645664,0.749465,0.665806,0.808982,0.793570,0.794725,0.840223,0.478851,0.484201,0.603093,0.631947,0.532792,0.576073,0.540596,0.442866,0.677051,0.842165,0.819915,0.787716,0.477410,0.368183,0.359961,0.386979,0.406187,0.392919,0.421089
0.146947,0.146947,0.481249,0.581373,0.263079,0.483937,0.749315,0.736867,0.606606,0.364232,0.209796,0.205241,0.190276,0.193922,0.195156,0.196368,0.258099,0.223007,0.299581,0.238399,0.445019,0.411628,0.304143,0.222264,0.265728,0.274800,0.212033,0.238948,0.497917,0.468794,0.340349,0.549390,0.561799,0.573832,0.553060,0.538817,0.536404,0.580731,0.632536,0.605663,0.626275,0.689565,0.731666,0.743055,0.831383,0.829511,0.714298,0.446087,0.570952,0.592485,0.556066,0.581817,0.543612,0.498401,0.636129,0.735257,0.814071,0.735059,0.530981,0.330343,0.405529,0.328434,0.396672,0.308379,0.372074
0.099020,0.099020,0.433520,0.661614,0.326088,0.527512,0.728711,0.643017,0.658698,0.400889,0.180899,0.238810,0.200655,0.221697,0.282803,0.200694,0.227733,0.273211,0.284257,0.330336,0.352181,0.252275,0.482922,0.246278,0.171975,0.180574,0.219034,0.317017,0.524434,0.396073,0.413457,0.516158,0.603266,0.535219,0.548933,0.521054,0.509399,0.536640,0.609854,0.631206,0.646348,0.679576,0.714070,0.778223,0.751398,0.846540,0.824226,0.463597,0.375289,0.484166,0.528689,0.556403,0.595772,0.600692,0.528829,0.626458,0.783467,0.568091,0.354686,0.368631,0.342009,0.431510,0.334776,0.360772,0.268410
0.137618,0.137618,0.374811,0.704440,0.350788,0.499151,0.728558,0.736134,0.503962,0.480805,0.209258,0.217464,0.193723,0.198068,0.259490,0.224194,0.187983,0.197822,0.284816,0.484259,0.362362,0.351242,0.267389,0.249934,0.169376,0.210769,0.274110,0.444090,0.434842,0.257814,0.411806,0.573325,0.538780,0.628230,0.513720,0.546442,0.557816,0.559993,0.608356,0.570828,0.582597,0.624287,0.692543,0.665443,0.801333,0.844082,0.832938,0.544756,0.330616,0.249949,0.253594,0.320993,0.293871,0.547778,0.580024,0.699825,0.816350,0.510327,0.292949,0.404804,0.365405,0.353404,0.357824,0.431706,0.241191
0.277126,0.277126,0.475112,0.656905,0.437132,0.472105,0.742499,0.638431,0.583627,0.350842,0.228139,0.246042,0.178582,0.190274,0.218002,0.184820,0.157615,0.249876,0.259644,0.346502,0.512542,0.339989,0.166548,0.200217,0.174637,0.211845,0.348589,0.438982,0.308828,0.419650,0.553635,0.591598,0.501793,0.541511,0.574617,0.511781,0.520155,0.546440,0.590198,0.555386,0.636173,0.682833,0.726757,0.753516,0.818175,0.851589,0.806259,0.614364,0.379712,0.368609,0.301404,0.163477,0.169694,0.510688,0.741635,0.792033,0.641256,0.216780,0.254705,0.346459,0.422137,0.343446,0.466176,0.340740,0.270856
0.326018,0.326018,0.540831,0.703092,0.471384,0.557602,0.736193,0.705827,0.604017,0.373943,0.210555,0.168336,0.221151,0.201701,0.327427,0.203094,0.168921,0.235029,0.214477,0.256561,0.368697,0.371613,0.233525,0.178380,0.173193,0.317233,0.345013,0.347854,0.347055,0.485194,0.509654,0.541837,0.572776,0.563403,0.565018,0.475490,0.607713,0.571915,0.544683,0.506486,0.553244,0.605493,0.583052,0.685938,0.781035,0.850376,0.844164,0.800245,0.366362,0.463395,0.422690,0.343122,0.271348,0.520813,0.838673,0.605833,0.311317,0.271800,0.338628,0.388219,0.337037,0.359223,0.395561,0.356782,0.270568
0.272755,0.272755,0.434472,0.625907,0.532656,0.511299,0.738655,0.697416,0.637870,0.221635,0.236098,0.226310,0.254783,0.215247,0.231790,0.220608,0.338730,0.212945,0.291243,0.266792,0.436316,0.322212,0.166669,0.194437,0.209810,0.234387,0.273494,0.387048,0.539987,0.486929,0.590496,0.573546,0.545263,0.563857,0.504348,0.599456,0.604487,0.489969,0.595760,0.566792,0.585227,0.648501,0.620952,0.639235,0.745679,0.741575,0.773684,0.816149,0.506885,0.401239,0.331478,0.426022,0.469109,0.485340,0.572752,0.300300,0.299271,0.379449,0.456577,0.360500,0.285530,0.493844,0.437008,0.275475,0.205326
0.203915,0.203915,0.340909,0.681722,0.666763,0.483467,0.678892,0.725552,0.640757,0.216879,0.188485,0.179946,0.200843,0.249242,0.206863,0.255141,0.338443,0.257859,0.277933,0.290000,0.304809,0.339896,0.143980,0.199660,0.264576,0.411053,0.471499,0.565456,0.491684,0.487735,0.510881,0.561147,0.547447,0.526747,0.505376,0.612596,0.532984,0.574758,0.553962,0.590612,0.587678,0.614450,0.621299,0.635752,0.721037,0.775669,0.858603,0.812969,0.560381,0.316175,0.436351,0.412132,0.477882,0.458260,0.377370,0.386882,0.361929,0.396868,0.271719,0.277752,0.425815,0.497920,0.328263,0.189067,0.210995
0.275369,0.275369,0.268675,0.699396,0.664132,0.449637,0.717369,0.761641,0.528837,0.211143,0.197446,0.226483,0.260556,0.303275,0.330611,0.203602,0.308208,0.316120,0.361559,0.278106,0.241359,0.341840,0.311651,0.266734,0.314532,0.441159,0.479804,0.495240,0.513798,0.446123,0.530713,0.573317,0.516209,0.477671,0.542266,0.555492,0.595965,0.524846,0.541396,0.561134,0.559493,0.563058,0.619926,0.644782,0.722708,0.749765,0.859090,0.817899,0.747004,0.384679,0.427726,0.426976,0.479399,0.461383,0.509236,0.395684,0.327918,0.305557,0.317552,0.367001,0.449906,0.387170,0.204388,0.207306,0.437149
