0.609798,0.609798,0.609343,0.618234,0.609513,0.612189,0.691384,0.635918,0.512744,0.338465,0.360148,0.404226,0.415940,0.428577,0.456878,0.472994,0.493814,0.503726,0.507553,0.509786,0.507406,0.507838,0.514951,0.511983,0.512501,0.512515,0.509484,0.509336,0.511447,0.508193,0.507059,0.509048,0.510979,0.511055,0.507118,0.511160,0.505976,0.502306,0.498629,0.496027,0.471499,0.481499,0.557753,0.603776,0.600643,0.614342,0.610057,0.605004,0.608301,0.620845,0.611720,0.650250,0.811686,0.671768,0.397816,0.457386,0.503745,0.471147,0.485972,0.462947,0.439788,0.483406,0.482679,0.515315,0.480951
0.610916,0.610916,0.612725,0.617504,0.614389,0.625387,0.653567,0.648653,0.513656,0.336370,0.366823,0.405669,0.413142,0.427973,0.459276,0.475456,0.487602,0.503698,0.506107,0.510970,0.510902,0.513510,0.512360,0.510690,0.511185,0.510240,0.509179,0.510098,0.508914,0.506168,0.511549,0.509658,0.508700,0.511917,0.510768,0.505092,0.506142,0.504614,0.501036,0.490002,0.475105,0.466769,0.533797,0.595751,0.597711,0.611995,0.608395,0.608689,0.607733,0.602453,0.581004,0.607242,0.785534,0.897350,0.583069,0.425905,0.467693,0.428926,0.465949,0.476495,0.474527,0.506980,0.513748,0.337833,0.242330
0.612035,0.612035,0.617714,0.611654,0.615474,0.637550,0.651964,0.623283,0.520237,0.341302,0.365443,0.405229,0.415369,0.431549,0.456422,0.472877,0.489414,0.500511,0.504907,0.512906,0.511066,0.510058,0.512035,0.509567,0.508771,0.509967,0.507704,0.509283,0.508658,0.507585,0.506661,0.511497,0.508313,0.506347,0.507916,0.508384,0.503427,0.500592,0.498347,0.493612,0.480573,0.460250,0.498434,0.602499,0.608974,0.612136,0.613996,0.607309,0.602624,0.578784,0.620100,0.593899,0.695071,0.882718,0.752413,0.428775,0.473136,0.483834,0.464226,0.476150,0.527386,0.499854,0.341018,0.201174,0.255011
0.610084,0.610084,0.614277,0.611857,0.623390,0.630666,0.610011,0.625693,0.515695,0.345960,0.365433,0.411139,0.415287,0.429266,0.453243,0.472473,0.489431,0.497584,0.502394,0.509793,0.510743,0.508945,0.510330,0.510746,0.510950,0.519425,0.518211,0.503341,0.493778,0.495729,0.491380,0.492174,0.511814,0.507545,0.503321,0.502378,0.507211,0.497210,0.497292,0.493689,0.482363,0.461526,0.492682,0.585667,0.599583,0.608532,0.612963,0.610972,0.606365,0.598713,0.596045,0.602537,0.547018,0.749772,0.874255,0.623384,0.368663,0.492556,0.490895,0.503052,0.473776,0.330619,0.188864,0.172437,0.217594
0.617324,0.617324,0.609223,0.619904,0.618828,0.624627,0.613578,0.642939,0.505764,0.340259,0.366374,0.405856,0.411409,0.428149,0.450937,0.470712,0.481530,0.499433,0.504448,0.505034,0.508973,0.507393,0.511417,0.512380,0.511997,0.514166,0.528986,0.506824,0.498689,0.508042,0.469649,0.517138,0.504013,0.514165,0.517094,0.519366,0.484912,0.501229,0.497780,0.488666,0.481035,0.469443,0.488996,0.547291,0.581765,0.607615,0.607772,0.608346,0.606049,0.597963,0.608301,0.593911,0.551108,0.635933,0.885870,0.810636,0.500283,0.403890,0.463013,0.527457,0.311709,0.090388,0.215260,0.203767,0.191982
0.620264,0.620264,0.616247,0.613450,0.629829,0.623940,0.667315,0.631270,0.507731,0.333165,0.363081,0.404848,0.412540,0.424998,0.447916,0.463981,0.483916,0.493897,0.500552,0.502870,0.502614,0.505390,0.507579,0.509050,0.503894,0.515315,0.512931,0.505653,0.511638,0.527078,0.496707,0.449933,0.467253,0.462837,0.470866,0.531751,0.547691,0.489984,0.479596,0.485898,0.479953,0.478024,0.482796,0.535814,0.572418,0.593194,0.601269,0.602154,0.601428,0.595487,0.591918,0.598178,0.526906,0.594512,0.783267,0.896882,0.691430,0.395464,0.489778,0.404114,0.205869,0.177419,0.237507,0.202783,0.181313
0.618225,0.618225,0.634896,0.568476,0.533416,0.600547,0.626951,0.624140,0.511098,0.337284,0.359983,0.402536,0.407603,0.417676,0.446948,0.458426,0.472801,0.493215,0.496250,0.497991,0.502067,0.503637,0.506389,0.509208,0.508413,0.533169,0.572256,0.608639,0.715072,0.703867,0.693381,0.722523,0.669985,0.513252,0.469420,0.458562,0.470557,0.522133,0.492052,0.464001,0.489117,0.473344,0.482953,0.538717,0.552780,0.580966,0.595720,0.594213,0.592921,0.590623,0.584111,0.577982,0.580042,0.548166,0.619197,0.827425,0.857486,0.610502,0.319629,0.151660,0.188286,0.224816,0.239092,0.223091,0.195356
0.640006,0.640006,0.629690,0.506405,0.493454,0.601314,0.634786,0.648515,0.506919,0.323576,0.353777,0.390605,0.403948,0.416112,0.436532,0.457440,0.473037,0.485130,0.492823,0.495422,0.501014,0.505131,0.500860,0.504328,0.511927,0.527459,0.530442,0.618088,0.607442,0.695225,0.701579,0.732142,0.785303,0.807626,0.690011,0.521354,0.452072,0.467940,0.464608,0.473266,0.525793,0.431791,0.473572,0.545057,0.573045,0.563197,0.580180,0.574314,0.586025,0.578958,0.566735,0.578742,0.583255,0.586692,0.524885,0.691038,0.903257,0.698391,0.179790,0.192855,0.175522,0.190310,0.182164,0.197657,0.172227
0.662721,0.662721,0.565341,0.357122,0.486901,0.595491,0.662315,0.644745,0.503389,0.324711,0.351251,0.394034,0.396975,0.410622,0.437147,0.453344,0.461275,0.480283,0.484472,0.490857,0.498372,0.486184,0.492390,0.488797,0.507448,0.513988,0.559528,0.576135,0.605662,0.694602,0.668806,0.720473,0.745419,0.753220,0.769714,0.787604,0.596189,0.411660,0.401563,0.390918,0.440559,0.417300,0.453573,0.529710,0.559124,0.564671,0.576303,0.587670,0.565405,0.552518,0.573201,0.566555,0.583570,0.637947,0.563755,0.586587,0.737568,0.336875,0.172311,0.127847,0.206058,0.168159,0.173367,0.214566,0.201052
0.664731,0.664731,0.482582,0.311747,0.493236,0.618830,0.680444,0.650086,0.504236,0.320664,0.346943,0.384394,0.401475,0.408967,0.426622,0.443416,0.459589,0.475058,0.487409,0.488021,0.487750,0.480165,0.494421,0.494690,0.505000,0.531212,0.551902,0.569679,0.609213,0.649259,0.738432,0.744545,0.764343,0.767720,0.755005,0.781043,0.794129,0.651840,0.447710,0.415251,0.374400,0.417731,0.474098,0.603689,0.595137,0.595009,0.498326,0.508552,0.534788,0.575817,0.589925,0.571915,0.578959,0.577451,0.580643,0.585605,0.305101,0.135847,0.206441,0.223909,0.228154,0.220354,0.202925,0.230858,0.359844
0.590602,0.590602,0.381157,0.328212,0.472783,0.638181,0.675147,0.652198,0.499407,0.317011,0.347395,0.393739,0.402526,0.404744,0.426264,0.445142,0.459303,0.478354,0.484984,0.487423,0.471128,0.472958,0.490416,0.488657,0.504046,0.527813,0.536549,0.568195,0.591383,0.652549,0.679177,0.709172,0.751680,0.773323,0.807895,0.818474,0.807385,0.849274,0.652744,0.409508,0.373696,0.314133,0.427372,0.609770,0.601050,0.618347,0.437738,0.310334,0.526627,0.581662,0.568457,0.548771,0.568289,0.509861,0.620257,0.382205,0.153310,0.209748,0.191706,0.179044,0.231327,0.201089,0.248423,0.294723,0.581654
0.427122,0.427122,0.359822,0.327851,0.484815,0.632605,0.672539,0.650205,0.504348,0.315992,0.352064,0.381855,0.400610,0.415318,0.427409,0.447273,0.453907,0.477579,0.474198,0.464077,0.454156,0.470914,0.474588,0.484624,0.500973,0.513117,0.549375,0.593162,0.595418,0.622948,0.670008,0.711414,0.751971,0.783416,0.817819,0.822706,0.812502,0.820952,0.938086,0.490810,0.330001,0.342257,0.443921,0.600337,0.658101,0.571486,0.463036,0.220636,0.392756,0.557958,0.560275,0.586516,0.559646,0.607652,0.508203,0.173878,0.214181,0.190569,0.184023,0.223468,0.175637,0.248940,0.378794,0.606944,0.595210
0.331137,0.331137,0.319438,0.335703,0.473788,0.651582,0.660622,0.647345,0.496455,0.313224,0.345103,0.391804,0.393725,0.403796,0.427299,0.460155,0.474341,0.468054,0.469836,0.455304,0.467660,0.468541,0.479468,0.487898,0.506666,0.540071,0.526464,0.580393,0.593821,0.582400,0.664636,0.742289,0.768341,0.785721,0.787202,0.823717,0.819522,0.789982,0.850336,0.829261,0.556959,0.308713,0.438933,0.558824,0.610213,0.618516,0.492520,0.182917,0.262881,0.499085,0.556945,0.544284,0.548340,0.609456,0.255207,0.185963,0.195434,0.221311,0.194537,0.194557,0.207290,0.286989,0.533043,0.583111,0.644237
0.325969,0.325969,0.369266,0.321894,0.466489,0.642803,0.664143,0.648476,0.496505,0.314217,0.346595,0.392342,0.402466,0.414996,0.418260,0.464318,0.506292,0.507278,0.409255,0.444326,0.454766,0.471235,0.482723,0.508597,0.523708,0.529890,0.556359,0.533420,0.561234,0.697131,0.740859,0.730700,0.760275,0.768603,0.783510,0.814047,0.832476,0.795401,0.836798,0.836049,0.901308,0.430539,0.362678,0.573708,0.611492,0.586363,0.475594,0.225823,0.129151,0.299059,0.546102,0.636232,0.541467,0.435462,0.132767,0.223795,0.222592,0.196117,0.211082,0.206096,0.264312,0.514885,0.558121,0.628919,0.684179
0.363732,0.363732,0.375953,0.344973,0.473308,0.643399,0.658343,0.649610,0.494451,0.313771,0.344034,0.386620,0.397633,0.419585,0.430744,0.451187,0.502685,0.547297,0.418860,0.438753,0.453614,0.464197,0.492211,0.497678,0.513830,0.539773,0.479911,0.567369,0.725383,0.701821,0.687731,0.736639,0.746523,0.745469,0.774036,0.785238,0.782063,0.777165,0.761869,0.802259,0.877569,0.765380,0.364679,0.542013,0.632335,0.609992,0.486985,0.257340,0.177685,0.399262,0.789074,0.843730,0.774193,0.243960,0.117528,0.220715,0.205195,0.186648,0.239896,0.216389,0.477774,0.595533,0.634304,0.617567,0.636360
0.377169,0.377169,0.386507,0.345034,0.479914,0.641498,0.665361,0.651061,0.502494,0.311622,0.348967,0.386587,0.393988,0.420413,0.409154,0.422456,0.584504,0.538722,0.398237,0.438707,0.464158,0.469231,0.486392,0.498763,0.520433,0.485876,0.596124,0.681359,0.659316,0.707036,0.702035,0.755360,0.727632,0.743667,0.753430,0.781601,0.774308,0.794929,0.811382,0.786439,0.786758,0.836399,0.548513,0.509300,0.619847,0.649563,0.444863,0.207732,0.505851,0.807325,0.833795,0.854661,0.893572,0.374051,0.191289,0.188173,0.197434,0.205019,0.180976,0.334529,0.586490,0.589136,0.653429,0.606289,0.628123
0.397214,0.397214,0.414019,0.377686,0.476920,0.648429,0.656065,0.653701,0.502137,0.320419,0.348339,0.391547,0.397731,0.412018,0.416043,0.410415,0.662875,0.507301,0.395792,0.422132,0.470183,0.472492,0.490946,0.499521,0.505309,0.571207,0.615140,0.621557,0.648772,0.712777,0.707594,0.703286,0.716160,0.705452,0.742293,0.763381,0.757810,0.743616,0.751374,0.753870,0.826291,0.853773,0.778116,0.637245,0.605365,0.539628,0.472121,0.600707,0.816961,0.829221,0.796431,0.790259,0.883598,0.399081,0.161881,0.210540,0.157272,0.161838,0.210417,0.528926,0.629064,0.615125,0.578309,0.628501,0.613592
0.411275,0.411275,0.429463,0.380792,0.481789,0.640473,0.660017,0.656317,0.499920,0.317768,0.348092,0.392238,0.391761,0.412836,0.398958,0.460511,0.644561,0.521112,0.430327,0.389744,0.462977,0.470031,0.492928,0.504243,0.531579,0.575064,0.574513,0.619974,0.657389,0.668188,0.669229,0.694917,0.701878,0.723691,0.730877,0.733074,0.732400,0.722688,0.751652,0.764669,0.729315,0.769771,0.772085,0.756623,0.626404,0.695822,0.740714,0.817667,0.800488,0.787810,0.793387,0.782393,0.845676,0.301699,0.189296,0.198978,0.192234,0.201423,0.372126,0.615337,0.624080,0.613258,0.629745,0.609217,0.601750
0.398973,0.398973,0.423771,0.391742,0.472858,0.636976,0.679420,0.663649,0.504733,0.323262,0.347887,0.390780,0.401616,0.395018,0.400201,0.392545,0.714326,0.542959,0.482069,0.416129,0.455238,0.489459,0.491709,0.516790,0.549419,0.561222,0.577542,0.623655,0.661979,0.673830,0.662111,0.697242,0.678155,0.675143,0.719567,0.698057,0.726328,0.703814,0.733323,0.738635,0.704941,0.726932,0.712441,0.750257,0.750103,0.781129,0.813971,0.794366,0.790199,0.803074,0.780475,0.834534,0.787922,0.254876,0.169830,0.169615,0.214999,0.302288,0.565820,0.601344,0.608787,0.619412,0.610594,0.608262,0.612025
0.402609,0.402609,0.395679,0.387883,0.490967,0.631033,0.673014,0.662018,0.513874,0.322793,0.351382,0.388684,0.395591,0.402610,0.385018,0.449618,0.720888,0.586006,0.482108,0.436711,0.464882,0.484681,0.511132,0.521133,0.531143,0.562383,0.567529,0.603197,0.618025,0.662127,0.702497,0.695666,0.620381,0.676497,0.632834,0.675981,0.726670,0.731193,0.689772,0.711208,0.646762,0.658725,0.713373,0.775591,0.794982,0.740071,0.771614,0.788074,0.749024,0.803779,0.658253,0.752677,0.558133,0.176367,0.205344,0.195786,0.171069,0.441028,0.586228,0.623468,0.621054,0.600152,0.606783,0.613177,0.615012
0.406339,0.406339,0.382580,0.394858,0.492638,0.633068,0.682588,0.663015,0.502114,0.328926,0.344330,0.385782,0.391484,0.412967,0.367295,0.424522,0.698239,0.599388,0.570146,0.458490,0.439751,0.506709,0.505563,0.511725,0.534580,0.547449,0.586728,0.614122,0.585590,0.634414,0.643946,0.624913,0.681964,0.638668,0.652977,0.660050,0.689915,0.692104,0.649165,0.712925,0.680773,0.727151,0.748498,0.772685,0.772808,0.749994,0.775163,0.790872,0.773088,0.670852,0.544422,0.721143,0.351244,0.186419,0.150175,0.187398,0.397222,0.565957,0.617888,0.610229,0.620314,0.613874,0.609990,0.614992,0.604768
0.409681,0.409681,0.401130,0.393683,0.493958,0.628910,0.671401,0.656525,0.512142,0.319514,0.346462,0.375109,0.384231,0.376231,0.362136,0.414394,0.733335,0.689193,0.585512,0.496588,0.474058,0.500899,0.505868,0.513767,0.509792,0.504544,0.554292,0.583071,0.496407,0.477288,0.547650,0.553000,0.542382,0.618291,0.607873,0.583179,0.565793,0.550205,0.598661,0.757494,0.802936,0.729432,0.748032,0.739651,0.739432,0.782223,0.805631,0.818880,0.760895,0.473964,0.492213,0.685222,0.201482,0.171679,0.161080,0.203316,0.465850,0.570029,0.625033,0.602739,0.610185,0.605751,0.604721,0.606442,0.608083
0.407257,0.407257,0.412772,0.393244,0.489694,0.633816,0.676198,0.663687,0.515705,0.324691,0.343904,0.388913,0.395488,0.403100,0.360607,0.468826,0.746057,0.716127,0.567249,0.475647,0.477272,0.486032,0.508226,0.509561,0.528480,0.479782,0.575256,0.535369,0.448448,0.391945,0.401431,0.519871,0.411719,0.320827,0.389486,0.198274,0.220786,0.480225,0.679642,0.772873,0.752670,0.765068,0.751886,0.777927,0.753649,0.800082,0.826775,0.604432,0.394841,0.397720,0.678904,0.379941,0.188968,0.166381,0.166164,0.296869,0.589061,0.635896,0.637956,0.628573,0.613415,0.606662,0.601750,0.606306,0.613106
0.410565,0.410565,0.397544,0.384255,0.495594,0.632654,0.673486,0.660842,0.515067,0.318274,0.344589,0.392286,0.386929,0.391761,0.396098,0.360631,0.772381,0.745371,0.504981,0.492790,0.460936,0.499187,0.491868,0.495317,0.498304,0.540370,0.503695,0.482963,0.383854,0.330197,0.272611,0.395842,0.332736,0.342430,0.243459,0.226932,0.461699,0.660784,0.740578,0.810958,0.721189,0.787426,0.753855,0.810509,0.755324,0.651910,0.411096,0.388213,0.522777,0.700844,0.348045,0.202391,0.197348,0.228073,0.274102,0.483719,0.611864,0.634320,0.622163,0.617494,0.616846,0.610872,0.608533,0.608375,0.604589
0.418201,0.418201,0.392309,0.389811,0.497435,0.627335,0.688343,0.662088,0.509301,0.316868,0.343328,0.390730,0.397281,0.359904,0.384970,0.377889,0.628651,0.786476,0.624270,0.477557,0.518431,0.512483,0.436865,0.525660,0.513632,0.486107,0.419928,0.302709,0.242900,0.195696,0.303739,0.330640,0.386466,0.275620,0.252725,0.548364,0.695606,0.708231,0.689493,0.672468,0.777661,0.732659,0.759192,0.558210,0.361704,0.449956,0.600576,0.660868,0.761923,0.415016,0.167208,0.286552,0.198673,0.182356,0.292722,0.554316,0.626628,0.640744,0.638099,0.624981,0.614993,0.610534,0.609588,0.608517,0.606505
0.414744,0.414744,0.404472,0.387292,0.486659,0.626624,0.675206,0.656792,0.516192,0.315822,0.346447,0.391498,0.393042,0.401154,0.417264,0.409251,0.497812,0.816247,0.690761,0.507777,0.456673,0.469458,0.501408,0.470381,0.533472,0.351034,0.299173,0.266857,0.265416,0.216874,0.255439,0.230692,0.352901,0.340523,0.445405,0.731619,0.777975,0.670400,0.677945,0.701686,0.712124,0.728990,0.687632,0.330135,0.425048,0.443752,0.610230,0.705140,0.313958,0.156704,0.213142,0.234114,0.193864,0.231902,0.406003,0.563840,0.649610,0.637041,0.636833,0.616489,0.615652,0.617182,0.610164,0.610467,0.615602
0.412910,0.412910,0.420253,0.373297,0.472778,0.637827,0.665551,0.661426,0.514490,0.322908,0.346847,0.386347,0.399578,0.418750,0.434654,0.412663,0.409539,0.695632,0.770058,0.458685,0.467468,0.441552,0.507524,0.415843,0.374263,0.273393,0.286477,0.200609,0.288024,0.266015,0.203959,0.207390,0.306454,0.432916,0.616851,0.714187,0.669528,0.703729,0.695237,0.681101,0.729514,0.744983,0.747145,0.510908,0.303456,0.447664,0.594867,0.287523,0.157510,0.234118,0.220602,0.196663,0.161973,0.232401,0.481276,0.546336,0.658290,0.625493,0.614597,0.621170,0.619153,0.615864,0.615795,0.614010,0.607517
0.411160,0.411160,0.405616,0.360587,0.475470,0.640574,0.670111,0.661175,0.517590,0.320010,0.348160,0.393423,0.398555,0.406914,0.421263,0.460434,0.438900,0.701373,0.629228,0.431053,0.459834,0.461699,0.480236,0.295167,0.241905,0.152012,0.265697,0.268614,0.270966,0.346910,0.187344,0.199882,0.516426,0.587173,0.668735,0.727587,0.664301,0.674753,0.639345,0.723141,0.778447,0.731829,0.825799,0.589506,0.283854,0.326245,0.560579,0.250699,0.178410,0.212112,0.201866,0.166671,0.182345,0.353148,0.579685,0.626168,0.604763,0.634851,0.616313,0.612818,0.620035,0.612783,0.611849,0.609849,0.607785
0.408536,0.408536,0.394315,0.373940,0.471811,0.632266,0.681078,0.669267,0.523749,0.324130,0.349256,0.393704,0.403242,0.408246,0.403247,0.444345,0.404336,0.569999,0.650086,0.450714,0.473058,0.420449,0.341950,0.204215,0.274496,0.196167,0.216306,0.227688,0.285523,0.319205,0.230790,0.515457,0.638726,0.616262,0.711096,0.668347,0.667440,0.626997,0.666951,0.744776,0.757896,0.783631,0.837579,0.675660,0.316173,0.199368,0.510204,0.308058,0.235100,0.292731,0.186857,0.215620,0.180310,0.457565,0.564974,0.630460,0.611209,0.611369,0.605105,0.614356,0.605082,0.607339,0.604696,0.607495,0.606074
0.408030,0.408030,0.391158,0.372989,0.465488,0.624556,0.675223,0.668067,0.524860,0.324265,0.356758,0.407226,0.406191,0.412854,0.445736,0.467969,0.476297,0.504035,0.530274,0.461640,0.513616,0.314950,0.252090,0.212756,0.241342,0.248942,0.193835,0.224316,0.217381,0.251293,0.483730,0.617847,0.706595,0.715335,0.709337,0.633368,0.647482,0.668328,0.683617,0.757339,0.754021,0.821979,0.818386,0.767173,0.343592,0.216126,0.504730,0.281476,0.244672,0.261204,0.220342,0.209578,0.252999,0.549420,0.609584,0.644839,0.636077,0.612344,0.614460,0.598945,0.601955,0.602221,0.603681,0.595536,0.596669
0.404860,0.404860,0.411556,0.361811,0.467351,0.632209,0.670057,0.672627,0.520216,0.328610,0.358240,0.395708,0.407386,0.406368,0.430547,0.439962,0.573635,0.435758,0.420505,0.535802,0.409126,0.237519,0.279494,0.226108,0.280685,0.175539,0.202795,0.291230,0.217153,0.323148,0.643100,0.677796,0.716032,0.730689,0.485903,0.500002,0.580115,0.728303,0.688932,0.763308,0.768137,0.811676,0.836005,0.764286,0.412754,0.139810,0.403957,0.403678,0.188654,0.259032,0.206518,0.173105,0.454995,0.595316,0.623641,0.606138,0.608986,0.611593,0.608606,0.609105,0.604520,0.596918,0.589542,0.590593,0.588880
0.402310,0.402310,0.392387,0.362117,0.455223,0.632955,0.678466,0.679586,0.521127,0.331825,0.355827,0.414393,0.402040,0.360626,0.404485,0.468165,0.532538,0.427252,0.357331,0.424521,0.283240,0.256593,0.301988,0.254949,0.181090,0.204238,0.185449,0.270929,0.286308,0.614982,0.712701,0.709251,0.640476,0.522275,0.465672,0.457973,0.337796,0.518513,0.611771,0.712317,0.742904,0.743110,0.619871,0.401002,0.342016,0.164714,0.380491,0.380954,0.263962,0.228012,0.240945,0.234596,0.458102,0.586454,0.614963,0.625460,0.614004,0.610378,0.610890,0.605047,0.602271,0.601559,0.589119,0.585518,0.589056
0.407296,0.407296,0.395004,0.345478,0.448070,0.622468,0.691326,0.683721,0.533630,0.330957,0.354145,0.390185,0.405932,0.394270,0.548329,0.546062,0.610918,0.491476,0.263289,0.267753,0.297488,0.319522,0.218710,0.260349,0.201458,0.300315,0.188245,0.154582,0.516190,0.683930,0.752028,0.620741,0.277432,0.192783,0.243449,0.330580,0.345651,0.490420,0.565460,0.655042,0.717704,0.476424,0.258616,0.227989,0.261436,0.151864,0.373793,0.464199,0.211948,0.215942,0.186560,0.286215,0.554246,0.621479,0.600424,0.616271,0.609708,0.609663,0.605596,0.599160,0.591657,0.592342,0.577201,0.553391,0.548729
0.377658,0.377658,0.378504,0.345527,0.417099,0.621158,0.690422,0.680644,0.542769,0.325290,0.346941,0.401495,0.370319,0.317855,0.496251,0.662224,0.518342,0.244236,0.213560,0.244573,0.286730,0.423332,0.208430,0.258328,0.247681,0.211441,0.207066,0.281660,0.654550,0.695998,0.647824,0.401503,0.269425,0.302409,0.370511,0.691815,0.454401,0.441150,0.523805,0.718402,0.652861,0.283788,0.386276,0.382962,0.160305,0.159205,0.367333,0.496863,0.255046,0.200330,0.160712,0.400057,0.551149,0.600210,0.613044,0.598346,0.597992,0.595327,0.594628,0.583962,0.583967,0.575855,0.486540,0.501459,0.568077
0.389131,0.389131,0.380570,0.302383,0.384503,0.603707,0.684745,0.692682,0.540744,0.336792,0.389009,0.408223,0.383866,0.390193,0.530695,0.513205,0.243312,0.343746,0.267969,0.279857,0.356531,0.474020,0.272098,0.161518,0.171847,0.169522,0.216410,0.576153,0.729092,0.658353,0.500469,0.555388,0.508576,0.439444,0.585862,0.623628,0.587846,0.500595,0.539783,0.773466,0.678920,0.508310,0.488687,0.392212,0.222713,0.197012,0.337192,0.534515,0.304010,0.168018,0.209952,0.450507,0.583368,0.601039,0.630390,0.593224,0.598295,0.586826,0.608315,0.535157,0.586479,0.558358,0.564314,0.635564,0.688706
0.374659,0.374659,0.346137,0.281690,0.334826,0.624536,0.675119,0.699818,0.544678,0.339575,0.384926,0.399551,0.475234,0.523070,0.316539,0.225541,0.251095,0.410650,0.271572,0.318997,0.396363,0.423181,0.257577,0.144297,0.155808,0.188580,0.368802,0.651157,0.733458,0.402200,0.520973,0.590952,0.574788,0.624951,0.584427,0.627045,0.619821,0.528813,0.543071,0.726394,0.752129,0.560752,0.507647,0.413290,0.297847,0.206097,0.323630,0.544753,0.260606,0.164121,0.294753,0.556583,0.622558,0.618591,0.613629,0.595954,0.576774,0.581542,0.566815,0.560013,0.524521,0.621779,0.723230,0.729602,0.737707
0.345701,0.345701,0.346409,0.265554,0.326756,0.631935,0.673338,0.712806,0.544830,0.344180,0.386560,0.463875,0.527711,0.432182,0.298080,0.254287,0.395683,0.345761,0.190263,0.181095,0.351875,0.338461,0.364454,0.183191,0.147030,0.258587,0.546691,0.759502,0.403768,0.384134,0.533534,0.549976,0.670491,0.668800,0.649963,0.672081,0.641560,0.524717,0.447890,0.683966,0.779857,0.633030,0.524725,0.489174,0.324822,0.234723,0.317702,0.527117,0.172032,0.145233,0.333650,0.597151,0.594419,0.609750,0.580876,0.581892,0.568599,0.592652,0.546238,0.527098,0.660501,0.764422,0.775173,0.777558,0.731160
0.320224,0.320224,0.342580,0.240919,0.317737,0.590530,0.662920,0.693253,0.564071,0.309762,0.395937,0.420166,0.423345,0.346609,0.296521,0.299718,0.377781,0.253805,0.217851,0.191303,0.186233,0.192330,0.463629,0.293220,0.142096,0.363329,0.720101,0.475682,0.238263,0.479753,0.539404,0.605320,0.608992,0.636732,0.660967,0.654929,0.575850,0.578918,0.487840,0.628933,0.841068,0.624313,0.575884,0.538834,0.308557,0.265134,0.236516,0.526182,0.238258,0.172447,0.421166,0.599864,0.604644,0.609222,0.594522,0.584097,0.572544,0.579223,0.528711,0.582284,0.730667,0.769511,0.752774,0.797142,0.816767
0.293456,0.293456,0.286954,0.224544,0.322570,0.635286,0.688763,0.684791,0.547365,0.330983,0.415324,0.519477,0.369319,0.414193,0.324833,0.355884,0.439630,0.330893,0.174768,0.111237,0.246965,0.301359,0.519308,0.331983,0.241018,0.534575,0.632822,0.209099,0.214643,0.458029,0.472858,0.537516,0.608284,0.623098,0.653002,0.634150,0.522464,0.519905,0.465708,0.591888,0.826644,0.632541,0.582189,0.496396,0.282127,0.257503,0.223725,0.538344,0.286617,0.205554,0.516952,0.636187,0.651940,0.621096,0.590763,0.586698,0.561381,0.559622,0.533718,0.721212,0.766468,0.760520,0.786938,0.822016,0.813222
0.334794,0.334794,0.322685,0.208665,0.313506,0.622810,0.689488,0.703429,0.539722,0.343577,0.387379,0.428627,0.346136,0.384345,0.313349,0.307869,0.449112,0.317324,0.199136,0.157986,0.300055,0.432100,0.298256,0.177767,0.474432,0.669452,0.334136,0.226939,0.354012,0.445817,0.519248,0.527143,0.588936,0.599311,0.622395,0.602854,0.524397,0.492682,0.482952,0.583261,0.821368,0.604007,0.553543,0.441772,0.210792,0.217423,0.262724,0.489909,0.302573,0.268404,0.523605,0.619769,0.623801,0.563187,0.589376,0.586530,0.560765,0.544968,0.606953,0.768740,0.736072,0.806518,0.822538,0.814924,0.810498
0.339384,0.339384,0.302136,0.253916,0.359178,0.634717,0.682483,0.704146,0.559032,0.321788,0.400133,0.418535,0.341521,0.352574,0.286132,0.347011,0.415162,0.415878,0.221201,0.246143,0.191348,0.306273,0.157792,0.305297,0.703667,0.452238,0.168946,0.205375,0.328033,0.428872,0.522393,0.505673,0.562746,0.610988,0.607257,0.614529,0.588490,0.489333,0.376397,0.448028,0.718302,0.602815,0.520695,0.294031,0.181147,0.229004,0.188019,0.441879,0.359794,0.389120,0.655958,0.617485,0.586991,0.591039,0.589463,0.593215,0.580810,0.588054,0.690273,0.773639,0.803789,0.810763,0.816455,0.810325,0.822504
0.330091,0.330091,0.286014,0.262506,0.446147,0.609849,0.673962,0.691787,0.556055,0.315056,0.387995,0.436609,0.331796,0.290292,0.288161,0.281858,0.412417,0.484600,0.302908,0.348842,0.222120,0.302750,0.536336,0.510086,0.490671,0.199311,0.190819,0.238275,0.374162,0.477957,0.508641,0.525069,0.567880,0.601364,0.588966,0.613702,0.565890,0.559833,0.572944,0.721320,0.670081,0.606048,0.461000,0.195497,0.230309,0.268305,0.204691,0.406963,0.460094,0.482180,0.643997,0.593969,0.580572,0.598124,0.586542,0.566722,0.580081,0.588773,0.719968,0.790329,0.836204,0.814564,0.825439,0.825732,0.802500
0.268164,0.268164,0.316118,0.264738,0.439824,0.613650,0.682184,0.692610,0.566160,0.311237,0.345009,0.450171,0.347995,0.362973,0.206163,0.309823,0.356929,0.384414,0.486819,0.275244,0.246243,0.564252,0.628257,0.441121,0.259390,0.180132,0.251519,0.212253,0.365220,0.432447,0.495410,0.519214,0.539181,0.547084,0.557565,0.549546,0.595654,0.616143,0.725569,0.778250,0.653054,0.561693,0.328313,0.166526,0.223307,0.285874,0.206215,0.323635,0.505965,0.506016,0.617401,0.574442,0.605213,0.593135,0.578925,0.544077,0.567058,0.581868,0.754711,0.794952,0.834825,0.822818,0.798333,0.819597,0.812324
0.263109,0.263109,0.277591,0.202878,0.441488,0.612152,0.692974,0.688202,0.566393,0.324610,0.409517,0.476300,0.289951,0.252334,0.201522,0.395071,0.357132,0.333726,0.422230,0.357478,0.630343,0.703870,0.451168,0.284806,0.164515,0.175205,0.277632,0.227318,0.340942,0.387338,0.485551,0.494549,0.545382,0.530977,0.528939,0.509731,0.510189,0.485543,0.533769,0.561310,0.568426,0.492479,0.211845,0.194610,0.254737,0.296633,0.273901,0.276584,0.509406,0.566557,0.588561,0.595182,0.590066,0.584831,0.577758,0.571287,0.566695,0.600188,0.773715,0.790475,0.830765,0.830867,0.809387,0.824296,0.820244
0.227382,0.227382,0.238419,0.244323,0.441060,0.636451,0.667088,0.692827,0.565160,0.380415,0.428211,0.446638,0.242040,0.210330,0.286906,0.417660,0.396080,0.371784,0.337339,0.484370,0.641815,0.563891,0.401527,0.191998,0.197285,0.188306,0.198880,0.243496,0.250657,0.347777,0.440293,0.473013,0.544805,0.553719,0.522005,0.489892,0.484839,0.566145,0.610584,0.577464,0.558892,0.344335,0.170095,0.160559,0.224436,0.278867,0.220081,0.256289,0.536031,0.594128,0.645559,0.583615,0.589558,0.582447,0.576601,0.582409,0.546466,0.595307,0.797675,0.807514,0.805431,0.829092,0.824329,0.837734,0.857837
0.177513,0.177513,0.205026,0.244998,0.410439,0.626909,0.673264,0.722775,0.602089,0.285351,0.430683,0.356695,0.297723,0.174964,0.278474,0.517380,0.361395,0.405123,0.426343,0.483111,0.621885,0.585841,0.213731,0.183056,0.200879,0.204180,0.271386,0.218878,0.303264,0.298077,0.433503,0.445757,0.519473,0.518613,0.544629,0.541201,0.525087,0.552590,0.530080,0.593241,0.451472,0.162228,0.128902,0.192876,0.250769,0.333414,0.257702,0.230778,0.575192,0.613943,0.595335,0.586172,0.590645,0.584577,0.570672,0.558927,0.519666,0.614529,0.841332,0.850423,0.843670,0.863761,0.847560,0.798764,0.849857
0.194264,0.194264,0.179264,0.292286,0.462083,0.612241,0.710443,0.689457,0.560915,0.339629,0.414153,0.293495,0.272871,0.201367,0.255316,0.438772,0.452761,0.423989,0.413806,0.390270,0.638261,0.323396,0.181772,0.282889,0.150281,0.237938,0.192035,0.226910,0.274202,0.281248,0.298759,0.392353,0.507448,0.506980,0.555964,0.564672,0.558454,0.652325,0.647556,0.563514,0.319431,0.185297,0.238966,0.206781,0.276843,0.294906,0.312432,0.282764,0.590045,0.590659,0.600279,0.579278,0.571577,0.562500,0.539055,0.570659,0.542703,0.613617,0.857001,0.814878,0.817522,0.832141,0.839329,0.831925,0.790752
0.165728,0.165728,0.191668,0.299241,0.474350,0.618246,0.646012,0.693304,0.583979,0.308107,0.391431,0.251851,0.243879,0.202218,0.181963,0.370295,0.319459,0.493412,0.470867,0.494722,0.355011,0.220363,0.150949,0.208183,0.194426,0.199746,0.197125,0.221649,0.242924,0.229472,0.268159,0.242022,0.389702,0.450783,0.550658,0.566355,0.662758,0.664877,0.664821,0.526897,0.214584,0.228430,0.246007,0.219569,0.252490,0.341658,0.294629,0.270387,0.620944,0.590237,0.595141,0.581342,0.586963,0.560787,0.538984,0.544158,0.508752,0.713586,0.858521,0.866303,0.796030,0.838059,0.808040,0.729755,0.601668
0.187263,0.187263,0.184230,0.242432,0.468789,0.641563,0.660396,0.664487,0.562028,0.470700,0.387026,0.250761,0.254527,0.221617,0.191664,0.450591,0.346994,0.381100,0.447755,0.535386,0.431103,0.285572,0.176165,0.240277,0.231915,0.196580,0.231635,0.199030,0.217180,0.223022,0.255573,0.282642,0.421314,0.450051,0.495277,0.557660,0.616437,0.647498,0.600298,0.563093,0.331460,0.250425,0.236123,0.211455,0.296456,0.404757,0.303337,0.294045,0.615524,0.461274,0.510246,0.552902,0.561240,0.544602,0.581328,0.543413,0.539223,0.724816,0.848505,0.836101,0.829262,0.794892,0.578478,0.283630,0.198505
0.329861,0.329861,0.216294,0.228672,0.366230,0.579454,0.656724,0.672834,0.643419,0.412324,0.330936,0.159200,0.231867,0.196824,0.264910,0.329265,0.440274,0.455468,0.414879,0.425384,0.455436,0.484034,0.225804,0.252663,0.249595,0.208844,0.225913,0.216981,0.215069,0.216298,0.247200,0.423088,0.491419,0.556152,0.539677,0.547751,0.581625,0.566685,0.688839,0.757668,0.790400,0.604499,0.356580,0.177003,0.319152,0.305293,0.300881,0.330829,0.531953,0.461444,0.440854,0.479522,0.477714,0.484087,0.480297,0.470177,0.417178,0.777329,0.818795,0.769082,0.839953,0.613362,0.202865,0.201859,0.329085
0.567235,0.567235,0.435492,0.248453,0.259569,0.576355,0.719153,0.676116,0.634901,0.465886,0.283716,0.108999,0.313052,0.279416,0.301832,0.257056,0.340454,0.413276,0.385525,0.441359,0.476940,0.382951,0.388631,0.215159,0.186428,0.193342,0.196421,0.214530,0.223213,0.247755,0.265346,0.427928,0.470024,0.519893,0.535297,0.554120,0.575888,0.629273,0.731168,0.801742,0.751797,0.810052,0.820342,0.528475,0.275541,0.269405,0.303658,0.321893,0.628086,0.595607,0.560739,0.514226,0.476714,0.442434,0.446528,0.398579,0.447738,0.704048,0.839647,0.838552,0.610231,0.250061,0.295263,0.353156,0.315539
0.507260,0.507260,0.530729,0.445448,0.260107,0.587148,0.654283,0.681370,0.627167,0.510134,0.213103,0.157530,0.273342,0.259310,0.279778,0.239777,0.295891,0.292016,0.297606,0.425396,0.499888,0.400089,0.464574,0.261055,0.198978,0.220709,0.205353,0.215673,0.192800,0.337207,0.262478,0.387890,0.463393,0.540921,0.533865,0.558546,0.574114,0.618331,0.704169,0.703159,0.675535,0.750536,0.812562,0.878989,0.567063,0.225708,0.219901,0.344994,0.616066,0.605180,0.558886,0.576936,0.541149,0.500546,0.408938,0.478316,0.498570,0.798685,0.839916,0.759874,0.304703,0.314591,0.405753,0.407944,0.356833
0.338271,0.338271,0.640918,0.552487,0.286063,0.586874,0.700164,0.715588,0.604141,0.410382,0.163026,0.198249,0.206274,0.200000,0.282279,0.219370,0.219378,0.298225,0.304727,0.341459,0.466070,0.478475,0.371962,0.388500,0.138783,0.211586,0.202584,0.211687,0.229376,0.393982,0.244167,0.372090,0.505558,0.554974,0.544006,0.563517,0.576237,0.608562,0.634886,0.692757,0.693787,0.711249,0.781335,0.806502,0.894810,0.455844,0.184425,0.360473,0.624163,0.611712,0.537190,0.559896,0.554167,0.548831,0.467140,0.531071,0.647940,0.834921,0.863526,0.605743,0.339461,0.391942,0.429474,0.438499,0.393150
0.169639,0.169639,0.555568,0.593461,0.224169,0.562674,0.734210,0.675770,0.602164,0.409531,0.206513,0.234055,0.183825,0.229261,0.315337,0.154848,0.230167,0.210056,0.386078,0.386604,0.449304,0.497833,0.350027,0.446359,0.209079,0.225258,0.245966,0.223098,0.195899,0.458979,0.319906,0.416896,0.533053,0.546705,0.539452,0.559815,0.575462,0.599372,0.618921,0.644160,0.682140,0.748110,0.769324,0.824764,0.829607,0.712396,0.197119,0.402232,0.587679,0.569987,0.582049,0.581311,0.549402,0.498245,0.529441,0.718034,0.788911,0.855705,0.792952,0.427013,0.345123,0.427929,0.363672,0.409051,0.398893
0.147326,0.147326,0.504031,0.609445,0.282938,0.559675,0.704879,0.705052,0.637296,0.375603,0.213905,0.193533,0.194084,0.265626,0.253849,0.195156,0.203571,0.213466,0.297965,0.379005,0.458992,0.506280,0.481224,0.406597,0.229990,0.192133,0.192608,0.155906,0.330372,0.530938,0.310496,0.444423,0.544800,0.564878,0.534788,0.555835,0.571842,0.586180,0.609320,0.639281,0.679792,0.720982,0.782074,0.838123,0.866686,0.875403,0.260351,0.409109,0.601546,0.595744,0.533381,0.565380,0.527515,0.499287,0.559463,0.845496,0.881226,0.878452,0.672019,0.326930,0.423682,0.429479,0.405166,0.395724,0.401430
0.136234,0.136234,0.503982,0.594617,0.283765,0.541291,0.679120,0.700847,0.633635,0.395351,0.205831,0.193671,0.193702,0.238845,0.256304,0.245664,0.159555,0.192780,0.251202,0.310560,0.472932,0.428125,0.366741,0.316346,0.325306,0.307122,0.206876,0.178382,0.385078,0.518538,0.298788,0.475100,0.515775,0.567334,0.541751,0.554326,0.568080,0.581740,0.601709,0.626562,0.653845,0.696721,0.753637,0.802085,0.825931,0.864647,0.545123,0.454066,0.607854,0.541322,0.539957,0.535209,0.480975,0.558425,0.616018,0.870205,0.831531,0.784677,0.533745,0.391704,0.411205,0.401875,0.378359,0.391615,0.366775
0.156142,0.156142,0.502068,0.680680,0.323207,0.569142,0.673986,0.685077,0.641715,0.397274,0.195650,0.191961,0.205859,0.229839,0.236224,0.208429,0.195377,0.248427,0.271070,0.336043,0.431297,0.377245,0.327392,0.265770,0.264031,0.275907,0.213710,0.280211,0.440614,0.464472,0.346771,0.531071,0.490246,0.553820,0.538478,0.549327,0.563497,0.573307,0.593102,0.619026,0.641874,0.678739,0.722211,0.778410,0.756641,0.850932,0.688011,0.512452,0.589469,0.581549,0.552205,0.559874,0.523604,0.530820,0.554980,0.769380,0.865049,0.665501,0.417984,0.374985,0.385791,0.336855,0.383931,0.365946,0.349993
0.155993,0.155993,0.430103,0.637996,0.337946,0.531267,0.673886,0.674264,0.633813,0.420896,0.203930,0.189641,0.222641,0.245991,0.241095,0.226195,0.183546,0.208332,0.252063,0.326517,0.274130,0.268226,0.456972,0.232760,0.189584,0.169246,0.237207,0.379991,0.485477,0.359976,0.411715,0.525868,0.514691,0.547279,0.540067,0.546437,0.558193,0.567248,0.586239,0.608869,0.635894,0.674476,0.721175,0.788484,0.781522,0.866172,0.807236,0.491123,0.378092,0.500250,0.528316,0.521289,0.547282,0.616370,0.512120,0.640466,0.872724,0.624009,0.375241,0.372990,0.320132,0.355715,0.398360,0.359605,0.320891
0.094528,0.094528,0.316253,0.689662,0.377930,0.483321,0.702737,0.671871,0.617284,0.397103,0.179049,0.178192,0.215598,0.214255,0.216049,0.233154,0.181702,0.193477,0.265006,0.440458,0.345837,0.354604,0.258076,0.156398,0.165273,0.148995,0.277667,0.457983,0.464456,0.289738,0.480022,0.510861,0.529414,0.541752,0.541929,0.550519,0.556579,0.564767,0.578404,0.594965,0.619936,0.650045,0.705314,0.766417,0.803267,0.838548,0.879584,0.584598,0.298785,0.324917,0.300731,0.306568,0.367819,0.523287,0.645789,0.717780,0.841195,0.465172,0.308767,0.317156,0.369383,0.381166,0.390896,0.365528,0.249728
0.260473,0.260473,0.410128,0.704954,0.392315,0.479425,0.691404,0.701428,0.612641,0.376658,0.172915,0.195152,0.211551,0.229157,0.221116,0.209622,0.202231,0.185942,0.222451,0.309187,0.516148,0.337309,0.178219,0.198086,0.196594,0.171791,0.390839,0.450337,0.300722,0.373292,0.538654,0.543979,0.527846,0.536716,0.545127,0.550699,0.558687,0.561439,0.569489,0.587137,0.611813,0.634481,0.673754,0.730201,0.830271,0.848913,0.889782,0.679465,0.350507,0.399696,0.324550,0.250822,0.120348,0.450625,0.722575,0.793180,0.612710,0.245305,0.288079,0.342231,0.395652,0.331805,0.395105,0.321559,0.243913
0.359673,0.359673,0.468280,0.670243,0.522684,0.476367,0.694165,0.705322,0.619686,0.341097,0.161097,0.205478,0.203987,0.217128,0.244598,0.225922,0.225366,0.215719,0.267294,0.247534,0.413665,0.325036,0.187877,0.175181,0.151714,0.307384,0.377427,0.319124,0.342827,0.529867,0.520737,0.525509,0.530782,0.536785,0.547805,0.552253,0.560979,0.560285,0.568064,0.580495,0.593935,0.623661,0.649243,0.714294,0.797275,0.795361,0.806644,0.806790,0.396621,0.434687,0.412836,0.327166,0.247852,0.471613,0.827422,0.591363,0.300015,0.250133,0.337073,0.389401,0.282899,0.356292,0.395599,0.292099,0.273297
0.246736,0.246736,0.422572,0.639319,0.539209,0.503593,0.715685,0.713447,0.577360,0.280607,0.199182,0.190362,0.232225,0.213382,0.246180,0.267129,0.332913,0.217149,0.234289,0.304533,0.399655,0.308827,0.157813,0.134310,0.185084,0.243535,0.298052,0.427708,0.481297,0.512385,0.516245,0.524304,0.528346,0.539920,0.550649,0.558382,0.563008,0.567490,0.569247,0.572927,0.584647,0.612666,0.640035,0.683728,0.755318,0.759771,0.860774,0.868438,0.420122,0.339637,0.415769,0.395653,0.416264,0.530583,0.526304,0.287113,0.315121,0.276111,0.356611,0.337311,0.284169,0.443550,0.440775,0.251255,0.241409
0.212630,0.212630,0.355923,0.743871,0.627903,0.471344,0.727482,0.715219,0.562852,0.225160,0.201568,0.195945,0.238950,0.237165,0.292800,0.260954,0.387707,0.246205,0.286722,0.266194,0.314179,0.310970,0.181860,0.220555,0.283004,0.400977,0.407822,0.488177,0.527272,0.518199,0.518716,0.521015,0.529012,0.542674,0.554370,0.563624,0.570007,0.571059,0.569090,0.575771,0.577440,0.599302,0.617743,0.661570,0.727766,0.785571,0.811627,0.842087,0.575223,0.307824,0.393899,0.424488,0.473909,0.434160,0.382532,0.424706,0.363127,0.395375,0.288037,0.336434,0.405140,0.459595,0.273308,0.216632,0.197879
0.203811,0.203811,0.242161,0.748986,0.725976,0.502745,0.671817,0.712096,0.550705,0.193860,0.195306,0.196879,0.253626,0.281373,0.303604,0.283260,0.324077,0.341060,0.284558,0.254098,0.261100,0.351936,0.215170,0.286627,0.413856,0.475215,0.481224,0.513731,0.498188,0.509415,0.512672,0.519042,0.527905,0.539634,0.552487,0.565575,0.570068,0.569637,0.575008,0.575855,0.573933,0.601561,0.612532,0.655521,0.704210,0.759520,0.810227,0.835503,0.674298,0.305656,0.392227,0.418339,0.511702,0.479788,0.507910,0.404319,0.336408,0.357426,0.311685,0.423219,0.506581,0.345345,0.216805,0.227932,0.363176