0.483296,0.483296,0.488679,0.537294,0.500645,0.502426,0.534684,0.503246,0.507724,0.509199,0.490842,0.511696,0.529608,0.520598,0.541830,0.534434,0.547939,0.539173,0.530930,0.524522,0.499789,0.509987,0.544033,0.533973,0.537352,0.542700,0.543209,0.543834,0.553066,0.523621,0.520207,0.519939,0.529038,0.503138,0.472409,0.582289,0.551797,0.553612,0.574581,0.606571,0.558146,0.595376,0.602415,0.604818,0.609126,0.612701,0.605763,0.595168,0.619230,0.636499,0.634241,0.614583,0.620298,0.623684,0.661499,0.679815,0.699173,0.677803,0.670872,0.630931,0.625099,0.634933,0.638659,0.666110,0.582312
0.495860,0.495860,0.509899,0.529355,0.526042,0.518005,0.511050,0.527469,0.521827,0.514245,0.532472,0.525701,0.536232,0.535118,0.566076,0.557327,0.526310,0.546423,0.522192,0.548689,0.541289,0.560880,0.542681,0.532720,0.531418,0.521552,0.550332,0.569263,0.539268,0.504895,0.578935,0.563216,0.599928,0.506904,0.489140,0.506433,0.520425,0.537431,0.586722,0.618915,0.618054,0.593488,0.586947,0.583758,0.583466,0.598393,0.588214,0.594992,0.604366,0.603020,0.590854,0.608767,0.596790,0.616909,0.686827,0.653851,0.661733,0.631862,0.645784,0.645751,0.640093,0.645780,0.642181,0.620357,0.669982
0.499695,0.499695,0.530694,0.511970,0.519385,0.527338,0.522944,0.519798,0.539771,0.534884,0.529658,0.540317,0.599306,0.615603,0.605314,0.610204,0.618094,0.565166,0.535054,0.592325,0.555046,0.549691,0.557594,0.534575,0.514044,0.544789,0.601235,0.683660,0.593245,0.571240,0.561282,0.707003,0.715839,0.661560,0.552302,0.661978,0.546436,0.515126,0.540355,0.630395,0.605454,0.576438,0.557807,0.594341,0.583537,0.590171,0.602451,0.571755,0.550218,0.528153,0.615236,0.617213,0.534184,0.520103,0.596116,0.594992,0.626142,0.624578,0.613372,0.619227,0.637401,0.613464,0.613031,0.643425,0.640032
0.479943,0.479943,0.513529,0.507524,0.535241,0.529144,0.515301,0.524103,0.536852,0.547163,0.545365,0.614642,0.636365,0.643383,0.646244,0.683355,0.702384,0.636267,0.616575,0.633341,0.612688,0.593159,0.583223,0.584022,0.561752,0.661313,0.747574,0.752053,0.709566,0.697573,0.681247,0.713742,0.759738,0.751154,0.543939,0.643957,0.753693,0.554706,0.568217,0.628686,0.602592,0.570764,0.569706,0.584974,0.569930,0.576768,0.592380,0.585939,0.557441,0.544724,0.553209,0.541890,0.380572,0.494715,0.563883,0.558391,0.546572,0.591284,0.592695,0.584712,0.536873,0.562807,0.590320,0.582313,0.548289
0.513552,0.513552,0.491850,0.529926,0.520351,0.534186,0.530940,0.548245,0.528946,0.545493,0.554590,0.622897,0.650072,0.667100,0.674607,0.716466,0.681293,0.713301,0.693930,0.652712,0.653445,0.640457,0.686909,0.697803,0.676379,0.700843,0.799194,0.791605,0.759895,0.781913,0.755241,0.812271,0.779128,0.763925,0.673186,0.609628,0.729583,0.659517,0.569732,0.631712,0.616561,0.573503,0.567335,0.553627,0.552683,0.576856,0.576349,0.576351,0.565233,0.543048,0.576797,0.429546,0.481757,0.535389,0.566400,0.542293,0.559908,0.554299,0.560198,0.566261,0.524784,0.490249,0.554762,0.549061,0.548966
0.498706,0.498706,0.501509,0.493750,0.580855,0.572207,0.598369,0.554024,0.544024,0.523876,0.555658,0.630765,0.674463,0.674094,0.683748,0.679417,0.705289,0.671097,0.671318,0.655975,0.652201,0.687518,0.721536,0.747878,0.684076,0.734738,0.717989,0.711819,0.711436,0.725160,0.713356,0.714676,0.754196,0.720081,0.713951,0.567415,0.766288,0.629765,0.548227,0.647653,0.646481,0.597827,0.575712,0.558867,0.557591,0.561058,0.562153,0.564985,0.564309,0.558163,0.483185,0.469023,0.502548,0.588497,0.568966,0.556955,0.558668,0.559136,0.574172,0.590127,0.572177,0.531626,0.550693,0.547797,0.547159
0.494759,0.494759,0.496192,0.465400,0.540095,0.663228,0.669529,0.633896,0.670964,0.607227,0.567231,0.627297,0.645102,0.643286,0.680054,0.640866,0.635943,0.678640,0.663520,0.655313,0.678188,0.697557,0.722060,0.718314,0.705961,0.727205,0.754842,0.734299,0.790779,0.741320,0.729729,0.774725,0.770056,0.680381,0.750404,0.563683,0.600592,0.660269,0.594363,0.613852,0.665956,0.601686,0.567891,0.562038,0.550782,0.564628,0.572429,0.558609,0.527751,0.502978,0.408106,0.542544,0.584112,0.550055,0.562711,0.556755,0.566416,0.593702,0.565030,0.562374,0.578717,0.572135,0.574240,0.568733,0.551574
0.500242,0.500242,0.492645,0.512948,0.643523,0.698898,0.716063,0.733149,0.695820,0.598842,0.565558,0.568747,0.621212,0.634792,0.632254,0.648544,0.654470,0.647390,0.658641,0.653267,0.679285,0.715304,0.668735,0.629853,0.721125,0.743968,0.696987,0.773239,0.704054,0.762841,0.742617,0.750807,0.772133,0.749476,0.752312,0.642100,0.514953,0.637891,0.587506,0.629672,0.736054,0.559825,0.572752,0.562982,0.565536,0.558196,0.557562,0.534768,0.592893,0.456666,0.457352,0.609005,0.663511,0.632263,0.577793,0.601731,0.612065,0.635268,0.657792,0.645919,0.606668,0.601159,0.588653,0.585545,0.561325
0.512153,0.512153,0.500216,0.541629,0.659734,0.626598,0.726865,0.719936,0.682550,0.701925,0.640936,0.640056,0.622578,0.645622,0.664526,0.649489,0.614673,0.644241,0.640848,0.640421,0.661213,0.617719,0.675131,0.591934,0.707779,0.701242,0.764986,0.733848,0.701678,0.733676,0.676765,0.716893,0.720113,0.686410,0.663194,0.700895,0.551372,0.628210,0.561051,0.564308,0.667773,0.575474,0.557287,0.545228,0.550600,0.561102,0.574371,0.579560,0.494358,0.450328,0.580772,0.620921,0.693311,0.751149,0.664831,0.641868,0.647613,0.677101,0.682463,0.556545,0.598939,0.587661,0.587325,0.608097,0.635189
0.557968,0.557968,0.567123,0.589399,0.648018,0.651737,0.764179,0.740049,0.720831,0.692421,0.653705,0.641485,0.686128,0.680862,0.665597,0.633424,0.627507,0.625197,0.641528,0.615273,0.610671,0.593966,0.683098,0.604845,0.642970,0.688164,0.684151,0.656936,0.679679,0.678212,0.713966,0.682214,0.676912,0.651359,0.619176,0.639336,0.450792,0.536011,0.652181,0.601762,0.381756,0.575412,0.600513,0.578923,0.559797,0.568125,0.560850,0.561034,0.397526,0.575100,0.649206,0.660059,0.654952,0.657709,0.667492,0.677844,0.675911,0.663219,0.642946,0.619009,0.623753,0.616390,0.605276,0.640049,0.566463
0.570429,0.570429,0.573007,0.597736,0.643252,0.702084,0.742512,0.730707,0.681180,0.664958,0.655276,0.686866,0.714486,0.667010,0.668173,0.641615,0.632776,0.638928,0.620015,0.613168,0.584626,0.561114,0.613094,0.514049,0.571041,0.673509,0.593074,0.626407,0.612999,0.651872,0.603467,0.602391,0.633415,0.612999,0.604721,0.604581,0.482474,0.426071,0.617583,0.653761,0.396099,0.487310,0.568353,0.584656,0.567779,0.573883,0.561969,0.461892,0.505687,0.622256,0.635009,0.621202,0.641889,0.468999,0.610180,0.657000,0.670516,0.673837,0.632251,0.618110,0.629975,0.616945,0.617583,0.549451,0.488979
0.541270,0.541270,0.555767,0.573311,0.655528,0.655877,0.713949,0.682734,0.686014,0.635190,0.662827,0.625491,0.690153,0.707595,0.658155,0.632518,0.605327,0.620946,0.586487,0.577861,0.548787,0.561379,0.560989,0.511082,0.495673,0.558651,0.589491,0.626725,0.609167,0.586557,0.592480,0.601795,0.576327,0.566533,0.596915,0.611424,0.587904,0.444782,0.664726,0.539439,0.449812,0.528127,0.591864,0.584869,0.591145,0.549055,0.531983,0.469728,0.570668,0.602257,0.548186,0.624212,0.665765,0.469874,0.513930,0.638305,0.684099,0.642711,0.636583,0.636475,0.617975,0.647168,0.655706,0.567082,0.571607
0.535362,0.535362,0.534493,0.558077,0.588503,0.656086,0.593556,0.589732,0.584627,0.576650,0.587602,0.628456,0.604617,0.604153,0.635224,0.643469,0.630850,0.573550,0.584489,0.560607,0.569199,0.563325,0.560729,0.490993,0.464235,0.602765,0.544400,0.610305,0.611541,0.576488,0.573114,0.578777,0.581942,0.591805,0.584062,0.609460,0.612597,0.437379,0.540183,0.581942,0.408950,0.516762,0.595762,0.564960,0.567463,0.583921,0.465312,0.536341,0.591423,0.617867,0.460523,0.531184,0.634553,0.526083,0.495834,0.636388,0.611665,0.635501,0.621750,0.615701,0.616763,0.603885,0.563417,0.493748,0.601628
0.529324,0.529324,0.553456,0.541199,0.554466,0.585031,0.581454,0.568611,0.553786,0.546624,0.558283,0.587934,0.600698,0.605630,0.576254,0.609872,0.626850,0.572784,0.547693,0.558068,0.557098,0.583536,0.573473,0.586811,0.514197,0.577773,0.595977,0.603821,0.595928,0.593869,0.599003,0.612826,0.654311,0.614719,0.594564,0.621185,0.637920,0.571763,0.506741,0.610869,0.444706,0.492679,0.567020,0.583321,0.583607,0.488681,0.487569,0.576412,0.546469,0.598067,0.541398,0.538873,0.562953,0.534162,0.517316,0.603959,0.593970,0.589710,0.592106,0.590891,0.610586,0.591264,0.450066,0.563612,0.605131
0.530075,0.530075,0.544820,0.544552,0.554388,0.561956,0.555315,0.562573,0.547213,0.548449,0.551292,0.556545,0.569417,0.588517,0.580909,0.588593,0.581475,0.572431,0.584109,0.586454,0.583029,0.576164,0.599842,0.527665,0.434685,0.593896,0.573679,0.590641,0.607640,0.595669,0.603696,0.674431,0.655753,0.602205,0.630578,0.639649,0.653924,0.642608,0.394440,0.576680,0.438213,0.511420,0.595037,0.569722,0.588247,0.472562,0.577458,0.594518,0.600821,0.608945,0.564209,0.429711,0.589764,0.477981,0.457549,0.580280,0.545209,0.554575,0.583746,0.582055,0.617482,0.496945,0.514387,0.542791,0.567259
0.534566,0.534566,0.537145,0.530296,0.556808,0.560301,0.561543,0.559146,0.561498,0.547268,0.564027,0.553402,0.557509,0.584216,0.572723,0.592012,0.593612,0.599072,0.619143,0.632110,0.633146,0.589984,0.582670,0.552927,0.523004,0.539941,0.604478,0.606617,0.610656,0.629816,0.612681,0.666182,0.625121,0.635236,0.646041,0.693217,0.672197,0.670007,0.539720,0.518529,0.399663,0.445498,0.605468,0.566768,0.483280,0.559725,0.567056,0.578216,0.588880,0.631168,0.560304,0.390639,0.574869,0.472180,0.516011,0.551497,0.563219,0.554438,0.538825,0.540661,0.529737,0.426568,0.592089,0.495226,0.445736
0.546294,0.546294,0.558580,0.550782,0.556118,0.573200,0.537653,0.552434,0.552253,0.561621,0.564372,0.566398,0.562723,0.587723,0.597247,0.613266,0.635012,0.617399,0.623331,0.618348,0.638692,0.602044,0.628217,0.563558,0.566773,0.580791,0.595762,0.604938,0.611426,0.653806,0.638890,0.629625,0.647666,0.591804,0.642535,0.697685,0.646762,0.563393,0.661057,0.529024,0.571809,0.598556,0.613227,0.542832,0.499644,0.557880,0.552348,0.558117,0.585365,0.610878,0.569399,0.417289,0.541940,0.497488,0.484208,0.561345,0.533207,0.530731,0.529554,0.545184,0.485747,0.489571,0.426366,0.369408,0.374915
0.565903,0.565903,0.580610,0.550728,0.556334,0.564401,0.546207,0.555690,0.550242,0.563576,0.569344,0.584957,0.554676,0.610252,0.591866,0.646991,0.602625,0.637317,0.636505,0.602288,0.624512,0.497239,0.557020,0.622867,0.560265,0.580483,0.588831,0.600224,0.605620,0.611309,0.588657,0.628232,0.608420,0.626707,0.649986,0.637191,0.603422,0.663773,0.703746,0.639874,0.504823,0.573614,0.648251,0.466448,0.585757,0.513312,0.541500,0.572668,0.577144,0.550206,0.556703,0.426777,0.459718,0.494462,0.494493,0.557683,0.553821,0.549355,0.502959,0.489234,0.465028,0.536548,0.481827,0.262214,0.433576
0.555804,0.555804,0.598109,0.570567,0.541974,0.559784,0.573534,0.575168,0.565331,0.587390,0.593654,0.617234,0.657476,0.593891,0.593733,0.563587,0.600980,0.617181,0.642040,0.615143,0.595889,0.493081,0.475045,0.574733,0.632718,0.596129,0.588403,0.614127,0.622908,0.614780,0.495307,0.613728,0.585194,0.570164,0.667685,0.596693,0.656142,0.735222,0.697860,0.713036,0.403040,0.566402,0.574015,0.544693,0.592532,0.540621,0.555643,0.567095,0.582424,0.572968,0.582948,0.511861,0.447179,0.539998,0.488500,0.544808,0.569753,0.557226,0.543986,0.439083,0.498076,0.497283,0.408610,0.358077,0.424336
0.562586,0.562586,0.577167,0.582039,0.581382,0.559950,0.564827,0.577827,0.591492,0.607200,0.639573,0.643934,0.647538,0.652696,0.628200,0.632656,0.616474,0.607606,0.593500,0.617603,0.617126,0.434772,0.451661,0.559158,0.603325,0.593798,0.585853,0.608123,0.592432,0.597184,0.533380,0.602510,0.557591,0.643361,0.674457,0.780557,0.659955,0.651848,0.510665,0.541755,0.293290,0.443617,0.368089,0.536957,0.560617,0.544963,0.558062,0.557683,0.555573,0.593325,0.575222,0.561441,0.441843,0.522578,0.517411,0.570966,0.512343,0.597014,0.490578,0.454691,0.504287,0.454744,0.484373,0.495541,0.417203
0.571113,0.571113,0.567258,0.599411,0.596911,0.580175,0.584470,0.576188,0.546490,0.628960,0.612733,0.636356,0.641287,0.682644,0.648130,0.642729,0.627288,0.620922,0.639432,0.628420,0.530854,0.424833,0.371168,0.459534,0.590649,0.604765,0.606388,0.616557,0.588112,0.579127,0.567106,0.590126,0.682934,0.654818,0.664993,0.732446,0.701264,0.484782,0.332294,0.430387,0.270080,0.235497,0.333588,0.419662,0.467784,0.563257,0.571362,0.555449,0.517605,0.553558,0.527216,0.605699,0.437122,0.504738,0.468383,0.569987,0.618757,0.528566,0.498302,0.506446,0.515741,0.534110,0.540940,0.584387,0.461824
0.569363,0.569363,0.576547,0.585842,0.590620,0.573053,0.565754,0.563985,0.584614,0.612922,0.613387,0.598362,0.602819,0.616393,0.626995,0.610389,0.606059,0.635445,0.616485,0.612171,0.488730,0.423528,0.427869,0.495549,0.528077,0.595634,0.598316,0.612182,0.586399,0.581759,0.606957,0.588468,0.611291,0.642153,0.759353,0.801029,0.815022,0.503792,0.301691,0.449914,0.372963,0.161662,0.382131,0.417839,0.419248,0.566801,0.577169,0.567096,0.552625,0.541608,0.572766,0.582197,0.482994,0.440783,0.495180,0.561666,0.523347,0.423457,0.528569,0.525010,0.527512,0.526300,0.525605,0.518327,0.537834
0.557467,0.557467,0.578847,0.588355,0.594498,0.585611,0.591577,0.601952,0.615835,0.626117,0.596981,0.604404,0.601683,0.609616,0.582233,0.616813,0.580357,0.609648,0.621489,0.570797,0.723390,0.664446,0.578301,0.590342,0.604159,0.587386,0.611857,0.611648,0.588480,0.582296,0.611569,0.580178,0.478847,0.488993,0.790387,0.760433,0.795816,0.509508,0.314690,0.444575,0.355348,0.254769,0.341240,0.313689,0.427732,0.572732,0.662669,0.586825,0.579877,0.566795,0.588764,0.549502,0.575898,0.337401,0.462116,0.529029,0.513318,0.495763,0.556574,0.535185,0.548288,0.533034,0.512403,0.514504,0.560899
0.555525,0.555525,0.564328,0.588963,0.621442,0.619307,0.628911,0.637533,0.628594,0.609299,0.586812,0.613313,0.568754,0.571099,0.578282,0.587003,0.603816,0.606046,0.576197,0.562610,0.770205,0.747677,0.515390,0.579149,0.561437,0.593037,0.605791,0.607448,0.585784,0.591405,0.595762,0.609060,0.559580,0.487550,0.584939,0.746382,0.815758,0.522998,0.370603,0.480536,0.359697,0.276535,0.388083,0.430379,0.479994,0.626920,0.599263,0.629423,0.646039,0.549623,0.537313,0.614355,0.596653,0.383397,0.550918,0.535866,0.481129,0.549465,0.551873,0.536033,0.563737,0.542886,0.549192,0.619041,0.587653
0.572150,0.572150,0.567282,0.610153,0.643241,0.625104,0.677832,0.647103,0.607420,0.600612,0.578148,0.621024,0.597081,0.560803,0.582280,0.596785,0.598153,0.604805,0.600393,0.582445,0.776314,0.787696,0.560820,0.637023,0.585241,0.561707,0.600677,0.597434,0.582064,0.596660,0.597463,0.632045,0.675574,0.549920,0.611065,0.820334,0.832536,0.521819,0.301967,0.314994,0.456217,0.243917,0.439523,0.415200,0.337814,0.416654,0.359480,0.316466,0.329544,0.246038,0.326291,0.337856,0.263944,0.308235,0.352958,0.282626,0.403607,0.551233,0.537801,0.547297,0.500909,0.492665,0.577179,0.633355,0.605755
0.561880,0.561880,0.576324,0.593460,0.612346,0.592107,0.616262,0.596020,0.609735,0.606629,0.601034,0.614015,0.597190,0.599214,0.601424,0.602375,0.618277,0.623320,0.605095,0.614635,0.719638,0.764085,0.606683,0.567740,0.676960,0.555921,0.596004,0.623136,0.551307,0.610784,0.592205,0.602603,0.647983,0.612327,0.800391,0.873222,0.863160,0.517910,0.252380,0.344621,0.434586,0.349909,0.308021,0.193235,0.231017,0.221236,0.247391,0.294582,0.251572,0.290726,0.307721,0.317447,0.287515,0.378659,0.267547,0.194231,0.270621,0.479123,0.527504,0.483392,0.463697,0.484590,0.533354,0.611730,0.694435
0.567661,0.567661,0.593963,0.556147,0.555635,0.599554,0.583366,0.604700,0.607658,0.625737,0.610712,0.603000,0.615696,0.615396,0.611199,0.594672,0.624010,0.602522,0.643367,0.588959,0.788506,0.747629,0.586631,0.532632,0.669104,0.574171,0.560799,0.578563,0.560407,0.628161,0.597702,0.548449,0.515346,0.639154,0.852835,0.831397,0.733056,0.486280,0.381869,0.372509,0.352297,0.471274,0.434974,0.454587,0.471026,0.479212,0.434270,0.377494,0.394016,0.388612,0.378428,0.414850,0.423273,0.388940,0.407206,0.368116,0.402756,0.434409,0.473058,0.505133,0.438665,0.448793,0.521941,0.659570,0.623818
0.565733,0.565733,0.568407,0.544025,0.586884,0.626048,0.622758,0.620231,0.624065,0.624296,0.612530,0.622243,0.617589,0.610533,0.605950,0.604388,0.658007,0.628915,0.409335,0.479191,0.684164,0.710087,0.616249,0.446475,0.511973,0.364555,0.452717,0.462661,0.450025,0.487344,0.533228,0.453438,0.496916,0.600737,0.595759,0.483308,0.451476,0.430207,0.430143,0.534533,0.717603,0.803753,0.606925,0.497237,0.572763,0.459365,0.322110,0.350872,0.268353,0.231747,0.214149,0.277673,0.361112,0.339928,0.423423,0.423779,0.371364,0.479161,0.509174,0.418770,0.435947,0.471737,0.519098,0.639786,0.660759
0.570696,0.570696,0.563940,0.568515,0.586413,0.628843,0.647573,0.646307,0.640560,0.637792,0.613050,0.616676,0.617093,0.608837,0.588262,0.578196,0.584470,0.514658,0.302521,0.332255,0.525296,0.630202,0.695784,0.373160,0.445736,0.379884,0.375695,0.325816,0.372026,0.487655,0.558735,0.563157,0.420324,0.320317,0.380678,0.408531,0.528235,0.561164,0.667257,0.793547,0.837169,0.831913,0.571820,0.474820,0.552453,0.462358,0.381704,0.455055,0.441106,0.483305,0.387998,0.483445,0.402218,0.395582,0.394698,0.460489,0.442527,0.396759,0.460637,0.480734,0.384832,0.411064,0.442166,0.576406,0.502141
0.585797,0.585797,0.570898,0.573090,0.572164,0.581630,0.610042,0.607786,0.622495,0.633265,0.628794,0.638551,0.618730,0.619934,0.615553,0.592193,0.567391,0.452918,0.328039,0.306046,0.540178,0.656129,0.638014,0.574532,0.400769,0.409900,0.313899,0.318770,0.493128,0.550566,0.628644,0.660890,0.606979,0.494286,0.457147,0.562264,0.680641,0.753788,0.768787,0.810466,0.823120,0.857819,0.556026,0.522144,0.521592,0.617696,0.580625,0.482987,0.526368,0.529246,0.532544,0.584025,0.411738,0.442739,0.433353,0.442767,0.448426,0.256137,0.398249,0.333310,0.608477,0.510623,0.424677,0.167490,0.203435
0.590778,0.590778,0.596884,0.561959,0.601908,0.624762,0.643930,0.672381,0.654241,0.679940,0.640430,0.618178,0.625075,0.623763,0.621232,0.564853,0.610918,0.510765,0.570235,0.506593,0.443654,0.455514,0.401977,0.534047,0.323892,0.284674,0.373049,0.473814,0.603075,0.551285,0.503425,0.409641,0.428922,0.585380,0.675753,0.764426,0.765446,0.814362,0.778585,0.856835,0.873577,0.839106,0.521795,0.443797,0.455604,0.339949,0.251472,0.239238,0.158446,0.186036,0.204068,0.247523,0.211325,0.182004,0.122989,0.094855,0.109793,0.211767,0.410617,0.495692,0.417181,0.259524,0.196799,0.145880,0.123354
0.581839,0.581839,0.565604,0.561356,0.579768,0.651690,0.769430,0.803238,0.712546,0.680880,0.599839,0.663632,0.619432,0.590195,0.627692,0.593819,0.486727,0.546585,0.569671,0.612586,0.475522,0.497235,0.415661,0.533543,0.283141,0.293452,0.352973,0.447720,0.390976,0.396959,0.445231,0.684461,0.776627,0.862415,0.791624,0.812678,0.776820,0.777634,0.784719,0.774746,0.591104,0.466960,0.307411,0.106692,0.121836,0.110905,0.144925,0.114885,0.230520,0.239518,0.364271,0.242025,0.165968,0.201327,0.148314,0.169112,0.161356,0.263686,0.379533,0.192724,0.224021,0.154284,0.106582,0.126264,0.158562
0.597597,0.597597,0.582589,0.544977,0.632709,0.685722,0.803971,0.749267,0.462297,0.527250,0.614151,0.617001,0.627772,0.645715,0.593509,0.470654,0.516236,0.491086,0.490344,0.485325,0.466321,0.363177,0.346225,0.388826,0.301019,0.402463,0.391603,0.334946,0.278390,0.224703,0.526779,0.895300,0.857501,0.808011,0.811726,0.827527,0.857041,0.702688,0.650931,0.528782,0.403214,0.423174,0.328836,0.290648,0.404926,0.417152,0.546126,0.589742,0.562063,0.596781,0.532754,0.582938,0.610238,0.612699,0.553002,0.584001,0.564129,0.468699,0.303497,0.164477,0.143308,0.134327,0.060717,0.094215,0.147103
0.563897,0.563897,0.578565,0.601716,0.606257,0.734162,0.728905,0.711865,0.431887,0.327009,0.601086,0.635482,0.593892,0.631945,0.488142,0.376438,0.464198,0.442367,0.405137,0.378039,0.386915,0.392862,0.404025,0.518126,0.567013,0.690471,0.409666,0.178089,0.219582,0.127086,0.373344,0.808103,0.825201,0.850575,0.794941,0.677970,0.694117,0.569193,0.545836,0.480712,0.526831,0.683868,0.593356,0.605602,0.659223,0.658436,0.687263,0.677735,0.641793,0.613664,0.557312,0.623812,0.582922,0.599751,0.627355,0.619748,0.594146,0.418145,0.235124,0.170061,0.219026,0.220954,0.180323,0.447807,0.314723
0.571322,0.571322,0.577701,0.553255,0.565868,0.693378,0.814370,0.645759,0.427203,0.357011,0.597323,0.587917,0.645762,0.610763,0.412588,0.276491,0.226527,0.320935,0.340251,0.342481,0.307383,0.283699,0.324490,0.681347,0.746542,0.805649,0.473238,0.211663,0.161244,0.139263,0.478799,0.821521,0.793586,0.683142,0.695544,0.555512,0.562646,0.595169,0.713858,0.787739,0.836848,0.770547,0.465107,0.608381,0.642723,0.636727,0.635902,0.628682,0.576711,0.352468,0.305710,0.362830,0.463234,0.422469,0.479923,0.392089,0.387122,0.277662,0.351495,0.082637,0.402969,0.467967,0.575226,0.645344,0.418729
0.566936,0.566936,0.572878,0.581565,0.527180,0.777565,0.868633,0.642234,0.388485,0.389693,0.428409,0.340392,0.293184,0.284603,0.226775,0.252023,0.211217,0.307428,0.345930,0.380224,0.262899,0.210300,0.199510,0.548044,0.747358,0.736420,0.381941,0.131786,0.244828,0.183480,0.494774,0.678902,0.550399,0.600420,0.622424,0.543190,0.615298,0.774085,0.893062,0.844529,0.693999,0.448804,0.310614,0.335038,0.421160,0.394861,0.376346,0.308391,0.326483,0.183707,0.157787,0.223825,0.243978,0.210543,0.210266,0.158551,0.034309,0.104865,0.285364,0.161316,0.351425,0.507450,0.586055,0.575116,0.511923
0.604284,0.604284,0.536059,0.501653,0.562714,0.747242,0.788420,0.629580,0.409501,0.491897,0.461518,0.357864,0.324270,0.324001,0.385617,0.424237,0.485777,0.476864,0.386706,0.300886,0.263559,0.255803,0.234043,0.397941,0.775800,0.722287,0.448840,0.395873,0.354027,0.187584,0.218833,0.346683,0.591158,0.568344,0.622960,0.764783,0.884279,0.793576,0.728125,0.642272,0.427555,0.321333,0.212945,0.169391,0.177237,0.211013,0.224320,0.132184,0.177137,0.151030,0.103849,0.198673,0.127366,0.124103,0.052976,0.060996,0.222760,0.339624,0.139294,0.088403,0.372482,0.511750,0.492992,0.511888,0.313348
0.548656,0.548656,0.466655,0.427647,0.487500,0.569474,0.496856,0.380249,0.610935,0.452676,0.487743,0.418623,0.436642,0.381785,0.426974,0.486109,0.456027,0.358322,0.290917,0.262088,0.222778,0.263944,0.239171,0.274270,0.556656,0.484839,0.402031,0.275983,0.239023,0.241239,0.315705,0.548032,0.705699,0.798342,0.856747,0.832710,0.761128,0.723732,0.554864,0.441949,0.333944,0.211413,0.208520,0.237232,0.210267,0.242637,0.158668,0.131849,0.203949,0.185931,0.108767,0.228283,0.144822,0.112919,0.105260,0.112078,0.426106,0.505805,0.170941,0.050730,0.251209,0.532801,0.294612,0.215360,0.122058
0.485613,0.485613,0.561254,0.659568,0.730958,0.883375,0.661459,0.303362,0.523785,0.336634,0.346322,0.311204,0.189577,0.196642,0.179674,0.196842,0.148939,0.155503,0.142353,0.124180,0.133557,0.182407,0.224428,0.215023,0.395138,0.413255,0.418542,0.420068,0.452308,0.633587,0.756331,0.845408,0.871823,0.785074,0.802065,0.698485,0.613973,0.573470,0.357572,0.246571,0.213063,0.206461,0.225325,0.208139,0.220216,0.189084,0.169135,0.164492,0.150596,0.137354,0.200489,0.276470,0.168009,0.143616,0.127300,0.229806,0.367930,0.539213,0.197919,0.083586,0.120958,0.239563,0.084319,0.085020,0.081229
0.461643,0.461643,0.666855,0.692536,0.737662,0.767982,0.677130,0.440831,0.528897,0.397749,0.274575,0.310578,0.276641,0.228736,0.215692,0.193907,0.259047,0.238218,0.247045,0.225585,0.331485,0.450300,0.498776,0.475547,0.544782,0.724472,0.636916,0.688819,0.809323,0.707198,0.821544,0.729970,0.676608,0.639987,0.688733,0.639147,0.526609,0.312209,0.195586,0.202871,0.218372,0.194008,0.193307,0.191915,0.191483,0.145301,0.229173,0.128255,0.084784,0.127539,0.076026,0.115103,0.118227,0.009817,0.403859,0.257195,0.231251,0.404010,0.143987,0.159229,0.079757,0.084428,0.089846,0.079291,0.056480
0.373541,0.373541,0.486894,0.497268,0.507950,0.655357,0.620626,0.494885,0.398681,0.213355,0.246583,0.276160,0.616111,0.593602,0.578350,0.671637,0.668659,0.674912,0.631600,0.540173,0.667128,0.770543,0.795362,0.827137,0.709928,0.839558,0.574786,0.469050,0.621910,0.495758,0.608470,0.511207,0.500615,0.595887,0.581742,0.479224,0.343882,0.233530,0.147225,0.164471,0.208936,0.184448,0.167366,0.168281,0.170471,0.146866,0.166106,0.123218,0.088203,0.180298,0.198353,0.141316,0.146806,0.256274,0.366548,0.257817,0.152933,0.439005,0.287708,0.255519,0.179922,0.067149,0.070739,0.045779,0.092987
0.530028,0.530028,0.538231,0.571252,0.629805,0.555185,0.423056,0.222343,0.158223,0.140249,0.210228,0.152715,0.611605,0.630426,0.711238,0.748079,0.816403,0.832400,0.810166,0.624682,0.723640,0.783681,0.753226,0.642962,0.455318,0.638053,0.542791,0.322317,0.480735,0.527573,0.515813,0.482740,0.477371,0.430976,0.284476,0.227715,0.156618,0.185818,0.167471,0.219984,0.157364,0.176180,0.160602,0.159531,0.178528,0.151099,0.175689,0.175099,0.121854,0.170657,0.193181,0.123845,0.313075,0.407559,0.205433,0.183518,0.116507,0.313636,0.318410,0.213404,0.151843,0.071907,0.103727,0.098533,0.021554
0.496424,0.496424,0.540252,0.404553,0.383910,0.302101,0.226889,0.148921,0.168946,0.118912,0.111676,0.146210,0.494382,0.700557,0.588135,0.732330,0.780217,0.739473,0.681854,0.477784,0.339573,0.468832,0.409063,0.336483,0.310364,0.261023,0.469553,0.301393,0.376637,0.379286,0.383425,0.367756,0.330428,0.307565,0.204786,0.114626,0.178632,0.196189,0.173994,0.172104,0.137923,0.158667,0.156991,0.156012,0.161980,0.171608,0.204340,0.169103,0.151835,0.151301,0.190344,0.119131,0.352102,0.341510,0.137265,0.103055,0.111267,0.098030,0.243619,0.192708,0.152339,0.087824,0.006474,0.063743,0.045560
0.575487,0.575487,0.454547,0.140737,0.251270,0.135701,0.174904,0.120698,0.132062,0.092824,0.161495,0.227218,0.341840,0.431720,0.298938,0.367041,0.331454,0.320121,0.276091,0.329138,0.229093,0.230960,0.178807,0.186666,0.239395,0.125709,0.431135,0.359756,0.327670,0.279279,0.296700,0.292706,0.298032,0.224489,0.223274,0.172857,0.169212,0.162961,0.159014,0.155619,0.174284,0.149782,0.152825,0.157051,0.188184,0.216029,0.273855,0.195864,0.164336,0.171145,0.161511,0.225772,0.430641,0.266759,0.151723,0.095387,0.124211,0.122811,0.291083,0.196455,0.141245,0.116738,0.034201,0.078474,0.058626
0.588400,0.588400,0.483380,0.345026,0.371070,0.371245,0.311296,0.314301,0.300824,0.302016,0.362146,0.356414,0.360686,0.415631,0.270320,0.156458,0.171594,0.133637,0.119841,0.219051,0.191007,0.119722,0.082798,0.184709,0.221923,0.132882,0.343723,0.319421,0.302505,0.217842,0.189345,0.193906,0.225522,0.181881,0.180196,0.155917,0.143192,0.162537,0.142244,0.140680,0.142485,0.143736,0.137236,0.136686,0.175177,0.187927,0.184290,0.204811,0.159479,0.148125,0.227199,0.090644,0.337688,0.389397,0.257470,0.116390,0.106505,0.066973,0.209432,0.242563,0.100954,0.082070,0.060898,0.080687,0.106472
0.533506,0.533506,0.573349,0.587780,0.601203,0.708777,0.633085,0.601283,0.576235,0.460638,0.482037,0.503079,0.480441,0.439687,0.284912,0.178948,0.084945,0.162457,0.107655,0.212876,0.193436,0.144700,0.097711,0.168587,0.184500,0.173060,0.418766,0.137130,0.258376,0.310642,0.230508,0.142352,0.170016,0.130302,0.138435,0.147319,0.141483,0.153345,0.127707,0.138601,0.114281,0.115941,0.097065,0.142324,0.202075,0.250600,0.224228,0.164376,0.176954,0.151134,0.166986,0.089609,0.396323,0.528339,0.249547,0.078402,0.075446,0.096659,0.132397,0.264553,0.134686,0.096873,0.096981,0.062161,0.103396
0.563336,0.563336,0.559682,0.560867,0.626869,0.677354,0.690989,0.518093,0.473232,0.483430,0.465387,0.441185,0.488576,0.411687,0.349827,0.277537,0.220406,0.243528,0.267460,0.306432,0.341623,0.288098,0.288767,0.436997,0.367959,0.500747,0.327639,0.338736,0.430269,0.493260,0.245388,0.123207,0.147654,0.112865,0.130785,0.129528,0.095188,0.136805,0.136913,0.114658,0.142833,0.135741,0.162904,0.155263,0.214790,0.182497,0.276318,0.220503,0.142229,0.108445,0.152878,0.101253,0.271743,0.352814,0.180076,0.180265,0.291646,0.199680,0.126772,0.218067,0.129311,0.128336,0.138699,0.148640,0.090117
0.536878,0.536878,0.550358,0.550885,0.568094,0.573108,0.517744,0.487949,0.472551,0.451054,0.478299,0.401720,0.380005,0.406249,0.505835,0.584264,0.374203,0.450711,0.423686,0.470948,0.508276,0.535748,0.486764,0.558277,0.558180,0.476863,0.288509,0.505553,0.592621,0.451265,0.301778,0.167249,0.153359,0.124445,0.154437,0.120584,0.161085,0.132273,0.141309,0.146855,0.143594,0.147507,0.147242,0.162965,0.146261,0.190311,0.212346,0.176383,0.218515,0.221663,0.166627,0.111015,0.189646,0.249654,0.240127,0.213867,0.206454,0.234433,0.262977,0.428459,0.224997,0.292194,0.311297,0.325381,0.362261
0.522837,0.522837,0.539868,0.543281,0.576340,0.618910,0.565895,0.459475,0.470440,0.487745,0.450402,0.435875,0.454529,0.490167,0.523091,0.457911,0.486673,0.567690,0.497705,0.520336,0.526332,0.574444,0.548342,0.503082,0.423736,0.420645,0.528086,0.482338,0.514282,0.420321,0.304218,0.292533,0.309239,0.260009,0.273937,0.306108,0.321634,0.303091,0.251543,0.265888,0.281408,0.281293,0.259306,0.258015,0.251340,0.297762,0.293316,0.312033,0.394752,0.350413,0.361503,0.399276,0.450227,0.426545,0.466886,0.493970,0.533965,0.438694,0.472423,0.465370,0.454735,0.453512,0.444067,0.468149,0.468573
0.527107,0.527107,0.548674,0.571263,0.579136,0.549029,0.519384,0.519887,0.548650,0.522155,0.569016,0.473826,0.463937,0.506701,0.580738,0.581005,0.625881,0.669555,0.622082,0.644819,0.659721,0.656188,0.648199,0.630021,0.604681,0.626076,0.658001,0.606068,0.615139,0.639899,0.628626,0.607519,0.596029,0.650347,0.608788,0.587175,0.629763,0.550893,0.584231,0.529225,0.557675,0.543507,0.557547,0.554526,0.573952,0.463656,0.509234,0.540263,0.493674,0.479788,0.491791,0.560045,0.570078,0.573890,0.573531,0.525535,0.454247,0.526984,0.534773,0.468088,0.508618,0.508994,0.460369,0.483499,0.506719
0.540752,0.540752,0.553731,0.545652,0.569794,0.583162,0.604420,0.582223,0.600925,0.548400,0.555120,0.483648,0.556130,0.558728,0.550205,0.578802,0.555805,0.605678,0.614421,0.609525,0.618226,0.629231,0.637610,0.597921,0.580802,0.606326,0.605102,0.609557,0.588421,0.581450,0.585251,0.550105,0.571510,0.582884,0.544438,0.563473,0.611544,0.618465,0.615288,0.599446,0.486998,0.514562,0.528801,0.531745,0.577742,0.534248,0.601102,0.559329,0.603021,0.583325,0.555402,0.506164,0.522229,0.549202,0.612378,0.497045,0.567991,0.489418,0.522066,0.528589,0.530106,0.497638,0.526963,0.521674,0.502740
0.534094,0.534094,0.509581,0.564631,0.575577,0.586767,0.547479,0.561673,0.556858,0.578530,0.574022,0.507653,0.546517,0.538636,0.550545,0.534216,0.543187,0.553484,0.549030,0.534603,0.528097,0.554916,0.574572,0.537589,0.527541,0.552479,0.605798,0.549872,0.479996,0.551552,0.545533,0.526493,0.541930,0.560679,0.550955,0.561549,0.565430,0.577603,0.586180,0.533383,0.475045,0.506748,0.499872,0.505771,0.478643,0.518459,0.510503,0.511017,0.516511,0.513787,0.517835,0.595981,0.496239,0.412230,0.377017,0.423453,0.419643,0.467917,0.488948,0.505161,0.499090,0.504728,0.529888,0.521555,0.507575
0.672841,0.672841,0.643790,0.607474,0.610439,0.604599,0.591019,0.601511,0.556585,0.562902,0.562832,0.558207,0.566618,0.561820,0.558587,0.556586,0.523772,0.561811,0.524069,0.503843,0.537918,0.540015,0.560907,0.552384,0.520347,0.544199,0.555056,0.525381,0.556100,0.554864,0.532039,0.549102,0.562197,0.581573,0.596586,0.601648,0.578639,0.605706,0.586934,0.573579,0.547225,0.522401,0.529066,0.524610,0.533247,0.558041,0.559535,0.553259,0.576583,0.562313,0.494471,0.535453,0.524869,0.544397,0.494937,0.503781,0.465340,0.491758,0.511796,0.509212,0.509840,0.517166,0.525593,0.566087,0.487934
0.592646,0.592646,0.547387,0.559860,0.574661,0.602187,0.610235,0.568131,0.557754,0.568598,0.578476,0.593239,0.585423,0.554990,0.591032,0.544091,0.569363,0.558369,0.632896,0.628960,0.570191,0.565488,0.586243,0.590638,0.583857,0.566376,0.593449,0.592867,0.579836,0.644153,0.630919,0.610187,0.612278,0.610053,0.610068,0.614553,0.609702,0.614509,0.587237,0.560366,0.555262,0.578022,0.551408,0.566135,0.554887,0.561370,0.583009,0.565086,0.553226,0.542628,0.587214,0.600498,0.537511,0.507456,0.553971,0.544067,0.476081,0.525268,0.530396,0.507333,0.501722,0.528382,0.523491,0.544486,0.484113
0.541568,0.541568,0.512418,0.551232,0.575097,0.570518,0.568222,0.573393,0.578757,0.566412,0.549530,0.537798,0.542316,0.510836,0.518424,0.533520,0.567148,0.589074,0.573867,0.582592,0.562470,0.557477,0.542664,0.557708,0.552701,0.529919,0.542827,0.545374,0.597219,0.618574,0.581341,0.593554,0.599723,0.607914,0.590088,0.605529,0.599381,0.574791,0.565091,0.583203,0.585197,0.569098,0.578675,0.582172,0.589952,0.576699,0.551293,0.565468,0.564258,0.571553,0.522241,0.575218,0.542327,0.569663,0.543707,0.519059,0.543876,0.535542,0.540250,0.463117,0.495268,0.475739,0.490360,0.492906,0.559973
0.502546,0.502546,0.506074,0.513446,0.549129,0.554038,0.568261,0.596103,0.579667,0.584302,0.552323,0.545876,0.531015,0.535379,0.573878,0.586591,0.512026,0.510984,0.546802,0.539382,0.531032,0.552206,0.529485,0.544593,0.556302,0.563931,0.547567,0.530953,0.560870,0.584508,0.575548,0.579792,0.569101,0.587979,0.594604,0.595287,0.600418,0.575547,0.560543,0.577016,0.557478,0.530061,0.543832,0.535991,0.527864,0.534022,0.551656,0.526950,0.493552,0.473099,0.532607,0.529661,0.496587,0.612517,0.514907,0.490974,0.496671,0.519109,0.578969,0.491890,0.447889,0.469104,0.416198,0.504089,0.526620
0.505608,0.505608,0.526829,0.531187,0.555558,0.566007,0.545561,0.551411,0.570957,0.546522,0.533560,0.518635,0.510493,0.533608,0.547057,0.531613,0.525264,0.544181,0.536957,0.538768,0.515629,0.512541,0.538905,0.583905,0.572019,0.563095,0.559699,0.553934,0.545976,0.553271,0.608547,0.592549,0.562281,0.609920,0.566828,0.569724,0.617145,0.605143,0.617495,0.614554,0.578970,0.548771,0.544897,0.549522,0.508938,0.521562,0.521792,0.537898,0.596988,0.620107,0.578847,0.541196,0.462266,0.486193,0.429977,0.515155,0.557694,0.542484,0.562528,0.553316,0.549992,0.536786,0.508640,0.436600,0.442273
0.547139,0.547139,0.533293,0.522351,0.545711,0.562512,0.542269,0.523484,0.547275,0.569257,0.556067,0.527747,0.552564,0.557775,0.546199,0.543125,0.515504,0.515227,0.510575,0.529358,0.512546,0.531923,0.549666,0.534652,0.514016,0.525655,0.576103,0.561191,0.547751,0.534833,0.571106,0.560871,0.552816,0.574020,0.559554,0.542749,0.565429,0.585433,0.589579,0.570185,0.581656,0.577883,0.567382,0.554537,0.524103,0.562777,0.526299,0.564067,0.610602,0.645642,0.597745,0.546021,0.491087,0.545234,0.516133,0.558709,0.574908,0.568240,0.568497,0.583755,0.564430,0.555188,0.612313,0.565732,0.571699
0.512103,0.512103,0.499564,0.534990,0.556825,0.571623,0.591922,0.559246,0.546887,0.568037,0.536279,0.536214,0.547145,0.515270,0.503080,0.546417,0.519265,0.528814,0.534730,0.540454,0.562716,0.573530,0.488003,0.418787,0.490704,0.559708,0.578011,0.560122,0.560733,0.555863,0.568628,0.557334,0.570070,0.600327,0.576287,0.585087,0.548959,0.583752,0.587135,0.573354,0.567088,0.571999,0.584702,0.506795,0.476927,0.512947,0.641170,0.621835,0.498026,0.498468,0.466693,0.472635,0.464757,0.465302,0.601421,0.546224,0.530202,0.521647,0.497230,0.477371,0.486210,0.516448,0.574473,0.548076,0.513595
0.533550,0.533550,0.535205,0.549750,0.531241,0.554586,0.571130,0.579123,0.573928,0.584695,0.559140,0.562992,0.571733,0.596142,0.573603,0.546969,0.558624,0.547832,0.549883,0.527631,0.582608,0.548097,0.567379,0.599271,0.613532,0.567948,0.590734,0.558980,0.555980,0.565036,0.583821,0.601194,0.585579,0.604145,0.603258,0.590500,0.593946,0.583626,0.579501,0.527424,0.501676,0.497762,0.512222,0.386929,0.404316,0.505485,0.539736,0.511524,0.475936,0.422355,0.368250,0.386968,0.352863,0.363360,0.435487,0.469191,0.415065,0.390124,0.389070,0.376079,0.410168,0.406411,0.441820,0.418018,0.486543
0.551821,0.551821,0.551536,0.551495,0.590820,0.545219,0.569244,0.568931,0.585795,0.575447,0.553561,0.573557,0.562753,0.595670,0.577083,0.504361,0.533353,0.510101,0.547042,0.526397,0.571227,0.573795,0.589137,0.557014,0.528191,0.572641,0.578826,0.569175,0.560602,0.581025,0.560238,0.509301,0.507799,0.554514,0.579109,0.545460,0.554721,0.530600,0.529362,0.538847,0.505016,0.556914,0.544769,0.542745,0.511113,0.407287,0.468399,0.551751,0.481219,0.452919,0.437605,0.433471,0.419287,0.371035,0.414068,0.356779,0.363586,0.338116,0.361950,0.370491,0.348327,0.361506,0.347654,0.337807,0.376716
0.559180,0.559180,0.566089,0.554857,0.599706,0.610181,0.626612,0.581224,0.545321,0.573046,0.604519,0.553926,0.588416,0.565671,0.537287,0.532472,0.572761,0.541880,0.551965,0.609824,0.572233,0.588672,0.585465,0.573237,0.582430,0.577813,0.576917,0.588275,0.570286,0.554824,0.533344,0.532429,0.548210,0.572930,0.590529,0.576576,0.505119,0.498406,0.509629,0.580113,0.567508,0.530157,0.524896,0.549351,0.538778,0.327063,0.514480,0.553261,0.448947,0.448668,0.490754,0.483667,0.492329,0.468729,0.393451,0.342102,0.435172,0.409875,0.368821,0.449089,0.400475,0.410022,0.430419,0.351673,0.358981
0.551801,0.551801,0.568632,0.571123,0.539493,0.479627,0.534166,0.494654,0.525130,0.516814,0.524881,0.467940,0.436221,0.463534,0.501821,0.475083,0.477929,0.410813,0.484947,0.527369,0.536968,0.560635,0.568261,0.576426,0.572863,0.584610,0.577755,0.595755,0.591723,0.577679,0.602885,0.589317,0.587196,0.565699,0.577339,0.564314,0.525397,0.501566,0.454742,0.507536,0.469990,0.525658,0.494318,0.466156,0.547587,0.469174,0.497578,0.537762,0.508288,0.441643,0.440958,0.432716,0.450489,0.448973,0.419219,0.459340,0.474278,0.454606,0.406646,0.517628,0.508676,0.498438,0.398742,0.384614,0.361481
0.543142,0.543142,0.530550,0.548237,0.553725,0.569901,0.575844,0.537957,0.650144,0.662620,0.672499,0.612893,0.574607,0.536639,0.497308,0.520630,0.493074,0.529634,0.521829,0.612781,0.595038,0.599196,0.543509,0.547930,0.573527,0.603752,0.613536,0.638729,0.642253,0.650002,0.642661,0.615673,0.587609,0.569446,0.612341,0.675525,0.662652,0.605757,0.653484,0.655855,0.562065,0.619217,0.520779,0.520620,0.495303,0.553759,0.599112,0.577964,0.567391,0.556954,0.576577,0.539727,0.578155,0.550189,0.521697,0.507162,0.557380,0.573858,0.519893,0.645366,0.606082,0.522225,0.470056,0.444011,0.444564