0.479258,0.479258,0.486619,0.543448,0.497543,0.499337,0.543988,0.499508,0.507901,0.504135,0.479267,0.507056,0.528814,0.513269,0.540014,0.531581,0.549516,0.540170,0.531225,0.524082,0.491344,0.503522,0.548600,0.536082,0.536920,0.545376,0.541165,0.544492,0.553221,0.520451,0.518732,0.525762,0.532226,0.506369,0.482765,0.575904,0.556719,0.550878,0.577099,0.605214,0.551720,0.592678,0.608234,0.606968,0.614842,0.620093,0.606188,0.589656,0.622478,0.642032,0.640227,0.614206,0.617610,0.624279,0.657557,0.682112,0.701122,0.680483,0.671227,0.627714,0.619317,0.633219,0.643383,0.661839,0.585937
0.496356,0.496356,0.514111,0.537175,0.530056,0.519189,0.509124,0.532636,0.525535,0.514452,0.531541,0.527566,0.538829,0.535058,0.567053,0.559038,0.529362,0.544210,0.522672,0.549432,0.544555,0.565357,0.544345,0.528427,0.525983,0.527482,0.553214,0.570304,0.545271,0.522570,0.575345,0.566829,0.594472,0.512553,0.494288,0.514472,0.528546,0.541693,0.583424,0.623255,0.621778,0.590572,0.588062,0.576243,0.579029,0.600024,0.582959,0.592512,0.604301,0.607614,0.597392,0.606795,0.596841,0.613052,0.669979,0.655069,0.664674,0.633808,0.643939,0.646343,0.642149,0.649243,0.643069,0.623738,0.662645
0.497420,0.497420,0.534915,0.514722,0.520039,0.532780,0.524631,0.516737,0.550205,0.539038,0.528208,0.545173,0.597712,0.613301,0.608003,0.612901,0.614553,0.563985,0.545624,0.589019,0.561300,0.553710,0.559883,0.537064,0.521830,0.546965,0.601824,0.682012,0.595621,0.577630,0.564900,0.699768,0.709569,0.661525,0.553701,0.660542,0.546649,0.518426,0.553106,0.632124,0.609343,0.569984,0.550321,0.603572,0.584772,0.592337,0.610508,0.568277,0.546127,0.530961,0.600516,0.612438,0.536595,0.521524,0.593393,0.602504,0.627481,0.624485,0.615723,0.618629,0.634598,0.613963,0.614339,0.637160,0.637111
0.475963,0.475963,0.509381,0.508028,0.541103,0.531401,0.507594,0.521189,0.541887,0.548008,0.547423,0.608654,0.634980,0.640240,0.644951,0.678809,0.697708,0.637118,0.621371,0.634847,0.613777,0.592119,0.581812,0.584095,0.567568,0.662922,0.749196,0.752187,0.708980,0.698922,0.681554,0.714678,0.757689,0.751055,0.544188,0.643822,0.753456,0.555280,0.571867,0.628453,0.603009,0.564807,0.569284,0.596490,0.569881,0.576994,0.602445,0.590817,0.555598,0.543931,0.553801,0.543537,0.383162,0.494480,0.558537,0.558235,0.543132,0.595304,0.595688,0.586144,0.538702,0.560301,0.588929,0.583343,0.547437
0.514701,0.514701,0.492653,0.528970,0.525857,0.538294,0.531019,0.546462,0.526184,0.540691,0.557943,0.625342,0.648280,0.664381,0.674777,0.713489,0.684072,0.707749,0.684110,0.652875,0.645979,0.639360,0.688100,0.696159,0.674974,0.700222,0.795667,0.779971,0.760888,0.771229,0.756930,0.801464,0.776329,0.763276,0.672733,0.609814,0.729541,0.657986,0.578371,0.631599,0.618921,0.571354,0.564960,0.548673,0.547818,0.581884,0.581541,0.581822,0.564403,0.547998,0.568680,0.438227,0.481692,0.531697,0.564110,0.538540,0.559289,0.549792,0.557427,0.565172,0.520533,0.482236,0.553261,0.548651,0.546685
0.495319,0.495319,0.500067,0.499185,0.572334,0.575072,0.592914,0.560050,0.546319,0.531183,0.560453,0.631563,0.669810,0.671883,0.682256,0.679901,0.704518,0.674067,0.671484,0.654664,0.650826,0.684279,0.722430,0.739572,0.693539,0.735002,0.719622,0.713434,0.713275,0.726802,0.715307,0.714308,0.749675,0.723807,0.714600,0.568233,0.765100,0.629847,0.569080,0.640224,0.643953,0.600475,0.573135,0.556912,0.557163,0.560445,0.561464,0.566308,0.563251,0.554819,0.484000,0.471474,0.509436,0.574105,0.573475,0.557526,0.556647,0.556704,0.576550,0.590068,0.570659,0.524563,0.550426,0.546474,0.543782
0.492227,0.492227,0.494417,0.477656,0.541266,0.657048,0.666863,0.637606,0.668479,0.603724,0.571358,0.620262,0.640841,0.639658,0.678639,0.640366,0.634951,0.677474,0.664455,0.654708,0.676034,0.701804,0.722349,0.718471,0.705784,0.728636,0.753032,0.734725,0.786055,0.743694,0.729421,0.775700,0.765910,0.691597,0.750265,0.563648,0.600827,0.658241,0.600170,0.621469,0.667796,0.601836,0.568219,0.562366,0.544162,0.569345,0.580821,0.558535,0.530523,0.498431,0.410436,0.541935,0.579055,0.561485,0.565838,0.556415,0.563770,0.593526,0.568466,0.571474,0.579830,0.574031,0.578540,0.572534,0.547802
0.495714,0.495714,0.495854,0.516656,0.641655,0.691543,0.711165,0.726071,0.691957,0.604179,0.574015,0.577802,0.619203,0.631457,0.631735,0.646192,0.649000,0.646940,0.658224,0.652122,0.678396,0.710033,0.669727,0.632783,0.718567,0.740866,0.702370,0.768869,0.704674,0.760380,0.745117,0.751752,0.771731,0.748983,0.750666,0.642325,0.525848,0.622935,0.596740,0.625304,0.731288,0.564700,0.568626,0.565107,0.569406,0.557916,0.557238,0.541209,0.582462,0.460035,0.462896,0.607797,0.652084,0.632717,0.576386,0.597172,0.614421,0.638645,0.660618,0.645581,0.606395,0.603910,0.592226,0.588699,0.556836
0.508166,0.508166,0.509191,0.549021,0.649176,0.633883,0.726956,0.726972,0.684346,0.695858,0.642274,0.634772,0.629272,0.648101,0.665464,0.649799,0.608216,0.642013,0.639289,0.638930,0.656136,0.622539,0.667783,0.601578,0.703482,0.703811,0.761100,0.731611,0.702869,0.731705,0.684312,0.720421,0.717685,0.690365,0.666992,0.700623,0.551644,0.617678,0.575519,0.564606,0.667773,0.575488,0.561147,0.537910,0.545239,0.560980,0.573849,0.581728,0.494054,0.452291,0.579553,0.625264,0.684347,0.741076,0.662986,0.641011,0.648659,0.672078,0.678244,0.557956,0.595827,0.581988,0.584732,0.611815,0.630487
0.561876,0.561876,0.566096,0.587792,0.638308,0.661293,0.757711,0.741037,0.719996,0.683484,0.653191,0.645898,0.684297,0.678694,0.665753,0.632574,0.622548,0.624608,0.645964,0.614933,0.607202,0.600488,0.670022,0.606590,0.642566,0.683726,0.687245,0.660891,0.679229,0.677188,0.711498,0.678192,0.672657,0.647485,0.625327,0.637601,0.453349,0.537513,0.645512,0.601758,0.381758,0.575356,0.588337,0.584195,0.558520,0.569984,0.565987,0.557473,0.396169,0.574920,0.637174,0.649034,0.654385,0.657760,0.665585,0.665774,0.672567,0.666435,0.642673,0.616646,0.625853,0.619554,0.606388,0.628740,0.567874
0.573360,0.573360,0.575907,0.597259,0.639632,0.696263,0.740304,0.729384,0.683052,0.666093,0.655193,0.686127,0.718800,0.673680,0.667237,0.640553,0.633244,0.643326,0.623753,0.614449,0.580397,0.565510,0.604285,0.522248,0.571838,0.662346,0.604307,0.622158,0.617693,0.650845,0.601886,0.604483,0.633951,0.610089,0.605723,0.602802,0.483545,0.426373,0.617377,0.652957,0.398571,0.488102,0.568486,0.593905,0.568529,0.576577,0.554795,0.468502,0.502614,0.618910,0.625113,0.624759,0.639718,0.470276,0.609371,0.651509,0.670763,0.673201,0.632074,0.617666,0.633512,0.622044,0.616361,0.553549,0.500754
0.536001,0.536001,0.555022,0.574863,0.644003,0.659186,0.709510,0.680184,0.684389,0.631162,0.654319,0.630448,0.693819,0.711290,0.656776,0.632578,0.604158,0.619710,0.589631,0.574476,0.543037,0.559336,0.557577,0.516277,0.495760,0.563363,0.591546,0.624003,0.610842,0.583973,0.589281,0.598290,0.572838,0.560626,0.595787,0.602040,0.585077,0.444715,0.664007,0.539829,0.449022,0.522645,0.581112,0.591938,0.597493,0.552225,0.528034,0.483919,0.569162,0.596526,0.555224,0.617099,0.661999,0.468958,0.518184,0.635176,0.676081,0.645848,0.636465,0.639387,0.618913,0.643299,0.641025,0.566462,0.567683
0.530307,0.530307,0.526990,0.558479,0.593228,0.652112,0.597907,0.591212,0.585316,0.574622,0.587447,0.622239,0.608451,0.603082,0.633248,0.642811,0.630788,0.573045,0.582515,0.557415,0.571336,0.563721,0.559515,0.501917,0.477999,0.586301,0.559256,0.614990,0.616379,0.569092,0.567327,0.575077,0.579577,0.586189,0.577640,0.607083,0.610692,0.438177,0.540930,0.579526,0.421749,0.511778,0.583765,0.570291,0.572169,0.581325,0.476242,0.535801,0.582991,0.611632,0.471730,0.540173,0.625828,0.528482,0.506035,0.633379,0.617863,0.638330,0.620730,0.614463,0.617510,0.606171,0.562669,0.503165,0.594459
0.524259,0.524259,0.559136,0.542648,0.556751,0.586932,0.580995,0.567119,0.552572,0.543321,0.557825,0.590315,0.602789,0.603399,0.577664,0.612629,0.630423,0.571547,0.543307,0.554165,0.552305,0.591008,0.574173,0.581964,0.513757,0.577393,0.592345,0.608376,0.596144,0.591834,0.597932,0.619045,0.657071,0.612492,0.587993,0.621544,0.630458,0.571169,0.507565,0.610546,0.439970,0.495586,0.562741,0.584186,0.584331,0.489429,0.489363,0.570383,0.559248,0.589628,0.543510,0.538847,0.559780,0.533596,0.516916,0.598909,0.596899,0.589754,0.592695,0.593812,0.606660,0.584663,0.465121,0.558057,0.593750
0.526684,0.526684,0.547842,0.542752,0.553871,0.563951,0.551685,0.562788,0.542135,0.542868,0.548255,0.553953,0.569478,0.590711,0.577581,0.582947,0.576825,0.568118,0.584084,0.587998,0.579659,0.576271,0.592277,0.531501,0.441490,0.589691,0.578701,0.588647,0.613744,0.591458,0.604453,0.675960,0.658680,0.608333,0.629023,0.640516,0.649088,0.642101,0.396235,0.576583,0.439450,0.510519,0.583899,0.575410,0.590077,0.474986,0.572531,0.593340,0.604154,0.600764,0.566898,0.430554,0.588671,0.488181,0.466292,0.575422,0.551633,0.551262,0.589778,0.585436,0.608054,0.496252,0.514037,0.546502,0.564139
0.531237,0.531237,0.534757,0.517695,0.559789,0.564104,0.564194,0.559682,0.564869,0.541218,0.569954,0.552183,0.552697,0.586312,0.567598,0.590923,0.592898,0.595996,0.623471,0.638915,0.634455,0.593550,0.582469,0.554826,0.518750,0.538809,0.606136,0.612973,0.615132,0.631377,0.613974,0.670911,0.628001,0.630883,0.646444,0.688694,0.667411,0.669704,0.539787,0.518552,0.403023,0.447082,0.592727,0.565752,0.494712,0.556135,0.568626,0.581899,0.595789,0.614831,0.561812,0.393659,0.573696,0.480465,0.510454,0.552335,0.564197,0.555134,0.539746,0.543302,0.531333,0.429904,0.591280,0.496878,0.455650
0.543421,0.543421,0.562202,0.550365,0.557781,0.583541,0.526846,0.549521,0.551448,0.565011,0.567345,0.566621,0.561373,0.587739,0.597325,0.617350,0.641258,0.619646,0.622348,0.625017,0.632102,0.600291,0.610847,0.568573,0.565399,0.579036,0.599326,0.604005,0.612753,0.649994,0.638827,0.628874,0.640596,0.593903,0.642628,0.689292,0.646656,0.579120,0.658376,0.529572,0.569288,0.598062,0.608773,0.542424,0.506543,0.555925,0.553136,0.556481,0.590409,0.600741,0.568030,0.418097,0.540605,0.500447,0.489887,0.562666,0.536200,0.525098,0.528587,0.537477,0.490186,0.490324,0.426366,0.369307,0.374131
0.567994,0.567994,0.589275,0.550885,0.556739,0.565939,0.539616,0.554194,0.546599,0.560986,0.569593,0.584982,0.548353,0.600511,0.595847,0.651813,0.602924,0.640475,0.642182,0.611136,0.615146,0.507865,0.554175,0.612988,0.563215,0.578315,0.588393,0.598386,0.608997,0.610455,0.589026,0.623039,0.611670,0.620166,0.643259,0.639553,0.607293,0.665191,0.698465,0.639728,0.504899,0.573495,0.626664,0.476277,0.572598,0.509186,0.535358,0.579290,0.580423,0.558519,0.557058,0.429611,0.466238,0.495358,0.495656,0.562141,0.559215,0.547356,0.508700,0.491349,0.479983,0.526567,0.481612,0.262520,0.433082
0.551892,0.551892,0.611783,0.572877,0.533243,0.558739,0.578930,0.579305,0.563638,0.586870,0.593255,0.623663,0.659726,0.601065,0.591982,0.560689,0.597606,0.618697,0.649699,0.615880,0.595315,0.494891,0.481792,0.573012,0.615733,0.598492,0.581042,0.619280,0.627632,0.613554,0.487605,0.607469,0.588915,0.586562,0.663778,0.600897,0.656839,0.730310,0.697391,0.713033,0.403042,0.566362,0.573742,0.544499,0.574539,0.543043,0.556679,0.572596,0.590694,0.574158,0.572943,0.510826,0.455948,0.531626,0.501877,0.546812,0.571423,0.559156,0.545463,0.444667,0.495764,0.495557,0.408686,0.358172,0.422773
0.560252,0.560252,0.579850,0.584374,0.585179,0.556737,0.565130,0.581979,0.593896,0.610374,0.641028,0.646590,0.649903,0.651977,0.635351,0.631783,0.617289,0.602704,0.591438,0.613587,0.611434,0.436241,0.455213,0.555192,0.597967,0.596264,0.579364,0.609220,0.597443,0.597250,0.531090,0.597505,0.574040,0.637640,0.675361,0.775978,0.660009,0.651840,0.510662,0.541755,0.293300,0.443433,0.368472,0.537111,0.552593,0.549682,0.560165,0.560001,0.553076,0.596305,0.574072,0.562171,0.435067,0.518875,0.521335,0.566115,0.532225,0.580664,0.491995,0.463122,0.499902,0.470866,0.484214,0.494384,0.417649
0.571462,0.571462,0.561646,0.609532,0.605582,0.581347,0.590729,0.574813,0.535879,0.631356,0.615768,0.634464,0.642027,0.684057,0.651263,0.642131,0.631379,0.622891,0.636659,0.618092,0.532374,0.425362,0.371820,0.464902,0.579690,0.606426,0.611563,0.621437,0.588364,0.576546,0.566666,0.591831,0.654296,0.653467,0.667141,0.732695,0.701850,0.484782,0.332477,0.430387,0.270080,0.235487,0.333590,0.420095,0.470525,0.558666,0.570322,0.555093,0.502660,0.551490,0.542218,0.596675,0.438165,0.499058,0.483800,0.563217,0.610422,0.524962,0.498249,0.508913,0.514663,0.532818,0.541021,0.569101,0.466883
0.572648,0.572648,0.579010,0.587478,0.592677,0.568794,0.559996,0.557007,0.581412,0.615876,0.613082,0.592094,0.601788,0.614527,0.630466,0.606286,0.603109,0.643252,0.619325,0.610552,0.488778,0.423527,0.427668,0.496487,0.540874,0.596183,0.600470,0.617220,0.582505,0.580412,0.608699,0.591342,0.610150,0.642106,0.759269,0.800672,0.814471,0.504496,0.303473,0.449657,0.372621,0.161666,0.382118,0.417650,0.419977,0.567358,0.579418,0.567279,0.550956,0.536375,0.569536,0.577306,0.483277,0.439280,0.493754,0.556003,0.527369,0.421950,0.527237,0.528394,0.529743,0.528505,0.528282,0.523360,0.537059
0.553867,0.553867,0.584013,0.590904,0.595800,0.582963,0.590019,0.600445,0.618816,0.627654,0.598214,0.599357,0.599928,0.606776,0.584965,0.614110,0.572410,0.610964,0.612201,0.571013,0.723385,0.664432,0.578066,0.582837,0.589725,0.587733,0.621750,0.618928,0.584011,0.575597,0.615263,0.581479,0.497034,0.489000,0.790385,0.760367,0.798641,0.510815,0.312778,0.444669,0.355350,0.254799,0.341201,0.318399,0.427921,0.572341,0.629076,0.593595,0.577176,0.567226,0.576212,0.560365,0.575824,0.337506,0.464402,0.528141,0.511111,0.502821,0.554695,0.541158,0.554406,0.533249,0.509398,0.515975,0.561868
0.551401,0.551401,0.557010,0.588017,0.626965,0.622140,0.630476,0.643923,0.632335,0.609342,0.584037,0.615154,0.561861,0.563610,0.575181,0.583129,0.606562,0.606663,0.583408,0.565449,0.770149,0.747490,0.515805,0.576037,0.567811,0.593056,0.611430,0.613033,0.583328,0.588197,0.599643,0.605313,0.556434,0.487584,0.584939,0.746377,0.813995,0.521366,0.370494,0.480084,0.359697,0.276501,0.388126,0.429902,0.479986,0.626715,0.597581,0.630152,0.645778,0.549526,0.537492,0.615382,0.596659,0.383398,0.550918,0.535702,0.481101,0.543496,0.549829,0.541558,0.567210,0.543103,0.552049,0.607452,0.588562
0.576136,0.576136,0.563956,0.617338,0.643755,0.629393,0.688005,0.653024,0.607565,0.593810,0.568994,0.627513,0.596231,0.549453,0.579077,0.598749,0.595438,0.607115,0.597073,0.581715,0.775356,0.786578,0.561070,0.612502,0.582115,0.558216,0.603561,0.601863,0.579345,0.595113,0.599388,0.628541,0.656548,0.550378,0.611066,0.820334,0.832827,0.521615,0.302959,0.314982,0.456213,0.243950,0.439499,0.415237,0.337816,0.416773,0.359182,0.317634,0.329657,0.245680,0.326529,0.334856,0.264410,0.308236,0.352963,0.282650,0.403607,0.550519,0.540309,0.543673,0.507143,0.504530,0.571939,0.623438,0.613013
0.559651,0.559651,0.576914,0.597382,0.609636,0.597899,0.616038,0.594684,0.609667,0.606259,0.600607,0.617660,0.599109,0.599593,0.601563,0.604137,0.620280,0.622492,0.608307,0.611734,0.720523,0.764294,0.607249,0.579218,0.659218,0.570130,0.589714,0.607504,0.563712,0.608344,0.598000,0.604989,0.634961,0.612328,0.800387,0.873188,0.863131,0.517803,0.252509,0.345586,0.434821,0.349935,0.307852,0.194861,0.230786,0.222279,0.247338,0.294164,0.256178,0.291099,0.308583,0.314153,0.291361,0.376755,0.267602,0.194450,0.270627,0.478864,0.518995,0.489345,0.473131,0.487502,0.536315,0.616946,0.683669
0.568511,0.568511,0.604269,0.554202,0.556920,0.597236,0.583453,0.600183,0.608496,0.630614,0.610954,0.596863,0.621823,0.621660,0.613678,0.589848,0.619367,0.603980,0.641547,0.589002,0.788164,0.748099,0.586974,0.534852,0.668838,0.573741,0.564462,0.572360,0.564750,0.612198,0.594286,0.549403,0.527218,0.639153,0.852826,0.831364,0.733056,0.486280,0.381856,0.372509,0.352299,0.471274,0.434974,0.454568,0.470146,0.479379,0.435301,0.377699,0.393618,0.387996,0.380674,0.413903,0.423071,0.388879,0.407111,0.368156,0.402746,0.434374,0.479561,0.494635,0.447074,0.466073,0.524371,0.650673,0.633180
0.567138,0.567138,0.568533,0.534223,0.585500,0.634012,0.627652,0.621517,0.628410,0.627948,0.609737,0.624014,0.623186,0.609409,0.603698,0.604498,0.632872,0.628589,0.409337,0.479191,0.684164,0.709650,0.616382,0.446540,0.511793,0.364691,0.452133,0.459932,0.452212,0.489649,0.531222,0.469663,0.497052,0.600737,0.595759,0.483309,0.451476,0.430199,0.430202,0.534615,0.717537,0.803753,0.606925,0.503744,0.556884,0.459441,0.324642,0.351952,0.268620,0.230179,0.214477,0.277660,0.360151,0.343135,0.421449,0.418349,0.376279,0.478158,0.503329,0.426947,0.440650,0.472165,0.519316,0.634715,0.646824
0.569670,0.569670,0.562544,0.567095,0.584957,0.630874,0.652890,0.647396,0.644965,0.640420,0.607910,0.613573,0.619468,0.607138,0.577209,0.577463,0.584861,0.514517,0.303343,0.332256,0.525306,0.630339,0.695186,0.373173,0.445748,0.379577,0.375106,0.327465,0.372046,0.490168,0.556405,0.560796,0.420327,0.320529,0.380655,0.408609,0.528241,0.561163,0.667726,0.792283,0.835619,0.832248,0.571189,0.498039,0.546885,0.462270,0.382337,0.454601,0.442325,0.482366,0.391758,0.482702,0.402653,0.394614,0.392345,0.457045,0.442225,0.396797,0.460907,0.480730,0.384839,0.411210,0.442183,0.576406,0.502139
0.593301,0.593301,0.570693,0.572653,0.572297,0.591567,0.614954,0.617896,0.627646,0.633177,0.633187,0.642865,0.620851,0.626442,0.618245,0.588409,0.564037,0.452923,0.328043,0.306048,0.540174,0.655901,0.637996,0.574532,0.400842,0.408829,0.314101,0.318790,0.493149,0.550459,0.624102,0.660577,0.606978,0.494285,0.457132,0.562244,0.680233,0.755229,0.768921,0.810710,0.822103,0.856042,0.556658,0.523998,0.522466,0.617695,0.580521,0.483085,0.526338,0.529139,0.532463,0.584010,0.411755,0.442785,0.435268,0.442122,0.448367,0.256137,0.398237,0.333313,0.608477,0.510724,0.424676,0.167519,0.203548
0.593804,0.593804,0.606559,0.558135,0.593109,0.625529,0.645609,0.673432,0.658567,0.665653,0.641040,0.615908,0.628675,0.627518,0.618836,0.575498,0.594580,0.511615,0.569518,0.506581,0.443656,0.455778,0.402023,0.534047,0.322640,0.285655,0.373105,0.473808,0.603066,0.550159,0.503435,0.409641,0.428922,0.585320,0.675611,0.762504,0.766985,0.808060,0.779244,0.856623,0.873574,0.839106,0.521795,0.443797,0.455604,0.339946,0.251550,0.239062,0.158505,0.186039,0.204066,0.247524,0.211475,0.181303,0.121518,0.097403,0.109798,0.211767,0.410629,0.495691,0.417178,0.257215,0.196591,0.146326,0.138958
0.583326,0.583326,0.559330,0.559332,0.588991,0.652553,0.768076,0.803239,0.712480,0.679389,0.608737,0.643404,0.620415,0.599289,0.615392,0.586676,0.506335,0.539363,0.564538,0.601394,0.475006,0.496158,0.415997,0.533542,0.283033,0.293618,0.352026,0.447011,0.391087,0.396959,0.445231,0.684461,0.776632,0.862425,0.791868,0.812454,0.776931,0.777710,0.784779,0.773806,0.591112,0.466960,0.307411,0.106692,0.121836,0.110905,0.144927,0.115050,0.230440,0.240676,0.364035,0.241979,0.169550,0.201350,0.149108,0.168382,0.161383,0.263687,0.379533,0.192699,0.221207,0.156914,0.111437,0.130461,0.151661
0.605285,0.605285,0.582421,0.552814,0.628944,0.686935,0.799218,0.749267,0.462297,0.527252,0.614201,0.617918,0.631217,0.628046,0.594220,0.474208,0.512951,0.495151,0.492349,0.483027,0.465773,0.363394,0.346948,0.388826,0.301019,0.402465,0.391603,0.334663,0.277694,0.224703,0.526779,0.895300,0.857336,0.808889,0.813473,0.828992,0.855019,0.702468,0.651030,0.528754,0.403235,0.423126,0.325262,0.290671,0.404905,0.417137,0.546142,0.589509,0.562532,0.595975,0.533314,0.582962,0.608351,0.610254,0.556564,0.584419,0.564126,0.468700,0.303562,0.164439,0.155372,0.136244,0.060738,0.094235,0.146953
0.558065,0.558065,0.581418,0.592615,0.612031,0.733759,0.728539,0.711976,0.431887,0.327011,0.601076,0.621820,0.606529,0.628081,0.488305,0.376441,0.463973,0.440152,0.398081,0.383183,0.385962,0.392985,0.404025,0.518126,0.566935,0.690471,0.409666,0.178095,0.216896,0.127068,0.373344,0.808103,0.823644,0.848768,0.796764,0.678762,0.694035,0.569127,0.545871,0.480712,0.526925,0.683870,0.593358,0.605244,0.658800,0.656776,0.682196,0.658097,0.641226,0.613752,0.557864,0.623358,0.581116,0.594165,0.624063,0.617574,0.594155,0.418139,0.235125,0.170061,0.219023,0.220958,0.180323,0.447807,0.314722
0.572245,0.572245,0.581547,0.563111,0.566446,0.693483,0.814357,0.645800,0.426588,0.357026,0.597328,0.592122,0.642490,0.610694,0.412536,0.276585,0.226701,0.320954,0.341076,0.342924,0.306524,0.284837,0.324490,0.681347,0.746506,0.805649,0.473238,0.211666,0.163493,0.139260,0.478799,0.821521,0.793018,0.683115,0.695399,0.556244,0.564390,0.595263,0.713824,0.787734,0.836844,0.770547,0.465105,0.608429,0.641418,0.636555,0.635120,0.629088,0.576727,0.352593,0.305839,0.362894,0.463404,0.422614,0.478512,0.392092,0.387120,0.277661,0.351491,0.082638,0.402996,0.467956,0.575226,0.645344,0.418736
0.571272,0.571272,0.575499,0.570456,0.528350,0.777550,0.868596,0.642250,0.389103,0.389586,0.428409,0.340357,0.296221,0.284130,0.226775,0.251971,0.211341,0.307425,0.346023,0.379452,0.263224,0.210830,0.199560,0.548044,0.747413,0.736253,0.381941,0.131787,0.244781,0.183484,0.494774,0.678902,0.550399,0.601769,0.621126,0.543130,0.615654,0.774023,0.892776,0.844509,0.693997,0.447871,0.310614,0.335202,0.420710,0.395100,0.376851,0.308461,0.326443,0.185073,0.153481,0.223782,0.239950,0.210701,0.210682,0.158550,0.034309,0.104865,0.285364,0.161302,0.351428,0.506479,0.573767,0.575101,0.511917
0.598173,0.598173,0.538335,0.513901,0.562716,0.747243,0.788419,0.629580,0.409502,0.490336,0.458427,0.360363,0.321990,0.322923,0.385435,0.424510,0.485461,0.475822,0.386636,0.299677,0.262267,0.250449,0.234039,0.397941,0.775800,0.722287,0.448840,0.395872,0.354027,0.187587,0.218833,0.346683,0.591158,0.568605,0.622637,0.765295,0.882055,0.796333,0.728896,0.642268,0.428485,0.322667,0.212921,0.170135,0.178145,0.209156,0.224127,0.135736,0.182157,0.153406,0.117141,0.196373,0.132876,0.123603,0.060453,0.060996,0.222760,0.339624,0.139294,0.088440,0.372481,0.511750,0.492992,0.511837,0.313231
0.544599,0.544599,0.469432,0.429408,0.487500,0.569474,0.496856,0.380249,0.610935,0.452619,0.487694,0.418607,0.435973,0.382134,0.427315,0.484100,0.455967,0.358505,0.290458,0.261022,0.223969,0.254888,0.239080,0.274220,0.556656,0.484839,0.402050,0.275545,0.239029,0.241239,0.315705,0.548032,0.705689,0.797846,0.858887,0.830089,0.761638,0.723724,0.554864,0.442280,0.332779,0.212741,0.210355,0.232524,0.213276,0.229000,0.165264,0.145444,0.182335,0.176321,0.111250,0.226417,0.144055,0.116661,0.105528,0.112077,0.426079,0.505805,0.170942,0.052928,0.251209,0.532801,0.294745,0.215348,0.120786
0.488483,0.488483,0.561301,0.659533,0.730989,0.883375,0.661459,0.303367,0.523786,0.336075,0.347380,0.311074,0.189595,0.195564,0.181207,0.196116,0.149245,0.155374,0.142636,0.124733,0.133592,0.182577,0.223944,0.215023,0.395138,0.413302,0.418551,0.420068,0.452308,0.633587,0.756332,0.845409,0.871837,0.785085,0.801853,0.698498,0.614046,0.573446,0.357741,0.246303,0.212963,0.207388,0.221204,0.213641,0.219217,0.190789,0.169349,0.163339,0.146977,0.141491,0.200749,0.276553,0.167607,0.143615,0.127300,0.229805,0.367930,0.539212,0.197937,0.084630,0.120958,0.239563,0.085719,0.085283,0.084589
0.461756,0.461756,0.666832,0.692446,0.737663,0.767980,0.677130,0.440828,0.528896,0.397746,0.275431,0.310578,0.276640,0.230291,0.214906,0.194366,0.257346,0.241053,0.247038,0.227302,0.331498,0.450306,0.498770,0.475547,0.544782,0.724470,0.636915,0.688819,0.809323,0.707265,0.821552,0.729902,0.676685,0.640053,0.688742,0.639099,0.526642,0.312214,0.195155,0.203830,0.214281,0.196098,0.192953,0.200254,0.191403,0.145310,0.221924,0.127516,0.096854,0.126424,0.078244,0.116642,0.118286,0.009817,0.403859,0.257195,0.231251,0.404010,0.143988,0.157572,0.080084,0.085055,0.087223,0.077377,0.064978
0.373566,0.373566,0.486900,0.497326,0.507969,0.655353,0.620626,0.494885,0.398510,0.213944,0.246197,0.276160,0.616111,0.593354,0.578409,0.671615,0.669115,0.674456,0.631601,0.540173,0.667128,0.770510,0.795359,0.827141,0.709861,0.839557,0.574786,0.469054,0.621908,0.495762,0.608475,0.511243,0.500798,0.595885,0.581682,0.478880,0.343707,0.232764,0.151476,0.168366,0.208557,0.183949,0.163863,0.167976,0.172077,0.146167,0.168278,0.129025,0.093552,0.177345,0.188842,0.141691,0.146804,0.256273,0.366548,0.256767,0.151008,0.439002,0.287708,0.255300,0.177032,0.071050,0.069664,0.053488,0.095108
0.529167,0.529167,0.538148,0.570663,0.629744,0.555294,0.422865,0.226311,0.161846,0.141156,0.206269,0.152715,0.611605,0.628027,0.709061,0.747529,0.813986,0.831346,0.810165,0.624682,0.723639,0.783680,0.753229,0.643159,0.455318,0.638053,0.542791,0.322355,0.480276,0.524514,0.511609,0.480152,0.474046,0.430846,0.284496,0.227611,0.157422,0.188915,0.163593,0.223750,0.155616,0.175752,0.161027,0.160632,0.175830,0.155308,0.171327,0.168686,0.130322,0.167352,0.180927,0.123844,0.313075,0.407559,0.205430,0.179570,0.116472,0.313636,0.317882,0.212250,0.149771,0.072379,0.098824,0.096545,0.022289
0.513480,0.513480,0.540251,0.404553,0.383536,0.300507,0.225199,0.150977,0.158639,0.129256,0.123028,0.146210,0.494382,0.700525,0.588141,0.732331,0.779641,0.740046,0.681656,0.477784,0.339573,0.468832,0.409067,0.336417,0.310364,0.261023,0.469552,0.301778,0.377001,0.380565,0.380170,0.371515,0.333803,0.307349,0.205738,0.124842,0.170182,0.179695,0.171053,0.176493,0.135575,0.159699,0.159283,0.158723,0.164597,0.169657,0.201844,0.165258,0.153845,0.158045,0.179633,0.119321,0.352108,0.341444,0.137540,0.116608,0.111832,0.098051,0.241956,0.193660,0.149976,0.087171,0.009733,0.063685,0.048136
0.564491,0.564491,0.454547,0.140737,0.251270,0.135705,0.174792,0.125439,0.137398,0.103866,0.161118,0.227219,0.341840,0.431720,0.298938,0.367039,0.330973,0.320599,0.276159,0.329123,0.230234,0.234359,0.179084,0.186265,0.235536,0.127621,0.431137,0.360257,0.326343,0.283340,0.293170,0.293252,0.297367,0.224093,0.215703,0.164792,0.165907,0.167661,0.160142,0.156705,0.174272,0.153453,0.152568,0.156572,0.179494,0.214002,0.267756,0.196810,0.162385,0.166220,0.163859,0.225771,0.430641,0.266994,0.151976,0.101876,0.120552,0.122837,0.290975,0.196636,0.141802,0.114820,0.039294,0.076285,0.062902
0.577604,0.577604,0.483365,0.345026,0.371067,0.371217,0.311310,0.309693,0.299562,0.301989,0.359716,0.356678,0.361079,0.415675,0.270316,0.156795,0.170754,0.134179,0.123809,0.216525,0.193472,0.126893,0.096852,0.181699,0.203014,0.132677,0.343725,0.319423,0.302464,0.217157,0.189887,0.193831,0.222657,0.183294,0.175151,0.156970,0.145868,0.167896,0.140590,0.137205,0.142506,0.144085,0.134729,0.138738,0.173720,0.190091,0.186991,0.200177,0.161244,0.155387,0.222495,0.090705,0.337688,0.389393,0.257380,0.117233,0.102994,0.067620,0.209381,0.241146,0.110872,0.085220,0.060701,0.083444,0.099301
0.545448,0.545448,0.569592,0.587454,0.601711,0.708665,0.633085,0.601423,0.576158,0.460726,0.478687,0.491197,0.476279,0.439553,0.286319,0.178476,0.095686,0.158120,0.112507,0.211797,0.191702,0.143266,0.098260,0.168561,0.184503,0.173061,0.418766,0.137131,0.258324,0.310645,0.230591,0.149798,0.165959,0.131233,0.137559,0.147058,0.139689,0.156362,0.127705,0.135388,0.110737,0.114184,0.095628,0.145879,0.197033,0.248088,0.223525,0.167068,0.167012,0.150820,0.165247,0.089585,0.396322,0.528340,0.249525,0.078515,0.075812,0.096636,0.133461,0.260375,0.135324,0.100761,0.094185,0.066594,0.105492
0.561044,0.561044,0.559727,0.567049,0.617922,0.668418,0.689432,0.520087,0.482505,0.482951,0.467481,0.446423,0.487141,0.411558,0.349826,0.277554,0.220433,0.244494,0.271496,0.307437,0.334435,0.287990,0.289082,0.436675,0.368211,0.500747,0.327639,0.338736,0.430601,0.493259,0.245400,0.130380,0.147332,0.118519,0.136402,0.131526,0.101337,0.141782,0.140755,0.114945,0.145210,0.138354,0.159852,0.156812,0.200340,0.189054,0.265098,0.214657,0.150112,0.122702,0.150431,0.099125,0.271743,0.352809,0.180098,0.180128,0.291610,0.199648,0.126224,0.218063,0.129564,0.134690,0.135673,0.152479,0.087734
0.532716,0.532716,0.549665,0.550965,0.571571,0.579876,0.518863,0.488870,0.479709,0.464845,0.477479,0.402699,0.379813,0.407244,0.505800,0.584234,0.374717,0.451409,0.427692,0.469513,0.508046,0.535369,0.487116,0.558147,0.557892,0.476850,0.288524,0.505543,0.591797,0.451279,0.300437,0.167490,0.145554,0.129648,0.148941,0.123474,0.157991,0.136617,0.141155,0.144420,0.142725,0.146226,0.145384,0.158766,0.148273,0.189572,0.211722,0.176323,0.218413,0.221028,0.166915,0.111012,0.189640,0.249646,0.240124,0.214059,0.206637,0.234475,0.263257,0.428531,0.225003,0.291650,0.308558,0.324417,0.362365
0.513070,0.513070,0.537266,0.540014,0.576871,0.601269,0.561643,0.477064,0.478514,0.489182,0.453081,0.436528,0.455353,0.490194,0.523557,0.459271,0.486969,0.566511,0.499366,0.522567,0.535406,0.573332,0.550523,0.505432,0.424860,0.420652,0.528081,0.482634,0.514242,0.420492,0.307792,0.292985,0.306904,0.258403,0.275077,0.305806,0.320914,0.302282,0.257204,0.267264,0.274450,0.276319,0.260648,0.261541,0.253909,0.297543,0.299700,0.311473,0.394241,0.350680,0.360957,0.399367,0.449658,0.428753,0.464672,0.492353,0.533737,0.437606,0.471702,0.465380,0.454017,0.451927,0.447036,0.467851,0.467845
0.521748,0.521748,0.551695,0.579566,0.585474,0.552526,0.522932,0.523727,0.548814,0.531260,0.558387,0.477131,0.474678,0.513032,0.566462,0.577138,0.619400,0.652995,0.619655,0.637043,0.650450,0.648991,0.641242,0.623352,0.603380,0.626982,0.651847,0.607381,0.612825,0.638256,0.628060,0.606631,0.594215,0.650910,0.607441,0.589885,0.630622,0.549677,0.584413,0.529356,0.557711,0.547264,0.554234,0.555139,0.573913,0.461890,0.510128,0.540570,0.492804,0.481998,0.492143,0.556279,0.565661,0.565957,0.568942,0.527443,0.475070,0.523568,0.525476,0.485149,0.508524,0.504260,0.471344,0.491260,0.508419
0.540072,0.540072,0.552405,0.545833,0.570070,0.582562,0.598524,0.582263,0.594804,0.557372,0.553269,0.488940,0.550145,0.560764,0.554672,0.574797,0.561740,0.601846,0.611188,0.608746,0.618269,0.627697,0.629243,0.595652,0.581896,0.601864,0.606989,0.604646,0.583000,0.582938,0.582073,0.556307,0.570755,0.581558,0.554308,0.565706,0.600043,0.605943,0.600982,0.588814,0.502537,0.516197,0.529707,0.536077,0.563908,0.534852,0.577379,0.560175,0.585741,0.571895,0.548696,0.522604,0.529448,0.549486,0.609182,0.497386,0.563255,0.493085,0.521335,0.533544,0.532801,0.496359,0.526828,0.521495,0.504089
0.536842,0.536842,0.510592,0.567068,0.577448,0.588380,0.551563,0.564483,0.557745,0.580552,0.573578,0.504977,0.546257,0.542812,0.551022,0.529170,0.540959,0.551775,0.546876,0.536710,0.532970,0.554266,0.574123,0.536223,0.527140,0.552755,0.604170,0.553036,0.485045,0.547462,0.545063,0.521208,0.537297,0.558906,0.545289,0.557436,0.558571,0.575113,0.586647,0.536802,0.473217,0.501094,0.498713,0.499967,0.478301,0.519631,0.517728,0.511179,0.521367,0.518327,0.522104,0.580690,0.498820,0.412219,0.377666,0.423658,0.422404,0.471784,0.492558,0.502721,0.494426,0.501699,0.535044,0.527612,0.507049
0.670047,0.670047,0.645415,0.603942,0.612516,0.610056,0.594578,0.606141,0.554294,0.561534,0.563103,0.557576,0.568439,0.563694,0.561314,0.557069,0.517643,0.557550,0.523208,0.500532,0.538545,0.539649,0.563175,0.551826,0.515168,0.545143,0.556939,0.529361,0.552947,0.557637,0.532694,0.542822,0.559453,0.583255,0.603522,0.603697,0.575113,0.609955,0.588621,0.569780,0.546330,0.520443,0.528688,0.519056,0.530829,0.561234,0.562578,0.553205,0.578583,0.559680,0.495081,0.537412,0.529242,0.540021,0.498807,0.501597,0.471707,0.490778,0.513398,0.509947,0.512251,0.519158,0.533383,0.568769,0.482835
0.589318,0.589318,0.551993,0.563276,0.579275,0.609156,0.617094,0.564953,0.552507,0.569965,0.584156,0.600946,0.589891,0.557255,0.592956,0.547097,0.565332,0.563068,0.635591,0.636163,0.569559,0.565880,0.594814,0.597581,0.585890,0.568643,0.593812,0.587613,0.582333,0.637804,0.633495,0.609327,0.616109,0.614198,0.615308,0.620362,0.614707,0.621624,0.590828,0.561689,0.557591,0.580131,0.553500,0.566783,0.556153,0.564629,0.589167,0.567823,0.555421,0.546677,0.582815,0.590246,0.544976,0.523127,0.545748,0.538454,0.486601,0.523609,0.532206,0.510404,0.505001,0.529586,0.529930,0.544052,0.484562
0.540597,0.540597,0.518075,0.547565,0.578829,0.573120,0.564201,0.571944,0.582809,0.568913,0.548617,0.537332,0.542036,0.504590,0.517847,0.534918,0.566053,0.585674,0.578234,0.584346,0.564839,0.557524,0.541414,0.557668,0.554933,0.525034,0.540652,0.543006,0.597853,0.619310,0.583996,0.592867,0.603313,0.611218,0.588663,0.607003,0.600731,0.569284,0.560234,0.583510,0.590646,0.568870,0.580725,0.587670,0.597296,0.580257,0.550189,0.566558,0.564156,0.565736,0.532798,0.566073,0.546844,0.565850,0.545299,0.524548,0.542914,0.537492,0.541898,0.462931,0.492700,0.480836,0.492126,0.499123,0.548326
0.498420,0.498420,0.500123,0.503804,0.548903,0.553189,0.570247,0.602510,0.587284,0.591362,0.551716,0.541407,0.526901,0.532887,0.576733,0.587414,0.509498,0.510603,0.546098,0.538729,0.530140,0.552145,0.521868,0.541003,0.557872,0.567076,0.544324,0.524093,0.559903,0.585786,0.574427,0.575800,0.564916,0.588569,0.596882,0.599717,0.604065,0.571021,0.554871,0.577795,0.557376,0.520667,0.542372,0.534856,0.525240,0.530718,0.552082,0.527259,0.490258,0.467611,0.534539,0.532409,0.504707,0.611325,0.515432,0.493460,0.497041,0.526346,0.575363,0.488007,0.455610,0.464666,0.426883,0.501406,0.523588
0.505779,0.505779,0.527105,0.528844,0.558855,0.569162,0.542848,0.548793,0.574619,0.547596,0.530794,0.513499,0.506562,0.537594,0.552334,0.535948,0.523806,0.542897,0.538244,0.537410,0.509196,0.509574,0.540966,0.579783,0.574409,0.565100,0.561313,0.553994,0.542001,0.550801,0.620032,0.596916,0.559442,0.617934,0.567108,0.569327,0.622965,0.610142,0.626465,0.622019,0.578516,0.541924,0.541056,0.547894,0.505273,0.517710,0.524158,0.540155,0.592967,0.617136,0.577758,0.542016,0.478974,0.485850,0.431938,0.516558,0.558329,0.547019,0.563222,0.556145,0.548613,0.539407,0.509021,0.436513,0.443098
0.557733,0.557733,0.535960,0.518720,0.549482,0.566076,0.537106,0.511712,0.542596,0.571265,0.555904,0.520413,0.555513,0.561788,0.546632,0.541388,0.512699,0.508452,0.507589,0.529725,0.510674,0.530853,0.546992,0.534314,0.517037,0.531544,0.582126,0.566444,0.541213,0.526201,0.572559,0.559105,0.547979,0.571935,0.559020,0.535295,0.562974,0.587782,0.593221,0.576479,0.584873,0.578106,0.566263,0.551403,0.527227,0.552710,0.537278,0.565334,0.600555,0.628858,0.591378,0.542492,0.501184,0.536022,0.518061,0.556469,0.567463,0.564823,0.564854,0.572833,0.559000,0.556161,0.593166,0.564645,0.565365
0.511680,0.511680,0.489132,0.532387,0.560268,0.574797,0.601937,0.556637,0.544755,0.572042,0.532362,0.533261,0.550927,0.511668,0.501044,0.547560,0.517477,0.529120,0.535487,0.539431,0.569673,0.567659,0.489921,0.415596,0.490149,0.560590,0.585967,0.562181,0.559315,0.555527,0.571437,0.560657,0.571619,0.601233,0.580006,0.584199,0.546489,0.585675,0.590800,0.576427,0.566732,0.570475,0.579257,0.507503,0.481906,0.515892,0.619453,0.608844,0.506701,0.497791,0.469947,0.473037,0.466497,0.465212,0.599226,0.547391,0.532208,0.520697,0.496278,0.471404,0.485542,0.517641,0.572658,0.547209,0.521151
0.531200,0.531200,0.533016,0.551020,0.527702,0.554868,0.574044,0.582257,0.577973,0.591775,0.558656,0.563457,0.575046,0.601713,0.575933,0.548728,0.564562,0.555649,0.548087,0.526685,0.589058,0.556415,0.565517,0.596842,0.610863,0.572082,0.597671,0.556381,0.550221,0.567289,0.589406,0.603577,0.587102,0.607574,0.609135,0.594180,0.597376,0.588693,0.581325,0.527649,0.493688,0.504212,0.512332,0.388844,0.406929,0.504606,0.538460,0.518469,0.479666,0.423331,0.370795,0.379187,0.359411,0.364025,0.436389,0.467038,0.417659,0.392639,0.387466,0.377286,0.402700,0.408316,0.443398,0.423816,0.484479
0.555856,0.555856,0.552115,0.552211,0.587296,0.551116,0.571279,0.571950,0.591497,0.580376,0.554604,0.570976,0.568562,0.593409,0.573608,0.516022,0.534378,0.522555,0.545546,0.532988,0.573126,0.576334,0.586408,0.562094,0.540375,0.576451,0.582486,0.567269,0.558278,0.586905,0.563381,0.507176,0.497611,0.554707,0.583320,0.546965,0.553820,0.533100,0.533971,0.538760,0.510266,0.548791,0.543931,0.542280,0.511070,0.408898,0.469857,0.540273,0.481593,0.457564,0.440244,0.432612,0.416925,0.376801,0.410731,0.356538,0.362631,0.345709,0.359674,0.367981,0.350731,0.359070,0.350306,0.340480,0.379966
0.560533,0.560533,0.569712,0.557093,0.599545,0.614061,0.623011,0.581559,0.548336,0.569791,0.593209,0.559204,0.579555,0.563782,0.537896,0.530787,0.568438,0.541510,0.551060,0.597665,0.576404,0.593684,0.590936,0.574120,0.586968,0.577352,0.576005,0.592503,0.571323,0.555057,0.534132,0.529989,0.547759,0.574432,0.588668,0.572563,0.516515,0.504313,0.512594,0.568364,0.560819,0.534582,0.530138,0.541125,0.538836,0.327186,0.512769,0.543747,0.459420,0.455057,0.484452,0.481737,0.483550,0.464117,0.394374,0.345549,0.434115,0.409203,0.370245,0.446411,0.410947,0.411170,0.426747,0.352192,0.356984
0.549293,0.549293,0.577103,0.574351,0.540436,0.468825,0.533223,0.504239,0.526419,0.524453,0.525873,0.468979,0.438498,0.465650,0.502122,0.488355,0.478808,0.409297,0.485508,0.530977,0.542158,0.560798,0.571893,0.578485,0.573899,0.585397,0.570272,0.598306,0.591619,0.576902,0.601264,0.590494,0.586059,0.565351,0.579153,0.567529,0.530603,0.503501,0.455726,0.507504,0.482437,0.527902,0.496848,0.489109,0.546704,0.469354,0.500708,0.539754,0.506586,0.445249,0.445422,0.440046,0.452225,0.451404,0.423455,0.459651,0.474480,0.455431,0.407148,0.517827,0.509155,0.497795,0.403722,0.387737,0.366748
0.541827,0.541827,0.521720,0.546523,0.554350,0.566575,0.568738,0.545205,0.643078,0.657197,0.666441,0.614960,0.567274,0.534735,0.501775,0.516191,0.495459,0.524106,0.525134,0.599302,0.599866,0.600725,0.538962,0.539138,0.573460,0.607721,0.619165,0.644512,0.646309,0.650919,0.644552,0.616643,0.583525,0.566044,0.613361,0.661819,0.657938,0.608353,0.648840,0.653602,0.567255,0.602295,0.527207,0.518403,0.506241,0.548632,0.584342,0.574579,0.564830,0.556356,0.570055,0.541839,0.570995,0.552874,0.521950,0.510423,0.551184,0.564899,0.522082,0.638482,0.596225,0.523605,0.468682,0.447650,0.444857