0.773654,0.773654,0.688529,0.534575,0.346906,0.345258,0.333330,0.597504,0.394764,0.105500,0.442257,0.641373,0.635831,0.583431,0.628522,0.590173,0.592221,0.499800,0.408987,0.345054,0.309888,0.537359,0.671478,0.632720,0.623549,0.628495,0.633509,0.639438,0.672538,0.418788,0.304514,0.359166,0.394009,0.402661,0.368916,0.425506,0.378813,0.638824,0.778409,0.865518,0.686445,0.546488,0.567287,0.617462,0.621833,0.523170,0.492069,0.480135,0.469689,0.338952,0.290738,0.195673,0.244308,0.454647,0.504728,0.406264,0.429255,0.401385,0.424460,0.314962,0.299822,0.383661,0.376396,0.405048,0.426746
0.796439,0.796439,0.704928,0.387109,0.378620,0.419961,0.210988,0.438642,0.485402,0.406228,0.520573,0.474198,0.392695,0.310502,0.325054,0.245210,0.146059,0.157243,0.108601,0.175059,0.263503,0.634301,0.636427,0.608812,0.607894,0.610828,0.627714,0.655598,0.643357,0.408091,0.338183,0.351392,0.378946,0.393491,0.390240,0.336974,0.364277,0.640442,0.787557,0.776483,0.629575,0.506401,0.531157,0.591707,0.505322,0.447000,0.508882,0.436326,0.218140,0.280175,0.331110,0.295634,0.175715,0.227532,0.585241,0.642413,0.390258,0.345093,0.356250,0.315080,0.305829,0.372202,0.364032,0.303493,0.511848
0.765164,0.765164,0.726593,0.229246,0.358645,0.615573,0.481367,0.253075,0.341702,0.356922,0.223423,0.116974,0.113003,0.103602,0.069083,0.060893,0.091888,0.081429,0.076470,0.201745,0.345385,0.606060,0.639584,0.607190,0.593714,0.614099,0.615930,0.655756,0.630357,0.475061,0.325628,0.396424,0.370019,0.363709,0.382096,0.401100,0.348017,0.553698,0.705940,0.784018,0.621305,0.481381,0.480482,0.664376,0.505278,0.505651,0.536464,0.268351,0.241529,0.240266,0.319066,0.286392,0.321000,0.214700,0.248095,0.681853,0.638197,0.435341,0.341435,0.309370,0.347185,0.312919,0.320828,0.343897,0.520487
0.675385,0.675385,0.564380,0.119927,0.441029,0.435421,0.105263,0.117167,0.126554,0.122045,0.089894,0.121928,0.091787,0.075138,0.077365,0.129638,0.154774,0.090545,0.143187,0.309704,0.585248,0.688145,0.599847,0.610962,0.598222,0.639100,0.656347,0.643907,0.628875,0.488982,0.358759,0.349239,0.375539,0.366256,0.378106,0.351600,0.405183,0.511998,0.684463,0.753583,0.648483,0.499925,0.534618,0.656588,0.505527,0.508013,0.441396,0.404777,0.250635,0.244986,0.346404,0.336141,0.250057,0.214104,0.162056,0.520849,0.669809,0.611167,0.374491,0.329752,0.302214,0.296989,0.318555,0.304478,0.432158
0.752006,0.752006,0.377760,0.114363,0.411065,0.420238,0.090427,0.136127,0.091020,0.115738,0.094661,0.105244,0.092291,0.097688,0.095914,0.156440,0.112828,0.243483,0.519810,0.481369,0.633967,0.623306,0.614717,0.599922,0.587776,0.610373,0.663720,0.655917,0.642319,0.527448,0.379794,0.422064,0.369203,0.370154,0.396071,0.419623,0.342472,0.550865,0.656514,0.685492,0.693261,0.571873,0.565606,0.587974,0.533335,0.444282,0.542149,0.634645,0.400102,0.162856,0.200020,0.258625,0.305968,0.262824,0.176718,0.300793,0.669126,0.655390,0.586873,0.348130,0.278345,0.219171,0.279232,0.283655,0.411847
0.674059,0.674059,0.423758,0.431984,0.668889,0.448000,0.157346,0.116994,0.117438,0.107465,0.120659,0.128165,0.116971,0.106177,0.122171,0.109210,0.174195,0.282201,0.510234,0.422021,0.595026,0.547185,0.601501,0.590413,0.560010,0.611851,0.625925,0.619448,0.603768,0.463506,0.360498,0.334068,0.359213,0.371705,0.383181,0.431732,0.440390,0.495758,0.596404,0.657745,0.733388,0.640688,0.581337,0.594655,0.486234,0.367948,0.652516,0.726394,0.625353,0.414991,0.325703,0.268245,0.240375,0.300636,0.163973,0.229222,0.561420,0.581904,0.728508,0.600164,0.366175,0.287880,0.282729,0.272098,0.417596
0.519930,0.519930,0.485969,0.447811,0.439060,0.446315,0.156664,0.132241,0.191030,0.194600,0.170013,0.151182,0.089995,0.072679,0.133512,0.075167,0.150234,0.407258,0.474648,0.428044,0.527143,0.473614,0.640094,0.624530,0.590028,0.616295,0.643775,0.632445,0.687939,0.473351,0.392470,0.438986,0.410083,0.374600,0.405199,0.362304,0.342120,0.492936,0.613508,0.525719,0.710859,0.666360,0.589280,0.637312,0.388257,0.492109,0.760389,0.763008,0.680315,0.633752,0.603466,0.456624,0.204776,0.142136,0.119770,0.174901,0.481754,0.578892,0.611899,0.679419,0.439935,0.291305,0.308077,0.293970,0.384678
0.272721,0.272721,0.138440,0.133710,0.282795,0.474371,0.204881,0.196265,0.183103,0.149220,0.153763,0.081704,0.090002,0.084118,0.067803,0.157497,0.283040,0.415516,0.408497,0.454845,0.363555,0.509807,0.598603,0.603824,0.610922,0.630344,0.586640,0.662217,0.588761,0.483515,0.376864,0.414014,0.440068,0.442789,0.421381,0.414956,0.370362,0.415341,0.607881,0.520997,0.657625,0.620903,0.605096,0.704038,0.411033,0.610942,0.749843,0.718042,0.728841,0.685628,0.560634,0.450188,0.179340,0.127980,0.072729,0.181529,0.442825,0.509298,0.575140,0.684465,0.491481,0.307463,0.296345,0.299360,0.382946
0.220992,0.220992,0.109668,0.147072,0.370404,0.455597,0.190416,0.156270,0.178455,0.208461,0.152555,0.131731,0.174868,0.350441,0.494920,0.275038,0.248609,0.388082,0.358045,0.460360,0.241811,0.433118,0.626053,0.542906,0.624867,0.587576,0.644466,0.589780,0.552359,0.485455,0.310741,0.347292,0.352314,0.349420,0.352344,0.453151,0.486166,0.459014,0.595125,0.479927,0.472613,0.642583,0.630574,0.629833,0.446777,0.691062,0.805560,0.759681,0.705850,0.632840,0.536876,0.381654,0.185858,0.164677,0.086957,0.187185,0.412361,0.485096,0.522501,0.554821,0.445360,0.404538,0.376058,0.382702,0.474915
0.247300,0.247300,0.153094,0.187262,0.417755,0.489065,0.205365,0.157262,0.210206,0.203346,0.154685,0.282807,0.535447,0.677587,0.665345,0.545393,0.371847,0.362225,0.434712,0.454930,0.167542,0.490431,0.620340,0.478222,0.473940,0.500701,0.533935,0.536832,0.648915,0.609699,0.584963,0.582408,0.626488,0.684879,0.719097,0.765219,0.777477,0.770416,0.726443,0.669462,0.568511,0.685008,0.716590,0.687536,0.503834,0.505987,0.616325,0.734711,0.671467,0.664153,0.562752,0.424471,0.226419,0.099311,0.086027,0.243055,0.431214,0.428790,0.425091,0.602311,0.377115,0.403830,0.492582,0.491482,0.495333
0.250717,0.250717,0.174899,0.205330,0.422482,0.525857,0.190427,0.218071,0.254470,0.287453,0.422361,0.627613,0.735935,0.588656,0.684151,0.471391,0.243215,0.369530,0.471529,0.382970,0.169636,0.461625,0.359074,0.333801,0.478981,0.606896,0.595894,0.698252,0.738688,0.813830,0.763626,0.784542,0.852613,0.839068,0.836347,0.824937,0.800235,0.787097,0.715364,0.757822,0.712895,0.649243,0.676012,0.682059,0.428211,0.441824,0.468438,0.629539,0.555611,0.463850,0.425648,0.359909,0.229277,0.031818,0.102834,0.301900,0.426338,0.412724,0.369784,0.446840,0.231575,0.360928,0.638581,0.527777,0.576308
0.235166,0.235166,0.181922,0.224155,0.477193,0.512790,0.277322,0.331879,0.452707,0.480441,0.644978,0.654433,0.617725,0.712931,0.433461,0.138077,0.228950,0.334247,0.487376,0.224611,0.138302,0.522103,0.607279,0.678766,0.750180,0.745420,0.795764,0.851394,0.810605,0.779848,0.804544,0.824457,0.803023,0.805847,0.844969,0.848707,0.835008,0.823975,0.796493,0.601946,0.748655,0.707408,0.658839,0.681178,0.635464,0.449692,0.518049,0.611402,0.264807,0.184922,0.290854,0.338827,0.199951,0.117431,0.110747,0.327852,0.422606,0.306726,0.324628,0.300096,0.129531,0.345129,0.679971,0.681533,0.662335
0.222038,0.222038,0.127318,0.258853,0.488932,0.610357,0.326119,0.461685,0.546910,0.676213,0.639705,0.569925,0.536742,0.267324,0.121760,0.246048,0.426805,0.322574,0.476892,0.110080,0.229140,0.547105,0.677998,0.651278,0.732219,0.810826,0.752701,0.839493,0.852948,0.799312,0.814800,0.822884,0.824786,0.844265,0.828389,0.847850,0.833629,0.790638,0.756654,0.645552,0.685144,0.720248,0.604443,0.624951,0.669371,0.600686,0.681840,0.497367,0.251161,0.337875,0.339035,0.226334,0.183130,0.152577,0.163776,0.394671,0.319698,0.251550,0.232085,0.171134,0.203830,0.260194,0.596660,0.676517,0.708499
0.193393,0.193393,0.160742,0.271147,0.488984,0.600992,0.505217,0.597890,0.660229,0.602356,0.544739,0.526093,0.256861,0.128449,0.111009,0.340586,0.572180,0.507442,0.399965,0.236952,0.371933,0.643210,0.693499,0.731340,0.798506,0.807472,0.839973,0.858618,0.835347,0.843820,0.833010,0.826148,0.846130,0.834104,0.828241,0.843217,0.828616,0.781262,0.757534,0.636794,0.716539,0.733800,0.525101,0.610490,0.652969,0.666831,0.673004,0.381703,0.290951,0.448979,0.352312,0.238222,0.211400,0.255561,0.243020,0.403667,0.280101,0.141861,0.311039,0.274229,0.222805,0.227682,0.490263,0.670393,0.661228
0.211372,0.211372,0.158364,0.335951,0.520729,0.614873,0.660880,0.740035,0.628430,0.555184,0.443674,0.175105,0.115882,0.191502,0.277691,0.373860,0.422456,0.493452,0.557207,0.654683,0.691567,0.693641,0.757383,0.749384,0.824386,0.862421,0.844510,0.856895,0.883472,0.846300,0.824962,0.858364,0.822313,0.772965,0.826324,0.816877,0.773876,0.757458,0.689266,0.634470,0.759822,0.775855,0.501307,0.560899,0.662304,0.713352,0.547935,0.346070,0.405605,0.515182,0.520414,0.402890,0.344242,0.237696,0.234041,0.357635,0.204294,0.100616,0.440487,0.386315,0.198119,0.171783,0.316969,0.549509,0.619057
0.239366,0.239366,0.168529,0.351474,0.563243,0.587889,0.605158,0.560031,0.588124,0.552523,0.306515,0.468237,0.661505,0.777983,0.749054,0.672446,0.669786,0.611836,0.682705,0.732340,0.738274,0.683433,0.772143,0.839451,0.878904,0.851005,0.871492,0.871200,0.849860,0.873612,0.841440,0.872596,0.804504,0.817289,0.804094,0.832719,0.774232,0.767845,0.746024,0.697177,0.742400,0.741308,0.494806,0.545743,0.648865,0.648471,0.343893,0.260862,0.417251,0.566275,0.505625,0.391584,0.256923,0.231649,0.346418,0.273959,0.166483,0.155295,0.441063,0.507677,0.351472,0.321150,0.432163,0.461991,0.401011
0.550623,0.550623,0.605292,0.668216,0.672901,0.683897,0.369105,0.494128,0.528968,0.575196,0.654330,0.841247,0.853817,0.858250,0.799672,0.730425,0.759656,0.723111,0.742430,0.748444,0.784180,0.769251,0.861067,0.839323,0.858064,0.862483,0.839071,0.822873,0.801764,0.839463,0.804265,0.775177,0.783303,0.695800,0.745906,0.770248,0.704740,0.649410,0.733849,0.725871,0.774617,0.839084,0.514446,0.620627,0.679451,0.540549,0.239681,0.214513,0.475621,0.470751,0.380076,0.253084,0.180282,0.249397,0.301116,0.240899,0.098697,0.138655,0.472336,0.622913,0.617720,0.583412,0.548896,0.471006,0.248564
0.734514,0.734514,0.738794,0.691402,0.712550,0.709550,0.607090,0.631959,0.625278,0.677920,0.725677,0.882790,0.788045,0.843762,0.722093,0.826869,0.758839,0.842565,0.866687,0.817622,0.863636,0.816782,0.857218,0.844238,0.780688,0.808219,0.782177,0.776529,0.772720,0.758542,0.715317,0.751496,0.722908,0.733396,0.724636,0.677638,0.648121,0.654116,0.835405,0.771462,0.674964,0.798704,0.621646,0.618063,0.618393,0.528372,0.381995,0.387169,0.440457,0.394790,0.315041,0.181327,0.166075,0.256130,0.235485,0.167114,0.102845,0.232252,0.540207,0.619466,0.576860,0.609418,0.532529,0.367768,0.294781
0.468823,0.468823,0.484938,0.468169,0.432620,0.488253,0.523841,0.551422,0.587256,0.677198,0.803091,0.871952,0.954144,0.826288,0.774265,0.689772,0.786130,0.848458,0.899905,0.827679,0.810280,0.836874,0.787221,0.752510,0.779844,0.780670,0.718403,0.750756,0.749195,0.730866,0.687353,0.704387,0.645574,0.635894,0.677444,0.604812,0.677974,0.727279,0.844646,0.792798,0.662001,0.754129,0.730707,0.597576,0.617030,0.490097,0.416259,0.312803,0.385160,0.388927,0.325176,0.234009,0.228125,0.283496,0.141589,0.100254,0.143623,0.357122,0.660540,0.570894,0.335198,0.567552,0.463940,0.495538,0.498410
0.678154,0.678154,0.644707,0.649578,0.689126,0.655187,0.645847,0.641674,0.660208,0.687612,0.715214,0.707074,0.753181,0.691027,0.691861,0.573690,0.526028,0.678822,0.821094,0.863056,0.864251,0.814588,0.823530,0.792242,0.736349,0.676709,0.641532,0.664637,0.631515,0.645652,0.665817,0.653377,0.568560,0.626791,0.574924,0.583483,0.715535,0.814578,0.786420,0.810889,0.621899,0.645584,0.744319,0.649245,0.610296,0.555526,0.466044,0.356645,0.308221,0.395735,0.287473,0.218227,0.191659,0.172158,0.118988,0.116632,0.100152,0.435314,0.715500,0.500058,0.231830,0.347376,0.561303,0.681771,0.708852
0.831366,0.831366,0.794617,0.857040,0.853112,0.860747,0.915253,0.699701,0.312911,0.455316,0.392859,0.563277,0.475496,0.538803,0.520687,0.417801,0.421291,0.489081,0.857254,0.935018,0.852154,0.866405,0.861664,0.854792,0.768222,0.617067,0.649358,0.637276,0.578526,0.613088,0.613604,0.602612,0.629054,0.604496,0.612127,0.632544,0.759163,0.746141,0.702540,0.819544,0.680909,0.596937,0.721887,0.668479,0.622881,0.675466,0.652478,0.482465,0.312436,0.265962,0.152402,0.216473,0.205784,0.159269,0.156674,0.265615,0.259757,0.467848,0.762258,0.430678,0.244990,0.315184,0.518923,0.728081,0.687806
0.884666,0.884666,0.868167,0.863752,0.875942,0.850807,0.845357,0.525291,0.312938,0.335498,0.311839,0.436699,0.409690,0.404769,0.453454,0.345583,0.485657,0.647943,0.720901,0.833908,0.823724,0.811444,0.854227,0.744687,0.550973,0.548878,0.616424,0.616444,0.584321,0.603537,0.647244,0.617811,0.620328,0.650788,0.642764,0.742545,0.833017,0.766982,0.694674,0.770589,0.794369,0.576520,0.603101,0.657590,0.576116,0.527483,0.435196,0.333401,0.244517,0.145244,0.340333,0.347972,0.169652,0.092809,0.327248,0.499366,0.323079,0.571335,0.756857,0.444455,0.285136,0.279064,0.431661,0.661838,0.777501
0.878851,0.878851,0.882624,0.861153,0.857361,0.843771,0.680709,0.380942,0.334533,0.358863,0.396367,0.544847,0.496373,0.392877,0.420193,0.584877,0.752122,0.850802,0.833392,0.797638,0.863993,0.792834,0.726338,0.593172,0.470682,0.503380,0.658312,0.635060,0.600525,0.615686,0.668366,0.639030,0.630104,0.592733,0.719145,0.767956,0.806731,0.749914,0.699841,0.727299,0.694801,0.701600,0.477092,0.588109,0.575475,0.530483,0.498606,0.282665,0.190011,0.327510,0.396173,0.151692,0.128838,0.160841,0.412606,0.567149,0.628689,0.795094,0.730659,0.466455,0.349416,0.283167,0.386234,0.621715,0.799197
0.881438,0.881438,0.836162,0.824032,0.846319,0.559527,0.350402,0.333675,0.374918,0.456032,0.535061,0.458459,0.455499,0.414410,0.637598,0.782819,0.838018,0.826862,0.801133,0.836751,0.860046,0.667798,0.519519,0.532333,0.311505,0.562479,0.644580,0.651713,0.635578,0.649136,0.645897,0.651761,0.644415,0.643809,0.762273,0.861872,0.769277,0.709557,0.698959,0.777627,0.667431,0.735525,0.625013,0.464077,0.597948,0.542116,0.545491,0.540483,0.515707,0.378824,0.103884,0.176305,0.283303,0.374497,0.537518,0.737826,0.802149,0.783126,0.653658,0.417076,0.347530,0.273811,0.293373,0.366847,0.586910
0.802016,0.802016,0.773409,0.849913,0.854801,0.410508,0.397700,0.411470,0.391886,0.434848,0.445162,0.392289,0.519946,0.662610,0.813672,0.841186,0.810328,0.844692,0.872137,0.820662,0.704393,0.580525,0.491530,0.519794,0.254802,0.583202,0.664520,0.641341,0.634982,0.638924,0.639145,0.659583,0.682781,0.678089,0.754398,0.837803,0.751305,0.693369,0.668272,0.679931,0.777067,0.675016,0.662981,0.608187,0.517985,0.526666,0.559013,0.564718,0.531703,0.253736,0.323484,0.445820,0.301094,0.371245,0.438958,0.734536,0.803747,0.765553,0.630857,0.515681,0.295176,0.226705,0.305107,0.469580,0.577027
0.681581,0.681581,0.751859,0.822493,0.812040,0.452652,0.450004,0.446822,0.492859,0.474555,0.435332,0.498322,0.727157,0.850140,0.836584,0.856531,0.906448,0.931268,0.833907,0.646528,0.515013,0.526211,0.556802,0.378097,0.263318,0.596511,0.644278,0.646662,0.632274,0.633050,0.633671,0.637573,0.688790,0.663440,0.694745,0.798339,0.768947,0.669906,0.660019,0.727055,0.707531,0.633710,0.552395,0.548198,0.639856,0.506305,0.426821,0.494470,0.378748,0.307034,0.306020,0.321107,0.412755,0.365301,0.282637,0.597511,0.736891,0.720333,0.671070,0.569740,0.410478,0.272731,0.338136,0.513183,0.667390
0.779642,0.779642,0.852102,0.798296,0.755893,0.618665,0.496505,0.505987,0.494891,0.514652,0.606108,0.757629,0.865831,0.885756,0.897688,0.855171,0.920033,0.828587,0.616700,0.482335,0.560066,0.491259,0.549379,0.304249,0.212656,0.598571,0.624138,0.625215,0.624135,0.631915,0.628922,0.625545,0.658070,0.723157,0.741506,0.684241,0.676616,0.762760,0.735399,0.676819,0.684396,0.615834,0.552024,0.574656,0.498085,0.512043,0.507618,0.463754,0.456909,0.443764,0.460344,0.429930,0.295223,0.230139,0.238698,0.292766,0.593846,0.585179,0.641044,0.709242,0.675919,0.405190,0.368083,0.563744,0.576286
0.889075,0.889075,0.877197,0.771905,0.677771,0.594178,0.510796,0.462408,0.541195,0.710760,0.865042,0.901512,0.889318,0.888313,0.896715,0.898607,0.829595,0.619867,0.458974,0.481446,0.539589,0.518795,0.536491,0.288066,0.182189,0.543378,0.644168,0.617269,0.616225,0.620415,0.625824,0.584756,0.695885,0.751344,0.717351,0.706356,0.580166,0.560107,0.626883,0.718353,0.738383,0.662143,0.709643,0.665417,0.719601,0.648075,0.620069,0.610060,0.510898,0.423398,0.306668,0.261662,0.261543,0.246982,0.298135,0.247000,0.279464,0.583141,0.708134,0.690087,0.698706,0.586867,0.462158,0.525856,0.589570
0.898838,0.898838,0.788372,0.647515,0.550535,0.602345,0.563112,0.698397,0.889404,0.905778,0.862237,0.881920,0.894954,0.879565,0.843681,0.741204,0.507386,0.485594,0.540961,0.477775,0.498742,0.494993,0.567723,0.217399,0.225569,0.546454,0.622082,0.594531,0.589369,0.603902,0.613637,0.601832,0.642911,0.734272,0.748872,0.641696,0.592775,0.445663,0.283668,0.368504,0.521189,0.620583,0.640508,0.594529,0.620901,0.539129,0.463923,0.478044,0.408053,0.406402,0.281795,0.320550,0.261628,0.265031,0.222182,0.291766,0.306737,0.402229,0.605387,0.737474,0.592833,0.550764,0.541092,0.583061,0.651543
0.762097,0.762097,0.562225,0.554122,0.536660,0.498836,0.716393,0.871945,0.896891,0.878644,0.908901,0.925284,0.889835,0.887822,0.775515,0.535091,0.477041,0.489242,0.479270,0.416149,0.521947,0.527561,0.470776,0.173642,0.169928,0.567932,0.597793,0.591339,0.564558,0.581664,0.603469,0.591546,0.679930,0.772870,0.703872,0.599153,0.521561,0.432087,0.331681,0.201916,0.139660,0.297249,0.382277,0.462622,0.460084,0.517794,0.480426,0.437185,0.420656,0.381224,0.326440,0.342923,0.267992,0.326609,0.343505,0.430610,0.474326,0.324517,0.506729,0.613860,0.671746,0.589071,0.588145,0.549919,0.658843
0.651105,0.651105,0.625160,0.532289,0.567990,0.772564,0.855605,0.889006,0.851113,0.908605,0.916401,0.875858,0.891306,0.734253,0.514364,0.456946,0.527311,0.437081,0.498278,0.438436,0.516007,0.490337,0.352342,0.139130,0.204888,0.538232,0.607085,0.627012,0.591694,0.571724,0.604643,0.613332,0.691375,0.729403,0.619548,0.550778,0.428488,0.393381,0.318723,0.288248,0.204537,0.177586,0.147536,0.180797,0.286933,0.294829,0.416912,0.480623,0.353794,0.408116,0.379118,0.352153,0.448223,0.510263,0.433294,0.419473,0.414983,0.422537,0.297847,0.584292,0.716270,0.637539,0.550540,0.571045,0.665107
0.539069,0.539069,0.446078,0.595388,0.838362,0.903872,0.880083,0.893467,0.830341,0.925348,0.893367,0.923262,0.706334,0.449669,0.439858,0.456187,0.392096,0.423732,0.453147,0.443988,0.467023,0.436366,0.236537,0.148274,0.122489,0.552486,0.617546,0.633060,0.615832,0.619040,0.586428,0.609351,0.654386,0.690122,0.607081,0.551928,0.338774,0.287382,0.199828,0.211822,0.218728,0.180448,0.217763,0.112437,0.134796,0.106605,0.210527,0.314445,0.353628,0.302128,0.422543,0.448775,0.457461,0.503610,0.431263,0.493026,0.499679,0.529426,0.450553,0.455394,0.660161,0.696075,0.598930,0.552370,0.650125
0.772663,0.772663,0.826413,0.878100,0.938269,0.879897,0.904927,0.887521,0.882914,0.919906,0.888154,0.664811,0.489840,0.466626,0.486068,0.409606,0.431570,0.393281,0.408462,0.398163,0.419795,0.388059,0.151755,0.120237,0.180687,0.581758,0.619536,0.621029,0.637057,0.606442,0.573443,0.591092,0.657196,0.649296,0.615271,0.482516,0.278059,0.151842,0.141356,0.111442,0.136666,0.208496,0.193308,0.127312,0.151135,0.099823,0.276192,0.422455,0.142673,0.145992,0.272003,0.462415,0.530227,0.527876,0.520127,0.591524,0.576052,0.623729,0.619157,0.576727,0.542518,0.635757,0.619958,0.557264,0.607235
0.875578,0.875578,0.892900,0.932172,0.908094,0.897345,0.898235,0.854749,0.931447,0.849450,0.619652,0.461925,0.408686,0.434902,0.421145,0.415659,0.430251,0.402137,0.401414,0.385068,0.419477,0.383438,0.140921,0.155559,0.184834,0.585584,0.656081,0.601840,0.643358,0.558109,0.524559,0.563237,0.691949,0.680474,0.595592,0.380415,0.227140,0.142476,0.117852,0.122554,0.162823,0.213648,0.197832,0.136270,0.117784,0.136735,0.532094,0.586384,0.146123,0.174784,0.299942,0.524845,0.583435,0.549979,0.598307,0.548247,0.526296,0.570805,0.619954,0.474601,0.321366,0.581794,0.569513,0.593437,0.623730
0.721066,0.721066,0.709293,0.705523,0.743099,0.722855,0.778693,0.808969,0.804643,0.628561,0.490522,0.390253,0.440674,0.408444,0.401302,0.411723,0.401697,0.407230,0.417456,0.395011,0.411124,0.360903,0.118991,0.099754,0.146444,0.551882,0.631257,0.631690,0.588048,0.544197,0.518871,0.606583,0.701110,0.646964,0.577562,0.305178,0.210557,0.208566,0.153301,0.159031,0.162534,0.197241,0.176909,0.218524,0.143022,0.201726,0.621537,0.530721,0.168511,0.273998,0.468239,0.635709,0.650188,0.593175,0.641943,0.474799,0.501742,0.446382,0.398595,0.067217,0.167999,0.435687,0.606796,0.595429,0.615885
0.578878,0.578878,0.521536,0.543649,0.505077,0.579998,0.529713,0.567044,0.706405,0.541383,0.410769,0.402123,0.388439,0.409400,0.392296,0.419052,0.388359,0.381779,0.424935,0.412917,0.425793,0.361883,0.086660,0.078764,0.137208,0.545903,0.575768,0.548618,0.602237,0.517909,0.435494,0.605321,0.653163,0.658671,0.545944,0.529763,0.522458,0.351270,0.202427,0.149142,0.131064,0.128001,0.197007,0.177944,0.141451,0.275261,0.647502,0.408288,0.136104,0.299597,0.512197,0.687699,0.694293,0.614082,0.559076,0.407831,0.162289,0.145935,0.093524,0.201516,0.342815,0.428710,0.548095,0.593993,0.636283
0.579836,0.579836,0.566446,0.552450,0.529329,0.581142,0.467440,0.620280,0.715741,0.695037,0.414558,0.371920,0.416337,0.405688,0.408175,0.399422,0.359625,0.334806,0.400488,0.300730,0.381950,0.404479,0.103728,0.078634,0.147295,0.541638,0.594980,0.626539,0.643996,0.490053,0.450572,0.613411,0.691336,0.664424,0.718055,0.765828,0.748839,0.589137,0.393345,0.229316,0.134253,0.147451,0.148974,0.179448,0.150494,0.376403,0.661843,0.281708,0.056445,0.295483,0.481912,0.613213,0.646583,0.597412,0.267306,0.098046,0.062670,0.150214,0.233214,0.513863,0.616732,0.554460,0.550219,0.634118,0.613767
0.605491,0.605491,0.584419,0.522376,0.538301,0.435593,0.484786,0.672429,0.772355,0.662546,0.516583,0.297018,0.390640,0.382806,0.381951,0.386121,0.321420,0.320222,0.396287,0.333237,0.382862,0.452453,0.125263,0.084911,0.169122,0.532064,0.632739,0.650101,0.640515,0.504345,0.527000,0.725794,0.682767,0.728950,0.766195,0.750161,0.673839,0.616913,0.509810,0.382045,0.243218,0.154381,0.162864,0.204741,0.168446,0.495989,0.551374,0.181046,0.117869,0.319507,0.449954,0.448495,0.570060,0.304398,0.120913,0.091127,0.091796,0.210105,0.522321,0.542173,0.521000,0.550115,0.517124,0.588411,0.642160
0.576406,0.576406,0.513010,0.558161,0.528677,0.535947,0.653938,0.691492,0.686145,0.316774,0.391392,0.384004,0.359408,0.437982,0.401692,0.362858,0.293629,0.335781,0.345614,0.262831,0.444365,0.478320,0.118957,0.098287,0.212792,0.558806,0.654819,0.680554,0.558595,0.435452,0.469930,0.659815,0.755830,0.760971,0.799313,0.718024,0.649986,0.659707,0.553202,0.465706,0.369009,0.200037,0.177089,0.163141,0.217007,0.503456,0.470932,0.143483,0.146300,0.330012,0.452479,0.347949,0.269258,0.148694,0.087129,0.123955,0.088708,0.420073,0.562579,0.585632,0.584013,0.573538,0.504317,0.539926,0.591655
0.630070,0.630070,0.595230,0.551152,0.444827,0.569470,0.652780,0.688190,0.331157,0.129259,0.304045,0.337369,0.315629,0.402871,0.392451,0.288134,0.323312,0.301860,0.350202,0.270595,0.500245,0.534810,0.103456,0.100116,0.209142,0.646335,0.732156,0.751235,0.597501,0.402468,0.523791,0.616846,0.727003,0.699424,0.724477,0.685059,0.692873,0.660371,0.604254,0.561578,0.460246,0.298163,0.177401,0.182696,0.216717,0.457937,0.454566,0.096457,0.137964,0.318349,0.380442,0.252939,0.131892,0.011389,0.098679,0.110488,0.194055,0.558964,0.586508,0.654057,0.589306,0.614136,0.543222,0.440441,0.520641
0.639064,0.639064,0.570153,0.491272,0.488063,0.622087,0.610844,0.506994,0.150611,0.061214,0.245083,0.381094,0.330231,0.347703,0.322630,0.316607,0.308216,0.306032,0.317325,0.282893,0.276708,0.253823,0.095462,0.085321,0.157725,0.606606,0.701251,0.681480,0.406990,0.396339,0.528776,0.571722,0.634286,0.733417,0.681948,0.673032,0.715905,0.668517,0.522343,0.433032,0.457231,0.431585,0.258028,0.140541,0.247274,0.480786,0.321392,0.096970,0.179527,0.320470,0.464219,0.178463,0.072846,0.100792,0.087658,0.156265,0.439434,0.692776,0.673659,0.639195,0.624420,0.579973,0.512982,0.336345,0.437686
0.649257,0.649257,0.526579,0.446499,0.595040,0.554917,0.481824,0.192629,0.143971,0.100056,0.160228,0.341505,0.383134,0.278251,0.308571,0.248733,0.275906,0.279206,0.286417,0.233073,0.120380,0.066415,0.139596,0.119029,0.135616,0.588427,0.654290,0.618285,0.351404,0.450603,0.459406,0.539221,0.635703,0.712245,0.627523,0.640037,0.608659,0.627066,0.516750,0.467654,0.279066,0.349113,0.265601,0.108099,0.322145,0.507957,0.281150,0.140518,0.274416,0.293804,0.411759,0.132060,0.063146,0.141552,0.083426,0.198009,0.574932,0.654621,0.637419,0.628191,0.627580,0.539876,0.498834,0.362354,0.262571
0.587315,0.587315,0.494646,0.480141,0.563265,0.493091,0.255409,0.157251,0.194394,0.114987,0.027846,0.212530,0.369032,0.342247,0.236452,0.291284,0.286211,0.256987,0.279337,0.228784,0.061821,0.100488,0.126944,0.088900,0.151158,0.576413,0.690472,0.514496,0.340486,0.398900,0.375641,0.459655,0.549577,0.601872,0.608592,0.568576,0.623663,0.607473,0.504158,0.436539,0.339957,0.305723,0.216151,0.080251,0.247444,0.440692,0.204762,0.127319,0.273587,0.236224,0.349551,0.094076,0.129923,0.126528,0.077030,0.375405,0.562521,0.551096,0.592648,0.606324,0.610701,0.528963,0.364585,0.307742,0.269982
0.568808,0.568808,0.404260,0.379298,0.509270,0.334861,0.193475,0.169050,0.193042,0.147550,0.358815,0.407538,0.334610,0.256788,0.200403,0.295637,0.246441,0.253262,0.253711,0.190008,0.087078,0.105344,0.086119,0.056775,0.131756,0.570626,0.710517,0.460180,0.380897,0.348722,0.323647,0.381372,0.508639,0.514670,0.627351,0.603402,0.596717,0.571301,0.491585,0.445401,0.428919,0.368517,0.291955,0.109185,0.224866,0.325170,0.226268,0.135897,0.240391,0.273534,0.283413,0.132274,0.114680,0.060606,0.129524,0.537081,0.571767,0.558582,0.579070,0.558391,0.585424,0.530098,0.368693,0.298191,0.272180
0.483600,0.483600,0.374010,0.419546,0.581650,0.409067,0.137212,0.181783,0.166853,0.177519,0.548267,0.577224,0.290956,0.243949,0.257581,0.234852,0.257156,0.216812,0.246061,0.386491,0.387917,0.271941,0.057706,0.080605,0.160965,0.582071,0.642073,0.430230,0.342626,0.318705,0.224254,0.315161,0.427424,0.451709,0.541127,0.555519,0.547260,0.600760,0.501015,0.436538,0.411074,0.395055,0.382978,0.200341,0.161569,0.286221,0.109715,0.147465,0.246594,0.295725,0.344901,0.068347,0.092542,0.058068,0.271565,0.580248,0.526510,0.552238,0.545850,0.576754,0.538694,0.450769,0.343612,0.258652,0.301367
0.384335,0.384335,0.388772,0.546629,0.590230,0.430281,0.141243,0.231398,0.206913,0.123500,0.427937,0.519932,0.396808,0.200309,0.229922,0.269427,0.177112,0.247222,0.264023,0.510551,0.590776,0.494938,0.080753,0.057061,0.141816,0.520112,0.660279,0.348178,0.422748,0.342059,0.231548,0.227686,0.320774,0.379330,0.506467,0.546275,0.542437,0.610264,0.526849,0.467304,0.395556,0.351319,0.320832,0.347847,0.267803,0.309065,0.129310,0.131718,0.278271,0.296864,0.235972,0.087363,0.112191,0.121145,0.397430,0.529296,0.529986,0.580058,0.627187,0.630621,0.566296,0.391311,0.330177,0.214788,0.282827
0.447357,0.447357,0.556865,0.586853,0.618306,0.416827,0.204150,0.170997,0.154654,0.181477,0.428008,0.458961,0.504296,0.316571,0.231396,0.211652,0.196919,0.205130,0.306835,0.445086,0.525054,0.434844,0.104277,0.146511,0.081320,0.528854,0.539821,0.364463,0.388472,0.424459,0.276549,0.164341,0.240640,0.331918,0.507399,0.518049,0.484411,0.576965,0.591517,0.450870,0.449369,0.435740,0.442029,0.388983,0.400463,0.233341,0.162997,0.211982,0.277711,0.260871,0.224976,0.077221,0.059059,0.146537,0.488743,0.566657,0.620738,0.610113,0.602638,0.604164,0.480983,0.296147,0.300978,0.217572,0.189665
0.567739,0.567739,0.596808,0.515852,0.500681,0.365074,0.111356,0.166569,0.175468,0.159394,0.449297,0.454155,0.440794,0.421854,0.233851,0.193062,0.194998,0.233750,0.341607,0.503323,0.505084,0.429682,0.055439,0.055343,0.119727,0.486784,0.559566,0.365044,0.308534,0.367841,0.401214,0.219553,0.192253,0.297022,0.496610,0.484439,0.555244,0.541911,0.562525,0.553750,0.468978,0.420758,0.417925,0.436001,0.398229,0.298040,0.111440,0.185843,0.303077,0.286875,0.221356,0.084406,0.102655,0.267733,0.545448,0.574267,0.640379,0.634445,0.596653,0.653548,0.361316,0.274628,0.255369,0.149791,0.214535
0.530292,0.530292,0.479948,0.435452,0.498650,0.399453,0.138580,0.146296,0.166480,0.175734,0.403292,0.481530,0.456840,0.469915,0.413257,0.238157,0.194073,0.233622,0.399412,0.512727,0.496608,0.418851,0.095980,0.059624,0.141361,0.478403,0.630660,0.313242,0.219282,0.346867,0.377018,0.285264,0.226754,0.218744,0.358909,0.445691,0.518691,0.549862,0.517014,0.512284,0.534007,0.510660,0.438294,0.403623,0.423344,0.444489,0.165136,0.177267,0.308936,0.261370,0.218302,0.118410,0.127785,0.421427,0.651399,0.640068,0.650490,0.597271,0.626704,0.584789,0.321038,0.247725,0.231700,0.147728,0.222367
0.506196,0.506196,0.436191,0.444799,0.475857,0.352021,0.142710,0.162034,0.185166,0.148796,0.394051,0.429788,0.435531,0.434217,0.466401,0.340280,0.230452,0.291532,0.475966,0.524610,0.538822,0.421058,0.091712,0.079265,0.141815,0.473161,0.590413,0.326346,0.196117,0.312755,0.383835,0.356651,0.269553,0.234739,0.303554,0.342681,0.493205,0.509872,0.568988,0.534094,0.509670,0.481223,0.486190,0.458391,0.438005,0.366431,0.311735,0.227879,0.239606,0.231954,0.126323,0.082781,0.247635,0.643947,0.656015,0.622407,0.588879,0.648478,0.634008,0.451227,0.286054,0.287237,0.155450,0.098365,0.258808
0.501979,0.501979,0.403888,0.362917,0.406484,0.342251,0.203491,0.160038,0.201384,0.141860,0.387903,0.406508,0.445708,0.446450,0.428429,0.464110,0.288257,0.295325,0.520585,0.497127,0.486941,0.425704,0.130989,0.067490,0.086034,0.448639,0.545255,0.306048,0.200803,0.275675,0.392952,0.397798,0.340954,0.268498,0.197615,0.326220,0.428767,0.518898,0.579291,0.616813,0.531813,0.479249,0.467792,0.461458,0.483749,0.389168,0.418727,0.309524,0.337155,0.300504,0.145897,0.074877,0.436316,0.646809,0.664744,0.581457,0.625509,0.572748,0.613152,0.423321,0.269055,0.226484,0.151098,0.125236,0.317439
0.445738,0.445738,0.293545,0.386155,0.392864,0.352188,0.123254,0.161799,0.157665,0.154803,0.368450,0.405751,0.451059,0.435425,0.479855,0.450223,0.457423,0.372779,0.406289,0.486480,0.483762,0.428950,0.128879,0.076013,0.096540,0.473299,0.569289,0.394439,0.148093,0.273726,0.367908,0.363393,0.370618,0.358336,0.209266,0.236017,0.352972,0.420132,0.545312,0.524235,0.513502,0.505912,0.473881,0.461771,0.435829,0.463925,0.400909,0.363305,0.293079,0.163126,0.073410,0.262625,0.640110,0.615953,0.566911,0.618871,0.603406,0.590930,0.547565,0.353740,0.208784,0.175602,0.159483,0.138341,0.489404
0.470287,0.470287,0.371736,0.362567,0.395787,0.340171,0.159059,0.189071,0.139079,0.133483,0.325411,0.414693,0.419280,0.416294,0.434404,0.483880,0.416179,0.476397,0.451576,0.455266,0.495341,0.419113,0.106658,0.086246,0.073214,0.453134,0.553608,0.523029,0.285343,0.235415,0.293231,0.367131,0.418474,0.431149,0.350999,0.226193,0.249852,0.416101,0.435653,0.508992,0.518483,0.496541,0.464102,0.429628,0.449678,0.472774,0.468081,0.436733,0.346550,0.142298,0.062116,0.468173,0.663394,0.636121,0.595052,0.636801,0.636058,0.593517,0.517618,0.313939,0.220780,0.148219,0.135763,0.218580,0.605130
0.397093,0.397093,0.300354,0.338508,0.322939,0.301585,0.189649,0.131702,0.140997,0.148549,0.321474,0.436977,0.403760,0.384696,0.452948,0.387946,0.442807,0.399913,0.503750,0.519023,0.487950,0.439597,0.120199,0.092530,0.117043,0.448337,0.600366,0.590066,0.416402,0.273889,0.339464,0.402386,0.455720,0.449373,0.398167,0.298193,0.132978,0.297271,0.328733,0.404386,0.449941,0.542689,0.440821,0.421127,0.348359,0.326754,0.401209,0.451502,0.418436,0.264549,0.282408,0.698649,0.651066,0.591166,0.648161,0.667244,0.619249,0.575845,0.444429,0.228492,0.139565,0.126051,0.096599,0.229551,0.625125
0.403996,0.403996,0.279136,0.328969,0.371529,0.293094,0.157620,0.166513,0.175635,0.146280,0.292421,0.380206,0.376601,0.333795,0.385714,0.377444,0.421501,0.441152,0.451393,0.482210,0.478583,0.407377,0.087606,0.088342,0.117104,0.428259,0.526034,0.488497,0.573708,0.405124,0.243274,0.380972,0.454555,0.503723,0.440718,0.412296,0.220551,0.123324,0.227778,0.335209,0.445921,0.499869,0.458818,0.423231,0.417502,0.382800,0.467059,0.621008,0.511909,0.332223,0.496590,0.700489,0.623413,0.622210,0.635234,0.617579,0.648092,0.549955,0.409975,0.145329,0.158245,0.124893,0.164872,0.197357,0.656554
0.383603,0.383603,0.300513,0.279218,0.332427,0.278208,0.139742,0.173011,0.169402,0.163253,0.275465,0.354572,0.321782,0.358973,0.407900,0.437508,0.366405,0.376489,0.404488,0.405478,0.412332,0.418221,0.097785,0.056500,0.102554,0.429837,0.500570,0.466635,0.489680,0.533381,0.267903,0.329472,0.395819,0.502587,0.518939,0.494676,0.424929,0.212093,0.119035,0.246875,0.337169,0.413259,0.441040,0.393275,0.421275,0.442915,0.641894,0.671202,0.428864,0.298733,0.622593,0.624926,0.572830,0.693305,0.630471,0.654765,0.555494,0.449755,0.339318,0.156205,0.126665,0.132264,0.121817,0.239827,0.619213
0.338465,0.338465,0.304457,0.326714,0.323895,0.321113,0.130587,0.143784,0.181577,0.139947,0.247679,0.334541,0.345100,0.411919,0.427764,0.414073,0.412238,0.433719,0.412182,0.414107,0.368118,0.303756,0.075866,0.118891,0.125416,0.426382,0.477420,0.454096,0.462347,0.558790,0.512059,0.300898,0.279404,0.453294,0.445130,0.468974,0.492697,0.394907,0.203457,0.131709,0.228819,0.276870,0.416819,0.367072,0.350386,0.483311,0.603311,0.609879,0.296609,0.475880,0.626928,0.619189,0.627728,0.659589,0.612814,0.634048,0.539320,0.352613,0.241764,0.129742,0.123910,0.091992,0.113802,0.274099,0.589698
0.308420,0.308420,0.206269,0.199630,0.212112,0.227476,0.137545,0.132501,0.172730,0.177153,0.239012,0.306337,0.389818,0.432438,0.416676,0.420614,0.387073,0.395962,0.366959,0.424044,0.368831,0.275857,0.120433,0.081794,0.119276,0.359522,0.453451,0.440990,0.478341,0.518594,0.616825,0.423517,0.218180,0.369028,0.451642,0.443901,0.474331,0.479683,0.416148,0.188349,0.118550,0.221554,0.453767,0.385505,0.370413,0.553445,0.601853,0.491149,0.269068,0.660730,0.639099,0.610525,0.641996,0.680407,0.615336,0.581285,0.500041,0.359742,0.231143,0.134343,0.089849,0.082458,0.184427,0.408624,0.623127
0.319448,0.319448,0.157760,0.209564,0.184566,0.148268,0.185989,0.124530,0.146272,0.130455,0.110152,0.222698,0.274156,0.283214,0.298909,0.377138,0.337164,0.356005,0.339810,0.344801,0.394745,0.279290,0.161358,0.112498,0.212792,0.354686,0.379233,0.426842,0.512763,0.542208,0.557325,0.534973,0.375762,0.289517,0.382217,0.476045,0.459853,0.497981,0.503470,0.392502,0.140867,0.115330,0.423642,0.425594,0.399224,0.575741,0.649078,0.455136,0.361167,0.636196,0.611227,0.641489,0.645979,0.631225,0.648311,0.524485,0.449423,0.344946,0.210198,0.100624,0.111528,0.119650,0.300444,0.552734,0.603684
0.558066,0.558066,0.479773,0.456743,0.370958,0.368978,0.213855,0.148398,0.164024,0.183118,0.113706,0.171667,0.210100,0.257561,0.206763,0.180732,0.241473,0.254395,0.313668,0.277396,0.330988,0.175712,0.169810,0.185481,0.323169,0.317831,0.363419,0.411216,0.498532,0.513411,0.533068,0.534533,0.474835,0.386910,0.317885,0.423705,0.509165,0.488368,0.487328,0.482526,0.380454,0.131377,0.222955,0.396495,0.462210,0.617430,0.654990,0.348453,0.478763,0.634466,0.618730,0.654941,0.629313,0.605000,0.563356,0.497200,0.384524,0.272818,0.164100,0.093781,0.117664,0.189407,0.491554,0.532455,0.612597
0.482765,0.482765,0.380525,0.412262,0.507945,0.471920,0.242473,0.133498,0.196698,0.160437,0.101629,0.216434,0.211030,0.280293,0.301001,0.224757,0.271937,0.266457,0.307849,0.261153,0.227336,0.185730,0.156024,0.169517,0.266681,0.319948,0.351700,0.457931,0.464075,0.489100,0.457100,0.442819,0.445143,0.400605,0.296215,0.270100,0.457799,0.450686,0.482001,0.501693,0.446385,0.390482,0.238966,0.389785,0.472775,0.575867,0.551956,0.393527,0.592494,0.537306,0.527028,0.594523,0.615611,0.553063,0.567332,0.462691,0.361806,0.222066,0.136305,0.092134,0.113248,0.356246,0.500902,0.486359,0.575999
0.445537,0.445537,0.372750,0.360098,0.408836,0.371431,0.222680,0.142127,0.117837,0.136897,0.135289,0.120771,0.249499,0.282438,0.327848,0.344112,0.372690,0.324333,0.317379,0.322658,0.176325,0.146788,0.086537,0.128755,0.252799,0.255047,0.375536,0.450683,0.414365,0.434749,0.432065,0.432098,0.426537,0.339715,0.313556,0.208557,0.310470,0.471596,0.463337,0.453159,0.464640,0.483762,0.547512,0.541968,0.559103,0.497816,0.577772,0.466250,0.343502,0.166282,0.161031,0.253338,0.438763,0.581893,0.489415,0.378483,0.310590,0.136009,0.062713,0.164345,0.208037,0.301479,0.449426,0.461572,0.544211
0.459604,0.459604,0.403601,0.419005,0.389876,0.328678,0.243384,0.126293,0.141941,0.108713,0.106697,0.089090,0.189595,0.289433,0.358753,0.317339,0.330721,0.257121,0.319385,0.234894,0.114326,0.082232,0.099209,0.219061,0.231501,0.300421,0.373655,0.438545,0.453826,0.444337,0.436997,0.412973,0.410933,0.367062,0.262002,0.111112,0.164973,0.353272,0.399630,0.453054,0.435925,0.466828,0.504091,0.582100,0.612110,0.501578,0.532582,0.406936,0.503684,0.524875,0.494411,0.288035,0.148481,0.230529,0.424060,0.388834,0.228077,0.175381,0.052109,0.242096,0.224829,0.239192,0.264201,0.424017,0.491891
0.492772,0.492772,0.378146,0.419495,0.449031,0.397065,0.253819,0.190802,0.197622,0.157267,0.158565,0.136061,0.218687,0.313164,0.297064,0.346075,0.308781,0.327042,0.294553,0.237624,0.166895,0.172869,0.111717,0.274315,0.311127,0.414703,0.465470,0.486261,0.455676,0.455935,0.449772,0.439419,0.434149,0.411001,0.231317,0.187037,0.150230,0.173418,0.446970,0.479801,0.426165,0.523908,0.544054,0.633166,0.620681,0.526733,0.570907,0.583039,0.495858,0.621051,0.653695,0.467956,0.295396,0.154903,0.192860,0.267074,0.266472,0.191985,0.110767,0.264097,0.267312,0.248057,0.334336,0.395641,0.534992