0.773653,0.773653,0.688529,0.534575,0.346906,0.345258,0.333330,0.597504,0.394764,0.105500,0.442257,0.641373,0.635831,0.583385,0.628556,0.590186,0.592222,0.499799,0.408987,0.345054,0.309888,0.537359,0.672075,0.635530,0.623683,0.630546,0.635971,0.639172,0.673072,0.419944,0.304823,0.359375,0.398510,0.408045,0.357370,0.425286,0.378848,0.638817,0.778381,0.865357,0.686583,0.547023,0.567473,0.617543,0.622169,0.523165,0.492069,0.480135,0.469692,0.338953,0.290739,0.195673,0.244308,0.454647,0.504728,0.406264,0.429255,0.401390,0.424772,0.315491,0.296317,0.384385,0.376286,0.405009,0.426793
0.796440,0.796440,0.704928,0.387109,0.378620,0.419961,0.210988,0.438642,0.485402,0.406228,0.520573,0.474198,0.392698,0.310451,0.325213,0.245154,0.146004,0.157243,0.108601,0.175059,0.263503,0.634302,0.636399,0.599757,0.605405,0.608208,0.626849,0.656419,0.642549,0.408804,0.338585,0.350754,0.376993,0.396031,0.390704,0.337408,0.364223,0.640338,0.787658,0.776644,0.629474,0.506056,0.531153,0.591683,0.505207,0.446991,0.508882,0.436326,0.218139,0.280167,0.331117,0.295650,0.175714,0.227532,0.585241,0.642413,0.390258,0.345098,0.356284,0.315089,0.303763,0.374380,0.364154,0.303529,0.511808
0.765164,0.765164,0.726593,0.229246,0.358645,0.615573,0.481367,0.253075,0.341702,0.356922,0.223423,0.116974,0.113015,0.103855,0.068835,0.060870,0.091889,0.081429,0.076470,0.201745,0.345385,0.606060,0.639756,0.604716,0.588109,0.613541,0.605417,0.655807,0.630228,0.474829,0.325819,0.395234,0.364077,0.352944,0.380222,0.400485,0.348095,0.553773,0.705878,0.784051,0.621225,0.481172,0.480148,0.664575,0.505250,0.505652,0.536464,0.268351,0.241529,0.240265,0.319084,0.286403,0.321002,0.214700,0.248095,0.681853,0.638197,0.435349,0.341501,0.309398,0.348346,0.311500,0.320577,0.343811,0.520163
0.675385,0.675385,0.564380,0.119927,0.441029,0.435421,0.105263,0.117167,0.126554,0.122055,0.089867,0.122079,0.092187,0.074370,0.076781,0.129889,0.154775,0.090545,0.143187,0.309704,0.585248,0.688184,0.599507,0.612708,0.595958,0.641201,0.668820,0.644409,0.628898,0.488504,0.358108,0.349160,0.373830,0.357640,0.380247,0.351021,0.405039,0.512049,0.684457,0.753578,0.648523,0.499866,0.534557,0.656776,0.505489,0.508011,0.441396,0.404777,0.250635,0.244983,0.346419,0.336199,0.250038,0.214104,0.162056,0.520849,0.669809,0.611167,0.374535,0.329744,0.302360,0.296396,0.318862,0.304781,0.432735
0.752006,0.752006,0.377760,0.114363,0.411065,0.420238,0.090427,0.136127,0.091127,0.116610,0.094070,0.106167,0.084679,0.092175,0.093354,0.156716,0.112834,0.243483,0.519810,0.481369,0.633967,0.623314,0.615356,0.599540,0.584040,0.608410,0.680948,0.657017,0.642409,0.527304,0.379337,0.422171,0.365811,0.366728,0.401931,0.419856,0.342507,0.550846,0.656561,0.685480,0.693245,0.571784,0.565668,0.587807,0.533338,0.444281,0.542149,0.634645,0.400102,0.162856,0.200020,0.258625,0.305971,0.262824,0.176718,0.300793,0.669126,0.655390,0.586873,0.348077,0.278281,0.218948,0.278815,0.284023,0.411127
0.674059,0.674059,0.423758,0.431984,0.668889,0.448000,0.157352,0.116505,0.118087,0.101948,0.119935,0.135077,0.121611,0.107050,0.122819,0.109446,0.174224,0.282201,0.510234,0.422021,0.595026,0.547177,0.601353,0.583737,0.539877,0.612094,0.622913,0.619104,0.603329,0.462697,0.360348,0.332441,0.353427,0.370609,0.384659,0.432938,0.440455,0.495761,0.596397,0.657742,0.733433,0.640877,0.581403,0.594645,0.486229,0.367948,0.652516,0.726394,0.625353,0.414991,0.325703,0.268245,0.240375,0.300636,0.163973,0.229222,0.561420,0.581904,0.728508,0.600164,0.366175,0.287880,0.282639,0.270964,0.419361
0.519930,0.519930,0.485969,0.447811,0.439060,0.446315,0.156664,0.131292,0.193990,0.201049,0.170375,0.151171,0.089759,0.072677,0.133512,0.075167,0.150234,0.407259,0.474649,0.428043,0.527145,0.473608,0.640111,0.625909,0.584144,0.616719,0.652301,0.632174,0.689414,0.472941,0.392687,0.441034,0.413983,0.365243,0.409719,0.361387,0.342092,0.492934,0.613509,0.525708,0.710934,0.666495,0.589258,0.637318,0.388257,0.492109,0.760389,0.763008,0.680315,0.633752,0.603466,0.456624,0.204776,0.142136,0.119795,0.174896,0.481766,0.578892,0.611899,0.679419,0.439935,0.291305,0.308221,0.294389,0.383552
0.272721,0.272721,0.138440,0.133710,0.282795,0.474371,0.204892,0.198012,0.184720,0.147589,0.153754,0.081713,0.090000,0.084118,0.067803,0.157497,0.283040,0.415516,0.408497,0.454845,0.363555,0.509807,0.598603,0.603737,0.610991,0.631803,0.581055,0.663395,0.588731,0.483511,0.376864,0.413957,0.439987,0.443294,0.421005,0.414939,0.370362,0.415341,0.607881,0.520997,0.657641,0.620903,0.604955,0.704042,0.411033,0.610942,0.749843,0.718042,0.728854,0.685628,0.560634,0.450188,0.179340,0.127943,0.072621,0.181512,0.442986,0.509301,0.575140,0.684465,0.491486,0.307458,0.296240,0.299320,0.382950
0.220992,0.220992,0.109668,0.147072,0.370404,0.455596,0.190395,0.155555,0.178478,0.208484,0.152554,0.131731,0.174868,0.350441,0.494920,0.275038,0.248609,0.388082,0.358044,0.460360,0.241811,0.433118,0.626053,0.542905,0.624872,0.587417,0.644969,0.589776,0.552359,0.485455,0.310741,0.347285,0.352393,0.349351,0.351817,0.453686,0.486167,0.459014,0.595125,0.479927,0.472605,0.642585,0.630446,0.629832,0.446777,0.691062,0.805560,0.759682,0.705851,0.632834,0.536865,0.381654,0.185799,0.165395,0.087037,0.186307,0.412032,0.485095,0.522500,0.554821,0.445360,0.404539,0.376065,0.382677,0.474925
0.247218,0.247218,0.151204,0.186590,0.417687,0.488991,0.205376,0.157262,0.210210,0.203345,0.154684,0.282807,0.535447,0.677587,0.665345,0.545393,0.371847,0.362225,0.434713,0.454931,0.167542,0.490431,0.620340,0.478222,0.473940,0.500700,0.533935,0.536833,0.648915,0.609699,0.584964,0.582275,0.625306,0.686299,0.717755,0.766431,0.777497,0.770416,0.726443,0.669462,0.568510,0.685018,0.716671,0.687536,0.503834,0.505987,0.616325,0.734711,0.671467,0.664153,0.562752,0.424473,0.226485,0.098786,0.085931,0.243875,0.431388,0.428788,0.425091,0.602311,0.377115,0.403830,0.492582,0.491482,0.495334
0.252325,0.252325,0.176249,0.205284,0.422354,0.525933,0.190427,0.218071,0.254471,0.287453,0.422361,0.627613,0.735935,0.588656,0.684151,0.471391,0.243215,0.369530,0.471529,0.382969,0.169636,0.461625,0.359074,0.333801,0.478981,0.606896,0.595891,0.698256,0.738691,0.813832,0.763592,0.783969,0.853388,0.838820,0.836861,0.825092,0.799577,0.787093,0.715364,0.757822,0.712896,0.649243,0.676017,0.682060,0.428211,0.441824,0.468438,0.629539,0.555611,0.463850,0.425648,0.359909,0.229496,0.031588,0.102898,0.302037,0.426328,0.412725,0.369784,0.446840,0.231575,0.360928,0.638581,0.527777,0.576308
0.235205,0.235205,0.183281,0.223789,0.477387,0.512789,0.277322,0.331879,0.452707,0.480440,0.644978,0.654434,0.617725,0.712931,0.433461,0.138077,0.228950,0.334247,0.487376,0.224611,0.138302,0.522103,0.607279,0.678766,0.750180,0.745422,0.795764,0.851456,0.810685,0.779046,0.804007,0.827813,0.802665,0.802508,0.846084,0.857550,0.833906,0.824408,0.796557,0.601916,0.748666,0.707418,0.658851,0.681178,0.635464,0.449692,0.518049,0.611402,0.264807,0.184922,0.290854,0.338827,0.199966,0.117485,0.110734,0.327850,0.422607,0.306725,0.324628,0.300096,0.129531,0.345129,0.679971,0.681533,0.662339
0.223946,0.223946,0.123919,0.259461,0.488937,0.610357,0.326119,0.461685,0.546911,0.676214,0.639705,0.569925,0.536742,0.267324,0.121760,0.246048,0.426805,0.322574,0.476892,0.110080,0.229140,0.547105,0.677998,0.651272,0.732219,0.810850,0.749729,0.841754,0.853795,0.786585,0.803698,0.815831,0.818861,0.845068,0.820070,0.853931,0.832363,0.790694,0.756858,0.645446,0.685073,0.720178,0.604661,0.624953,0.669371,0.600686,0.681840,0.497367,0.251161,0.337875,0.339035,0.226334,0.183130,0.152578,0.163787,0.394676,0.319696,0.251545,0.232085,0.171134,0.203830,0.260194,0.596660,0.676517,0.708537
0.190319,0.190319,0.163078,0.271607,0.488984,0.600992,0.505217,0.597890,0.660228,0.602355,0.544739,0.526093,0.256861,0.128449,0.111009,0.340586,0.572180,0.507442,0.399965,0.236952,0.371933,0.643210,0.693499,0.731312,0.800393,0.805971,0.839829,0.862698,0.835073,0.847014,0.835327,0.824127,0.852569,0.835635,0.824155,0.845641,0.828938,0.781085,0.758577,0.636484,0.716123,0.733482,0.525157,0.610661,0.652982,0.666833,0.673004,0.381703,0.290951,0.448979,0.352312,0.238222,0.211407,0.255566,0.243023,0.403669,0.280102,0.141861,0.311039,0.274229,0.222805,0.227682,0.490263,0.670393,0.661226
0.211372,0.211372,0.158364,0.335951,0.520729,0.614873,0.660880,0.740035,0.628430,0.555184,0.443674,0.175105,0.115882,0.191502,0.277691,0.373860,0.422456,0.493452,0.557207,0.654683,0.691567,0.693641,0.757384,0.747217,0.823948,0.865567,0.843853,0.858699,0.890898,0.846989,0.816479,0.862535,0.821289,0.773308,0.825790,0.815867,0.770665,0.757196,0.688600,0.634303,0.760304,0.776248,0.501035,0.560767,0.662305,0.713362,0.547935,0.346070,0.405605,0.515182,0.520414,0.402890,0.344242,0.237695,0.234037,0.357653,0.204295,0.100616,0.440487,0.386315,0.198119,0.171783,0.316969,0.549509,0.619057
0.239366,0.239366,0.168529,0.351474,0.563243,0.587889,0.605158,0.560030,0.588124,0.552523,0.306515,0.468237,0.661505,0.777983,0.749054,0.672446,0.669787,0.611835,0.682706,0.732345,0.738274,0.683400,0.772125,0.841338,0.886602,0.851052,0.877721,0.873963,0.848591,0.874064,0.839411,0.873248,0.805000,0.817721,0.804280,0.835562,0.774193,0.767858,0.746007,0.697205,0.742401,0.741353,0.494798,0.545659,0.648867,0.648473,0.343893,0.260862,0.417251,0.566275,0.505625,0.391581,0.256922,0.231546,0.346483,0.274021,0.166483,0.155295,0.441063,0.507677,0.351472,0.321150,0.432163,0.461991,0.401011
0.550623,0.550623,0.605292,0.668216,0.672901,0.683897,0.369105,0.494128,0.528968,0.575196,0.654330,0.841247,0.853817,0.858250,0.799672,0.730425,0.759661,0.723084,0.742378,0.748322,0.784323,0.767376,0.861019,0.838297,0.859927,0.866959,0.838375,0.819954,0.800270,0.842506,0.805810,0.774670,0.783737,0.695126,0.745533,0.771042,0.704739,0.649466,0.733858,0.725850,0.774602,0.839023,0.514476,0.620671,0.679455,0.540548,0.239681,0.214513,0.475621,0.470751,0.380001,0.253059,0.180251,0.249276,0.301221,0.240925,0.098670,0.138643,0.472336,0.622913,0.617720,0.583412,0.548896,0.471006,0.248564
0.734511,0.734511,0.738803,0.691397,0.712550,0.709550,0.607090,0.631959,0.625278,0.677920,0.725677,0.882790,0.788045,0.843762,0.722090,0.826869,0.758839,0.842564,0.866722,0.817456,0.865384,0.814911,0.858392,0.844469,0.772931,0.807287,0.780912,0.776160,0.773118,0.756511,0.714192,0.751610,0.720427,0.734532,0.725563,0.677535,0.648134,0.654117,0.835414,0.771487,0.674964,0.798712,0.621617,0.618069,0.618392,0.528373,0.381995,0.387169,0.440459,0.394790,0.314987,0.181294,0.165997,0.256076,0.235381,0.167153,0.102843,0.232252,0.540207,0.619466,0.576860,0.609418,0.532529,0.367768,0.294781
0.467501,0.467501,0.487164,0.467175,0.432596,0.488254,0.523841,0.551422,0.587256,0.677198,0.803091,0.871952,0.954144,0.826288,0.774265,0.689772,0.786130,0.848458,0.899905,0.827677,0.807014,0.837956,0.782778,0.750792,0.779802,0.781148,0.717001,0.752245,0.752434,0.729757,0.685389,0.706693,0.646221,0.633103,0.678867,0.604720,0.678028,0.727235,0.844689,0.792824,0.662000,0.754136,0.730701,0.597562,0.617030,0.490097,0.416259,0.312802,0.385160,0.388945,0.325165,0.234039,0.228126,0.283599,0.141554,0.100206,0.143623,0.357122,0.660540,0.570894,0.335198,0.567552,0.463940,0.495538,0.498410
0.678549,0.678549,0.643678,0.647457,0.691717,0.655187,0.645847,0.641674,0.660208,0.687612,0.715214,0.707074,0.753181,0.691027,0.691861,0.573690,0.526028,0.678822,0.821094,0.863056,0.865991,0.808408,0.823135,0.792202,0.736349,0.676668,0.639880,0.664213,0.628365,0.646709,0.668133,0.654384,0.564218,0.628758,0.574452,0.583281,0.715514,0.814647,0.786423,0.810904,0.621892,0.645582,0.744398,0.649258,0.610288,0.555524,0.466044,0.356645,0.308221,0.395759,0.287473,0.218227,0.191648,0.172162,0.118988,0.116632,0.100152,0.435314,0.715500,0.500058,0.231830,0.347376,0.561303,0.681771,0.708852
0.831828,0.831828,0.787230,0.863210,0.854070,0.860747,0.915253,0.699701,0.312911,0.455316,0.392859,0.563277,0.475496,0.538803,0.520687,0.417801,0.421291,0.489081,0.857254,0.935018,0.852662,0.868126,0.861762,0.854807,0.768222,0.617063,0.649489,0.638192,0.575164,0.611951,0.611155,0.595702,0.635965,0.603240,0.611593,0.631946,0.759104,0.745998,0.702513,0.819554,0.680909,0.596937,0.721907,0.668502,0.622835,0.675582,0.652478,0.482465,0.312436,0.265961,0.152402,0.216473,0.205784,0.159269,0.156674,0.265615,0.259757,0.467848,0.762258,0.430678,0.244987,0.315184,0.518923,0.728081,0.687806
0.886813,0.886813,0.866548,0.863698,0.875944,0.850807,0.845357,0.525291,0.312938,0.335498,0.311839,0.436699,0.409690,0.404769,0.453454,0.345583,0.485657,0.647943,0.720901,0.833908,0.823659,0.811278,0.854249,0.744692,0.550973,0.548878,0.616566,0.618679,0.570874,0.598305,0.654919,0.612100,0.619186,0.651693,0.643039,0.742581,0.832952,0.767045,0.694646,0.770595,0.794372,0.576521,0.603101,0.657619,0.576086,0.527480,0.435196,0.333401,0.244517,0.145244,0.340334,0.347972,0.169652,0.092809,0.327248,0.499366,0.323079,0.571335,0.756857,0.444454,0.284835,0.279064,0.431660,0.661838,0.777501
0.881969,0.881969,0.887815,0.861149,0.857360,0.843771,0.680709,0.380942,0.334533,0.358863,0.396356,0.544858,0.496373,0.392873,0.420176,0.585058,0.752132,0.850802,0.833392,0.797636,0.864010,0.792466,0.726341,0.593172,0.470682,0.503380,0.658379,0.635429,0.594525,0.615651,0.678882,0.639677,0.629438,0.592306,0.719626,0.767957,0.807018,0.750436,0.699999,0.727285,0.694799,0.701599,0.477091,0.588109,0.575478,0.530482,0.498606,0.282665,0.190011,0.327510,0.396173,0.151692,0.128838,0.160841,0.412606,0.567149,0.628689,0.795094,0.730659,0.466459,0.349724,0.283167,0.386234,0.621715,0.799197
0.888144,0.888144,0.833244,0.824032,0.846319,0.559527,0.350402,0.333675,0.374916,0.456080,0.535106,0.458459,0.455503,0.414392,0.637608,0.782800,0.837926,0.826845,0.800941,0.836564,0.860308,0.667777,0.519519,0.532333,0.311505,0.562476,0.644317,0.658583,0.634612,0.652428,0.645912,0.656878,0.644360,0.643882,0.762267,0.861995,0.769091,0.708569,0.699182,0.777855,0.667428,0.735525,0.625013,0.464049,0.598024,0.542090,0.545491,0.540483,0.515707,0.378824,0.103884,0.176305,0.283303,0.374497,0.537518,0.737826,0.802149,0.783126,0.653658,0.417075,0.347528,0.273811,0.293373,0.366847,0.586910
0.802195,0.802195,0.772918,0.849913,0.854801,0.410508,0.397700,0.411472,0.391844,0.434784,0.445155,0.392282,0.519963,0.662562,0.813526,0.841166,0.808801,0.842823,0.870786,0.820521,0.704838,0.580541,0.491530,0.519794,0.254802,0.583188,0.665601,0.643673,0.632058,0.640950,0.639535,0.671049,0.685804,0.678194,0.754436,0.837847,0.751249,0.693065,0.668217,0.679785,0.777236,0.675017,0.662983,0.608190,0.517904,0.526656,0.559016,0.564719,0.531703,0.253736,0.323484,0.445820,0.301094,0.371245,0.438958,0.734536,0.803747,0.765553,0.630857,0.515681,0.295176,0.226705,0.305107,0.469580,0.577027
0.681484,0.681484,0.751932,0.822493,0.812040,0.452652,0.450004,0.446826,0.492890,0.474560,0.435329,0.498134,0.727214,0.850287,0.835604,0.857801,0.908315,0.932867,0.834072,0.646163,0.515203,0.526211,0.556804,0.378135,0.263399,0.596505,0.645631,0.666261,0.627708,0.633061,0.633812,0.637226,0.690136,0.663207,0.694642,0.798422,0.769260,0.669880,0.659990,0.727041,0.707516,0.633709,0.552391,0.548195,0.639867,0.506292,0.426810,0.494470,0.378748,0.307034,0.306020,0.321107,0.412755,0.365301,0.282637,0.597511,0.736891,0.720333,0.671070,0.569740,0.410478,0.272731,0.338136,0.513183,0.667410
0.779623,0.779623,0.852114,0.798296,0.755893,0.618665,0.496505,0.505989,0.494917,0.514652,0.606207,0.757554,0.865803,0.886375,0.897953,0.855342,0.919963,0.828535,0.616621,0.482177,0.560376,0.491258,0.549386,0.304224,0.212554,0.598822,0.621187,0.619443,0.616971,0.633792,0.629133,0.624430,0.657824,0.723224,0.741545,0.684228,0.676616,0.762760,0.735399,0.676819,0.684397,0.615834,0.551995,0.574646,0.498057,0.512043,0.507617,0.463753,0.456910,0.443764,0.460345,0.429936,0.295216,0.230139,0.238698,0.292766,0.593846,0.585179,0.641044,0.709242,0.675919,0.405190,0.368083,0.563745,0.576274
0.889075,0.889075,0.877205,0.771904,0.677771,0.594178,0.510796,0.462407,0.541082,0.710741,0.864995,0.901720,0.890220,0.887953,0.897199,0.898602,0.829312,0.619806,0.458932,0.481166,0.539814,0.518857,0.536420,0.288136,0.182103,0.543000,0.647552,0.615935,0.613651,0.621241,0.629638,0.580558,0.696786,0.751634,0.717217,0.706338,0.580166,0.560107,0.626883,0.718353,0.738383,0.662143,0.709644,0.665410,0.719616,0.648071,0.620069,0.610098,0.510899,0.423397,0.306646,0.261639,0.261468,0.246977,0.298135,0.247000,0.279464,0.583141,0.708134,0.690087,0.698706,0.586867,0.462158,0.525847,0.589419
0.898838,0.898838,0.788370,0.647517,0.550534,0.602360,0.563116,0.698397,0.889548,0.905923,0.861437,0.881897,0.893849,0.878724,0.842289,0.741592,0.507473,0.485559,0.540889,0.477683,0.498756,0.494907,0.567746,0.217274,0.225619,0.546060,0.622275,0.589449,0.580603,0.603359,0.614667,0.600554,0.641936,0.734092,0.748972,0.641701,0.592775,0.445663,0.283668,0.368504,0.521189,0.620583,0.640510,0.594521,0.620928,0.539119,0.463907,0.478045,0.408003,0.406402,0.281744,0.320555,0.261619,0.265032,0.222180,0.291766,0.306737,0.402229,0.605387,0.737474,0.592832,0.550764,0.541086,0.583140,0.652206
0.762097,0.762097,0.562223,0.554123,0.536645,0.498824,0.716346,0.871949,0.897148,0.878576,0.909177,0.927006,0.891762,0.888153,0.775769,0.535128,0.477048,0.489424,0.479228,0.415264,0.522085,0.527571,0.470746,0.173654,0.170048,0.569525,0.596211,0.589631,0.556453,0.580485,0.602516,0.590073,0.679752,0.773400,0.703911,0.599123,0.521561,0.432087,0.331681,0.201916,0.139660,0.297249,0.382276,0.462623,0.460082,0.517796,0.480426,0.437183,0.420651,0.381217,0.326364,0.343033,0.267941,0.326632,0.343515,0.430611,0.474326,0.324517,0.506729,0.613860,0.671747,0.589063,0.588245,0.548131,0.660098
0.651105,0.651105,0.625160,0.532289,0.567997,0.772604,0.854732,0.889256,0.849710,0.911310,0.915793,0.873204,0.891484,0.733505,0.514034,0.457126,0.527660,0.437393,0.499905,0.437607,0.515970,0.490314,0.352345,0.139170,0.204705,0.534093,0.606367,0.631808,0.587102,0.564589,0.606969,0.614718,0.693598,0.729552,0.619418,0.550752,0.428454,0.393430,0.318724,0.288248,0.204537,0.177586,0.147536,0.180797,0.286934,0.294829,0.416912,0.480623,0.353789,0.408117,0.379118,0.352144,0.448239,0.510307,0.433267,0.419449,0.414983,0.422537,0.297847,0.584292,0.716271,0.637664,0.548518,0.570043,0.670614
0.539069,0.539069,0.446078,0.595388,0.838349,0.904842,0.879751,0.894763,0.827314,0.926004,0.894026,0.925427,0.706513,0.450530,0.440197,0.455898,0.391327,0.422038,0.455824,0.447861,0.466998,0.436418,0.236465,0.148216,0.122654,0.551620,0.618212,0.635661,0.614356,0.622097,0.584001,0.609414,0.653296,0.690802,0.606977,0.551953,0.338717,0.287385,0.199831,0.211847,0.218753,0.180435,0.217778,0.112422,0.134796,0.106605,0.210527,0.314445,0.353628,0.302128,0.422543,0.448775,0.457461,0.503683,0.431103,0.493111,0.499686,0.529426,0.450553,0.455394,0.660161,0.696094,0.598951,0.544764,0.654096
0.772663,0.772663,0.826413,0.878100,0.938269,0.879897,0.905132,0.887777,0.882569,0.920389,0.886933,0.666545,0.490023,0.467190,0.486067,0.408985,0.439249,0.386935,0.407311,0.393012,0.419877,0.388212,0.151800,0.120364,0.180657,0.585557,0.619587,0.612608,0.644031,0.606883,0.570787,0.588855,0.655995,0.648555,0.615539,0.482501,0.277960,0.151750,0.141390,0.110847,0.135607,0.210403,0.193846,0.126998,0.151135,0.099823,0.276192,0.422455,0.142673,0.145992,0.272003,0.462415,0.530226,0.527864,0.520072,0.591602,0.576049,0.623729,0.619157,0.576727,0.542518,0.635757,0.619964,0.552474,0.601876
0.875572,0.875572,0.892906,0.932173,0.908095,0.897344,0.898239,0.854745,0.931447,0.849419,0.618170,0.461060,0.407677,0.435193,0.422124,0.415826,0.443722,0.401480,0.398402,0.366626,0.419861,0.384563,0.141485,0.156953,0.186852,0.587609,0.658865,0.592212,0.647133,0.557670,0.524355,0.561140,0.697320,0.680718,0.595591,0.380415,0.227140,0.142475,0.117804,0.120899,0.162193,0.216384,0.199019,0.134256,0.117723,0.136734,0.532095,0.586384,0.146123,0.174784,0.299942,0.524845,0.583436,0.549886,0.598314,0.548248,0.526296,0.570805,0.619954,0.474601,0.321366,0.581794,0.569513,0.593106,0.625956
0.722051,0.722051,0.708222,0.704556,0.744034,0.723054,0.778716,0.808969,0.804643,0.628561,0.490523,0.390197,0.440355,0.407762,0.398300,0.415838,0.396999,0.410463,0.422088,0.392380,0.411008,0.360400,0.120945,0.099981,0.146501,0.551669,0.631718,0.635829,0.586860,0.544181,0.519073,0.607969,0.702054,0.646963,0.577562,0.305178,0.210557,0.208566,0.153313,0.160994,0.164245,0.199203,0.175137,0.220345,0.143039,0.201726,0.621537,0.530721,0.168511,0.273998,0.468240,0.635709,0.650188,0.593173,0.641943,0.474799,0.501742,0.446382,0.398595,0.067217,0.167999,0.435687,0.606796,0.594725,0.610544
0.582628,0.582628,0.518145,0.543790,0.504662,0.580062,0.529713,0.567044,0.706405,0.541383,0.410769,0.402132,0.385443,0.412872,0.382141,0.430202,0.384372,0.379689,0.430057,0.415696,0.425275,0.362326,0.082986,0.077746,0.135707,0.545394,0.572539,0.545238,0.602635,0.517871,0.435304,0.605327,0.653050,0.658671,0.545944,0.529763,0.522458,0.351270,0.202352,0.150361,0.127894,0.123531,0.198951,0.177531,0.141452,0.275261,0.647502,0.408288,0.136104,0.299597,0.512197,0.687699,0.694293,0.614082,0.559076,0.407831,0.162289,0.145935,0.093524,0.201516,0.342815,0.428710,0.548095,0.593457,0.648342
0.580346,0.580346,0.566314,0.552066,0.529139,0.581142,0.467440,0.620280,0.715741,0.695037,0.414558,0.371915,0.419221,0.409904,0.414924,0.399383,0.357478,0.331877,0.401581,0.299652,0.382553,0.403275,0.102401,0.077588,0.146509,0.541041,0.593119,0.626606,0.644350,0.490049,0.450568,0.613409,0.691348,0.664424,0.718055,0.765828,0.748839,0.589137,0.393375,0.228528,0.130811,0.147038,0.149568,0.179232,0.150486,0.376407,0.661841,0.281707,0.056441,0.295482,0.481912,0.613213,0.646583,0.597412,0.267306,0.098046,0.062670,0.150214,0.233214,0.513863,0.616732,0.554460,0.550222,0.634846,0.608437
0.606452,0.606452,0.584864,0.521944,0.538260,0.435574,0.484786,0.672429,0.772355,0.662546,0.516583,0.297018,0.390783,0.378421,0.375568,0.386073,0.320896,0.318756,0.396583,0.333281,0.382864,0.453210,0.127688,0.086135,0.169561,0.531447,0.632970,0.650234,0.640523,0.504347,0.526997,0.725815,0.682762,0.728912,0.766237,0.750160,0.673838,0.616913,0.509812,0.382028,0.244580,0.155865,0.165168,0.205508,0.168414,0.495985,0.551371,0.181046,0.117861,0.319506,0.449954,0.448495,0.570060,0.304398,0.120913,0.091128,0.091796,0.210105,0.522321,0.542173,0.520999,0.549981,0.517092,0.588240,0.643401
0.575069,0.575069,0.509437,0.558232,0.528757,0.535959,0.653937,0.691492,0.686145,0.316774,0.391392,0.384004,0.358997,0.445872,0.402238,0.364605,0.291719,0.339873,0.345486,0.262816,0.444365,0.478320,0.118968,0.098357,0.216127,0.558765,0.654843,0.680586,0.558599,0.435453,0.469935,0.659826,0.755847,0.761162,0.799844,0.717966,0.649772,0.659714,0.553201,0.465703,0.368984,0.199466,0.178174,0.162875,0.217100,0.503457,0.470934,0.143489,0.146322,0.330028,0.452479,0.347949,0.269258,0.148694,0.087130,0.123956,0.088700,0.420073,0.562579,0.585633,0.583918,0.573523,0.504280,0.539907,0.591651
0.631791,0.631791,0.595319,0.551217,0.444803,0.569492,0.652779,0.688191,0.331157,0.129259,0.304045,0.337368,0.315401,0.404060,0.392862,0.287568,0.325502,0.299195,0.350245,0.270595,0.500245,0.534810,0.103456,0.100115,0.211841,0.646627,0.732120,0.751228,0.597497,0.402469,0.523791,0.616811,0.727003,0.699121,0.724320,0.684391,0.692946,0.660430,0.604139,0.561579,0.460246,0.298169,0.177393,0.182780,0.216666,0.457929,0.454552,0.096452,0.137907,0.318340,0.380442,0.252939,0.131892,0.011387,0.098679,0.110497,0.193951,0.558894,0.586513,0.654507,0.586001,0.614773,0.543234,0.440438,0.520642
0.640142,0.640142,0.570125,0.491175,0.488042,0.622088,0.610846,0.506995,0.150611,0.061214,0.245083,0.381100,0.330231,0.347713,0.322779,0.316608,0.311792,0.309165,0.317350,0.282893,0.276708,0.253823,0.095462,0.085321,0.158137,0.606657,0.701246,0.681480,0.406993,0.396339,0.528779,0.571689,0.634277,0.733470,0.682958,0.673888,0.716793,0.669216,0.522260,0.433032,0.457231,0.431585,0.258029,0.140511,0.247302,0.480796,0.321390,0.096970,0.179535,0.320503,0.464231,0.178466,0.072759,0.100774,0.087568,0.156306,0.439499,0.692912,0.674109,0.641294,0.623701,0.578668,0.512980,0.336345,0.437686
0.649825,0.649825,0.526491,0.446493,0.595045,0.554915,0.481824,0.192629,0.143971,0.100056,0.160228,0.341505,0.383135,0.277856,0.308521,0.244006,0.273263,0.277506,0.286376,0.233072,0.120380,0.066416,0.139596,0.119034,0.132048,0.588569,0.654292,0.618284,0.351405,0.450602,0.459398,0.539215,0.635727,0.712252,0.627186,0.640450,0.607155,0.626729,0.516710,0.467654,0.279059,0.349104,0.265603,0.108090,0.322170,0.507950,0.281149,0.140518,0.274456,0.293871,0.411780,0.132106,0.062896,0.141578,0.083489,0.198005,0.574900,0.654614,0.637729,0.631246,0.626468,0.538694,0.498833,0.362353,0.262561
0.587238,0.587238,0.494633,0.480143,0.563270,0.493091,0.255409,0.157251,0.194394,0.114987,0.027846,0.212530,0.369032,0.342277,0.234390,0.292166,0.288392,0.255075,0.279344,0.228784,0.061821,0.100488,0.127014,0.088912,0.154314,0.576295,0.690418,0.514562,0.340472,0.398906,0.375631,0.459615,0.549640,0.601881,0.608711,0.564131,0.624187,0.608381,0.504325,0.436521,0.339954,0.305697,0.216149,0.080247,0.247443,0.440696,0.204779,0.127303,0.273718,0.236052,0.349429,0.093983,0.130072,0.126732,0.075538,0.375344,0.562526,0.551055,0.590961,0.604401,0.611757,0.528879,0.364040,0.307704,0.269725
0.568828,0.568828,0.404258,0.379297,0.509270,0.334861,0.193465,0.169067,0.193043,0.147550,0.358815,0.407538,0.334610,0.256790,0.198267,0.296965,0.245491,0.253413,0.253711,0.190008,0.087078,0.105344,0.086119,0.056752,0.126491,0.570510,0.710555,0.460112,0.380919,0.348728,0.323662,0.381333,0.508927,0.514595,0.627474,0.603602,0.596802,0.567458,0.490833,0.445689,0.428965,0.368469,0.291951,0.109183,0.224865,0.325170,0.226265,0.135879,0.240166,0.273536,0.283780,0.132419,0.114680,0.060517,0.129229,0.537150,0.571774,0.558543,0.576969,0.555439,0.585672,0.532322,0.368708,0.298396,0.271488
0.483601,0.483601,0.374010,0.419546,0.581650,0.409066,0.137205,0.182670,0.166822,0.177519,0.548267,0.577224,0.290956,0.243951,0.257568,0.233868,0.258255,0.216807,0.246061,0.386491,0.387917,0.271941,0.057706,0.080608,0.162588,0.582051,0.642105,0.430225,0.342615,0.318694,0.224227,0.315107,0.427544,0.450993,0.541209,0.555474,0.545821,0.602937,0.501312,0.435996,0.411063,0.394928,0.382771,0.200366,0.161568,0.286224,0.109716,0.147535,0.246419,0.295958,0.345445,0.068154,0.092563,0.058007,0.271573,0.580246,0.526512,0.551602,0.539242,0.576582,0.538724,0.450477,0.343594,0.258427,0.304322
0.384335,0.384335,0.388772,0.546629,0.590234,0.430284,0.141211,0.236114,0.207862,0.123272,0.427937,0.519932,0.396801,0.200267,0.230012,0.269829,0.174608,0.247326,0.264023,0.510551,0.590776,0.494938,0.080753,0.057049,0.141865,0.520167,0.660189,0.348187,0.422747,0.342066,0.231643,0.227602,0.320507,0.379145,0.506379,0.546267,0.542343,0.611362,0.527142,0.467487,0.394688,0.350650,0.320568,0.347916,0.267803,0.309066,0.129308,0.131360,0.278543,0.297661,0.236187,0.087301,0.112196,0.122598,0.397496,0.529294,0.529918,0.578500,0.628039,0.630856,0.566521,0.391286,0.330206,0.214194,0.282334
0.447352,0.447352,0.556863,0.586853,0.618322,0.416835,0.204360,0.171908,0.153717,0.181872,0.428002,0.458962,0.504682,0.316411,0.231575,0.211569,0.196735,0.205124,0.306825,0.445084,0.525055,0.434862,0.104214,0.147576,0.079758,0.528991,0.539914,0.364457,0.388458,0.424527,0.276615,0.163825,0.240240,0.331842,0.507813,0.518062,0.482945,0.577060,0.591638,0.450653,0.449311,0.435881,0.442246,0.388753,0.400471,0.233341,0.162997,0.212303,0.277627,0.259275,0.224107,0.077047,0.059048,0.146784,0.488697,0.566660,0.620561,0.610008,0.602372,0.604219,0.481059,0.296142,0.301031,0.217640,0.189841
0.567730,0.567730,0.596819,0.515852,0.500702,0.365029,0.111149,0.166190,0.175056,0.158508,0.453098,0.454040,0.441220,0.421879,0.233782,0.192897,0.194993,0.234007,0.341005,0.503208,0.505266,0.430445,0.052178,0.053192,0.119947,0.486890,0.559447,0.365063,0.308541,0.367843,0.401861,0.218990,0.192228,0.296923,0.497512,0.484379,0.555448,0.542720,0.563233,0.554309,0.468693,0.419885,0.417734,0.436137,0.398261,0.298050,0.111428,0.185837,0.303387,0.287849,0.221342,0.084378,0.102658,0.267812,0.545421,0.574244,0.641199,0.636369,0.596682,0.654322,0.360690,0.274704,0.255480,0.149575,0.214482
0.530392,0.530392,0.479907,0.435418,0.498661,0.399547,0.138191,0.142152,0.164864,0.180225,0.402828,0.485652,0.456326,0.470091,0.414217,0.238321,0.194073,0.233620,0.400010,0.512807,0.495699,0.416793,0.095324,0.057223,0.143259,0.478516,0.631155,0.313146,0.219382,0.346970,0.376874,0.284681,0.226918,0.218646,0.359129,0.445838,0.518774,0.549821,0.515845,0.511217,0.534728,0.516113,0.433698,0.399666,0.423471,0.444731,0.164959,0.177267,0.308945,0.261051,0.218295,0.118320,0.128155,0.421292,0.651259,0.639677,0.658380,0.593424,0.627240,0.584921,0.321163,0.248111,0.232145,0.147735,0.222431
0.506309,0.506309,0.436142,0.444998,0.476077,0.351942,0.142040,0.160600,0.186330,0.145765,0.391904,0.429589,0.432816,0.431178,0.466047,0.339422,0.230451,0.291535,0.476011,0.524751,0.542514,0.419615,0.090246,0.080085,0.148426,0.473295,0.590057,0.326428,0.196026,0.312739,0.383803,0.356195,0.269912,0.235334,0.303877,0.342217,0.492688,0.509536,0.569284,0.533921,0.509701,0.480868,0.491226,0.460689,0.438447,0.366383,0.311628,0.227876,0.239603,0.231927,0.126317,0.082780,0.247458,0.644224,0.656254,0.622409,0.571389,0.649421,0.634523,0.451313,0.286199,0.287891,0.155226,0.098337,0.258814
0.502391,0.502391,0.403855,0.361557,0.406281,0.341664,0.204360,0.160464,0.203050,0.140462,0.388075,0.402943,0.452059,0.445507,0.426159,0.464294,0.288257,0.295326,0.520577,0.497211,0.486158,0.425864,0.133595,0.065309,0.082341,0.447872,0.545219,0.306045,0.200805,0.275584,0.393314,0.398489,0.340827,0.268812,0.197248,0.326546,0.428385,0.519706,0.579536,0.617098,0.532551,0.477919,0.466623,0.462116,0.486852,0.388468,0.418685,0.309512,0.337160,0.300521,0.145981,0.074506,0.436379,0.645255,0.665840,0.575403,0.632608,0.571619,0.612865,0.423949,0.268811,0.226879,0.151154,0.125235,0.317439
0.445769,0.445769,0.293126,0.386111,0.392901,0.352613,0.124077,0.161888,0.157187,0.156015,0.368765,0.404953,0.460875,0.434364,0.484995,0.451060,0.457423,0.372779,0.406273,0.486986,0.483243,0.430821,0.130856,0.074271,0.094182,0.473648,0.569290,0.394439,0.148093,0.273726,0.367895,0.363216,0.370426,0.358639,0.208936,0.236259,0.353131,0.420070,0.545356,0.524292,0.513902,0.508149,0.475712,0.463774,0.434485,0.464395,0.400719,0.363285,0.293080,0.163126,0.073408,0.262828,0.639955,0.613653,0.565941,0.620279,0.600643,0.589863,0.547470,0.353744,0.208347,0.175598,0.159549,0.138344,0.489403
0.470354,0.470354,0.371867,0.363527,0.396191,0.340829,0.159229,0.191460,0.138208,0.132745,0.324044,0.415155,0.419785,0.415910,0.435006,0.486825,0.416087,0.476374,0.451491,0.455367,0.494727,0.415305,0.105048,0.085828,0.063234,0.453078,0.553610,0.523028,0.285342,0.235415,0.293228,0.367170,0.418431,0.431603,0.351107,0.225947,0.249920,0.415934,0.435608,0.509004,0.518561,0.496524,0.464495,0.428377,0.453176,0.473152,0.468105,0.436743,0.346550,0.142298,0.062116,0.468184,0.664949,0.636043,0.587521,0.641764,0.638731,0.593331,0.517444,0.313838,0.220585,0.148407,0.135802,0.218579,0.605130
0.397100,0.397100,0.299397,0.339633,0.321710,0.301325,0.190464,0.127669,0.138395,0.148152,0.322071,0.436622,0.404315,0.380291,0.459655,0.382177,0.446223,0.397463,0.506197,0.523207,0.486854,0.444506,0.122258,0.097408,0.122216,0.448537,0.600364,0.590067,0.416400,0.273889,0.339466,0.402425,0.455693,0.449800,0.397935,0.297665,0.133146,0.297383,0.328731,0.403983,0.449718,0.543415,0.440033,0.420843,0.347229,0.326747,0.401209,0.451502,0.418436,0.264549,0.282408,0.698650,0.653156,0.589749,0.658396,0.674305,0.618138,0.575736,0.444064,0.228643,0.139055,0.126144,0.095674,0.229924,0.625005
0.404250,0.404250,0.275011,0.329458,0.372594,0.292568,0.157516,0.167970,0.176549,0.144533,0.293588,0.381942,0.377809,0.327107,0.384001,0.373767,0.424003,0.442316,0.451634,0.487015,0.478494,0.407359,0.086569,0.090264,0.120549,0.428005,0.526054,0.488243,0.573724,0.405122,0.243277,0.380976,0.454459,0.504341,0.440456,0.412329,0.221064,0.123032,0.227251,0.335223,0.446152,0.500253,0.459013,0.422576,0.417501,0.382803,0.467059,0.621008,0.511909,0.332223,0.496590,0.700489,0.622576,0.620955,0.634972,0.615774,0.649333,0.549805,0.409488,0.145454,0.158608,0.123890,0.166001,0.196900,0.656876
0.384029,0.384029,0.300250,0.277521,0.332620,0.278272,0.138838,0.177484,0.170230,0.165888,0.273813,0.353459,0.319602,0.356031,0.410791,0.444793,0.355371,0.372029,0.404184,0.405358,0.412323,0.418182,0.097602,0.054414,0.101469,0.429922,0.500707,0.466447,0.489666,0.533379,0.267899,0.329474,0.395810,0.502728,0.520154,0.495512,0.427496,0.215507,0.117363,0.247253,0.337309,0.413130,0.441018,0.393014,0.421376,0.442935,0.641905,0.671203,0.428864,0.298733,0.622593,0.624900,0.571148,0.707978,0.629660,0.656999,0.555862,0.449928,0.339218,0.155589,0.126065,0.132454,0.121538,0.240106,0.619009
0.338285,0.338285,0.304898,0.327384,0.323912,0.321240,0.130335,0.139729,0.185121,0.139450,0.247507,0.334549,0.344996,0.412294,0.431213,0.415260,0.417881,0.446865,0.418016,0.414902,0.367890,0.303735,0.075678,0.119319,0.125852,0.426473,0.478543,0.454498,0.462331,0.558796,0.512053,0.300886,0.279421,0.453304,0.444997,0.467158,0.493669,0.392013,0.205287,0.133731,0.228799,0.276839,0.416827,0.366968,0.350257,0.483292,0.603310,0.609879,0.296609,0.475880,0.626928,0.619053,0.627610,0.664266,0.610513,0.634455,0.540345,0.352713,0.241583,0.128814,0.124126,0.091282,0.113800,0.274096,0.589697
0.308419,0.308419,0.206273,0.199628,0.212112,0.227475,0.137553,0.131755,0.174259,0.177254,0.238979,0.306338,0.389766,0.432680,0.416804,0.421281,0.387520,0.396719,0.363200,0.425489,0.368871,0.275816,0.120362,0.081864,0.119442,0.359432,0.453733,0.441262,0.478189,0.518601,0.616829,0.423526,0.218190,0.368994,0.451318,0.442709,0.473452,0.478502,0.420608,0.183122,0.118550,0.221554,0.453768,0.385507,0.370406,0.553424,0.601851,0.491149,0.269068,0.660730,0.639121,0.613182,0.644187,0.690194,0.613554,0.582761,0.499458,0.359935,0.231579,0.134502,0.089369,0.082442,0.184468,0.408599,0.623127
0.319446,0.319446,0.157761,0.209566,0.184566,0.148268,0.185992,0.124128,0.144284,0.129821,0.110194,0.222692,0.274149,0.283089,0.298566,0.377687,0.336911,0.356535,0.339463,0.344849,0.394794,0.279336,0.161388,0.112493,0.212752,0.354579,0.379057,0.426279,0.513515,0.542371,0.557580,0.534955,0.375771,0.289496,0.382124,0.475914,0.459045,0.500758,0.507061,0.388200,0.140823,0.115330,0.423642,0.425594,0.399234,0.575756,0.649079,0.455136,0.361167,0.636196,0.611013,0.649132,0.658469,0.632977,0.652934,0.522638,0.449393,0.344263,0.210574,0.099712,0.111776,0.119633,0.300446,0.552731,0.603674
0.558065,0.558065,0.479775,0.456742,0.370958,0.368978,0.213861,0.148334,0.163519,0.184630,0.113479,0.171657,0.210084,0.257665,0.206671,0.180414,0.240878,0.254083,0.314758,0.277229,0.330974,0.175656,0.169889,0.185551,0.323112,0.317955,0.363595,0.408241,0.499287,0.513691,0.533280,0.534545,0.474841,0.386909,0.317888,0.423817,0.510254,0.490656,0.486284,0.478893,0.380442,0.131377,0.222955,0.396495,0.462210,0.617448,0.654990,0.348453,0.478763,0.634466,0.618730,0.654947,0.629308,0.604965,0.561025,0.494920,0.385149,0.273123,0.164930,0.093640,0.117749,0.189413,0.491552,0.532450,0.612601
0.482764,0.482764,0.380523,0.412264,0.507945,0.471920,0.242472,0.133300,0.201749,0.160123,0.100480,0.217832,0.210869,0.280288,0.301101,0.224458,0.271956,0.266374,0.308174,0.261111,0.227306,0.185798,0.156202,0.169625,0.266677,0.319795,0.351613,0.460026,0.464150,0.491985,0.455787,0.442700,0.445286,0.400643,0.296241,0.270015,0.457890,0.450148,0.482499,0.505311,0.446256,0.390482,0.238966,0.389785,0.472775,0.575865,0.551956,0.393527,0.592494,0.537306,0.527028,0.594523,0.615611,0.553063,0.567332,0.462693,0.362384,0.222047,0.136384,0.092117,0.113248,0.356246,0.500902,0.486359,0.576061
0.445643,0.445643,0.370044,0.357769,0.408818,0.371442,0.222657,0.142116,0.113641,0.136038,0.134815,0.120223,0.250160,0.282405,0.327725,0.344246,0.373060,0.324103,0.317492,0.322775,0.176346,0.146927,0.086257,0.128516,0.252747,0.255075,0.375590,0.450772,0.410490,0.435026,0.430978,0.436123,0.427266,0.339557,0.313562,0.208553,0.310464,0.471837,0.463517,0.452418,0.464554,0.483762,0.547512,0.541968,0.559104,0.497814,0.577772,0.466250,0.343502,0.166282,0.161031,0.253338,0.438763,0.581893,0.489415,0.378483,0.310674,0.135734,0.062660,0.164316,0.208041,0.301478,0.449421,0.461509,0.544265
0.456844,0.456844,0.403879,0.421183,0.389417,0.327958,0.243394,0.125646,0.141707,0.106575,0.105052,0.088220,0.188721,0.289236,0.359633,0.318582,0.331111,0.254145,0.319498,0.234572,0.113905,0.081345,0.099158,0.219116,0.231514,0.300484,0.373712,0.438593,0.457479,0.446851,0.438915,0.399438,0.408522,0.366665,0.262024,0.111112,0.164972,0.353307,0.399618,0.453067,0.435844,0.466830,0.504092,0.582100,0.612258,0.501515,0.532578,0.406936,0.503684,0.524875,0.494411,0.288035,0.148481,0.230529,0.424060,0.388834,0.228070,0.175397,0.051804,0.241973,0.224809,0.239189,0.264086,0.423990,0.491708
0.496959,0.496959,0.373449,0.420802,0.450208,0.395628,0.254207,0.191911,0.201448,0.154906,0.157993,0.136637,0.218773,0.313605,0.296100,0.348597,0.308776,0.328619,0.294297,0.237462,0.166948,0.173301,0.110730,0.274397,0.311102,0.414640,0.465403,0.487273,0.456641,0.461173,0.453237,0.441070,0.435643,0.413573,0.230865,0.187037,0.150230,0.173417,0.446971,0.479840,0.425185,0.524096,0.544072,0.633127,0.621116,0.526440,0.570921,0.583040,0.495858,0.621051,0.653695,0.467956,0.295396,0.154903,0.192860,0.267074,0.266472,0.192016,0.111022,0.264297,0.267327,0.248054,0.334347,0.395633,0.535139