0.63043,0.62314,0.61163,0.60423,0.62297,0.66945,0.66078,0.51432,0.37016,0.40509,0.41753,0.42023,0.41964,0.44599,0.47918,0.49644,0.5119,0.51425,0.50822,0.51515,0.5229,0.5245,0.52121,0.52069,0.52578,0.52524,0.52071,0.51059,0.51716,0.51431,0.52183,0.52065,0.5196,0.50943,0.50791,0.50639,0.50582,0.4986,0.47734,0.42926,0.47036,0.58781,0.62207,0.59609,0.6047,0.60632,0.59947,0.60176,0.60946,0.60419,0.69982,0.86265,0.73671,0.41796,0.46038,0.47626,0.47868,0.47684,0.48734,0.48419,0.48982,0.48745,0.48752,0.52809
0.61473,0.61228,0.6089,0.60384,0.63444,0.66704,0.64176,0.49471,0.35941,0.39132,0.41372,0.40905,0.40853,0.4428,0.47653,0.49219,0.50177,0.50946,0.513,0.51066,0.51738,0.52218,0.5187,0.51812,0.51577,0.51504,0.51672,0.50914,0.51107,0.50914,0.52077,0.51328,0.51235,0.50752,0.50248,0.50085,0.5031,0.50098,0.47918,0.44,0.42953,0.54356,0.61716,0.61616,0.61813,0.62025,0.61026,0.60623,0.60167,0.59655,0.61354,0.79945,0.84936,0.54731,0.42403,0.46816,0.47483,0.47541,0.48172,0.48464,0.49446,0.5137,0.37809,0.19307
0.61121,0.61601,0.6123,0.61695,0.65126,0.64821,0.62283,0.50167,0.36116,0.39252,0.41531,0.40759,0.40689,0.44149,0.47203,0.48941,0.50243,0.50953,0.51262,0.51142,0.51356,0.51827,0.51616,0.51499,0.51608,0.51454,0.51386,0.51215,0.5096,0.50656,0.52537,0.52012,0.51353,0.50796,0.50312,0.49851,0.50395,0.50197,0.48759,0.45611,0.41645,0.49137,0.60351,0.63679,0.6335,0.63401,0.62085,0.61099,0.60119,0.59495,0.58072,0.67359,0.86121,0.76887,0.44081,0.44799,0.47475,0.47826,0.48436,0.50417,0.52934,0.36547,0.18405,0.18686
0.61457,0.62168,0.62151,0.64383,0.65249,0.628,0.62597,0.49883,0.35211,0.38999,0.41487,0.40735,0.40857,0.43778,0.47245,0.48839,0.49901,0.50249,0.50417,0.50818,0.50992,0.51097,0.50795,0.51248,0.52045,0.49623,0.48626,0.4962,0.49579,0.49519,0.50619,0.5126,0.51403,0.50084,0.49943,0.49597,0.49508,0.49937,0.48814,0.46009,0.42266,0.47908,0.58827,0.63245,0.62971,0.62452,0.61963,0.61226,0.60662,0.60285,0.59072,0.58081,0.77202,0.87604,0.62209,0.42479,0.47348,0.47741,0.48494,0.52144,0.35832,0.18018,0.18092,0.20654
0.62398,0.62936,0.64538,0.65831,0.64287,0.62356,0.62582,0.49343,0.35012,0.38996,0.40947,0.40314,0.4051,0.43741,0.46826,0.48038,0.49321,0.49925,0.49392,0.50198,0.50627,0.50446,0.50947,0.50729,0.50786,0.49218,0.4786,0.47894,0.47609,0.47089,0.49324,0.50977,0.51262,0.50002,0.50121,0.49463,0.49385,0.49792,0.48665,0.46015,0.43152,0.47487,0.56575,0.61107,0.62066,0.61844,0.61561,0.612,0.61329,0.60996,0.59923,0.56862,0.63231,0.85482,0.83703,0.4853,0.43503,0.47895,0.51132,0.35226,0.16992,0.20186,0.20409,0.19758
0.63054,0.63973,0.64932,0.61784,0.6227,0.63055,0.62526,0.49068,0.34169,0.38729,0.40796,0.40423,0.40474,0.43768,0.46897,0.48052,0.48784,0.49207,0.49369,0.50353,0.49958,0.50486,0.50762,0.50114,0.50199,0.50472,0.50721,0.52931,0.5487,0.533,0.50206,0.4816,0.48509,0.49565,0.50606,0.50085,0.49639,0.49652,0.48317,0.45806,0.435,0.46514,0.55095,0.58515,0.60599,0.60994,0.60499,0.60518,0.60757,0.59841,0.57933,0.56514,0.55427,0.7517,0.8928,0.69271,0.41314,0.47295,0.35289,0.1698,0.19551,0.22421,0.19594,0.18101
0.62961,0.65574,0.61058,0.55148,0.6156,0.64073,0.63224,0.49609,0.34008,0.3789,0.40636,0.40493,0.4123,0.44546,0.47223,0.48493,0.49298,0.49473,0.50375,0.5057,0.49803,0.5049,0.50656,0.51331,0.55842,0.56821,0.60697,0.66119,0.70425,0.69825,0.69638,0.65527,0.55231,0.46725,0.49159,0.50335,0.49441,0.49081,0.4755,0.45372,0.42844,0.46082,0.55192,0.56897,0.58566,0.60297,0.59756,0.59604,0.59063,0.57584,0.56069,0.55355,0.54716,0.60569,0.83865,0.87213,0.57622,0.33167,0.16599,0.18525,0.21203,0.20622,0.18601,0.18036
0.64826,0.65041,0.51741,0.49385,0.63138,0.65018,0.63744,0.49672,0.32367,0.36346,0.38817,0.39376,0.40927,0.43859,0.46469,0.4776,0.48355,0.48942,0.4954,0.50078,0.51809,0.53615,0.49707,0.52209,0.54219,0.56485,0.59755,0.63559,0.66764,0.69284,0.71839,0.74929,0.76641,0.66134,0.49128,0.45988,0.48065,0.4784,0.46035,0.44039,0.4152,0.459,0.557,0.57164,0.57437,0.58778,0.59272,0.57084,0.5668,0.56579,0.55704,0.54955,0.5539,0.54068,0.69865,0.92029,0.68866,0.15828,0.17922,0.21149,0.19908,0.19333,0.18943,0.19074
0.67268,0.59551,0.37963,0.46769,0.63998,0.65255,0.63156,0.48976,0.30941,0.35107,0.38503,0.39095,0.40033,0.42376,0.44989,0.46128,0.47611,0.48512,0.48711,0.50636,0.46769,0.47658,0.47948,0.50831,0.51491,0.53178,0.55997,0.61163,0.66877,0.70203,0.72275,0.73799,0.75411,0.78407,0.73559,0.53447,0.40718,0.44166,0.4512,0.43194,0.40821,0.45169,0.56809,0.58824,0.56789,0.55631,0.57383,0.56969,0.55842,0.56724,0.55911,0.55646,0.56298,0.56226,0.60227,0.75813,0.33232,0.15369,0.20061,0.20775,0.19255,0.1899,0.20108,0.16595
0.65122,0.48217,0.31532,0.47767,0.63943,0.65745,0.62827,0.48281,0.30583,0.35852,0.39231,0.39178,0.39633,0.42356,0.44764,0.45816,0.47067,0.47686,0.50633,0.4756,0.4321,0.45803,0.48694,0.50095,0.51994,0.52914,0.54195,0.58706,0.64572,0.70453,0.72806,0.74784,0.75698,0.75636,0.77606,0.79999,0.66355,0.41276,0.41409,0.41498,0.40127,0.44772,0.57986,0.61075,0.58133,0.49272,0.49692,0.57637,0.56977,0.57079,0.55879,0.56407,0.5692,0.58411,0.59484,0.30399,0.14989,0.19509,0.20003,0.18915,0.20107,0.21017,0.20534,0.35187
0.57127,0.36498,0.32989,0.48303,0.63677,0.66064,0.62733,0.47828,0.3137,0.35864,0.3888,0.39649,0.39902,0.42558,0.44833,0.46218,0.47584,0.48367,0.47626,0.43003,0.45204,0.47011,0.47148,0.48344,0.51531,0.52854,0.53816,0.57067,0.64049,0.71591,0.72905,0.71676,0.75001,0.79197,0.81701,0.82848,0.88461,0.65976,0.34489,0.38874,0.38296,0.43954,0.57482,0.6081,0.59647,0.4517,0.32888,0.52703,0.57832,0.56857,0.56252,0.56537,0.56877,0.60625,0.39273,0.14921,0.19182,0.2075,0.18716,0.1971,0.19906,0.25103,0.33933,0.5872
0.435,0.33939,0.34241,0.47663,0.62984,0.65727,0.62739,0.47577,0.31706,0.36494,0.38792,0.39594,0.39813,0.42199,0.45053,0.4646,0.47691,0.47946,0.43349,0.43979,0.46134,0.45309,0.46345,0.49854,0.5325,0.55013,0.55825,0.5657,0.62989,0.66902,0.69249,0.76624,0.81336,0.8051,0.79733,0.80728,0.82795,0.8741,0.53132,0.31018,0.35571,0.43358,0.57614,0.60963,0.60034,0.47197,0.20965,0.40741,0.57294,0.57196,0.5608,0.56494,0.59096,0.50375,0.19113,0.18575,0.21156,0.19207,0.20336,0.19278,0.23067,0.36321,0.55446,0.58545
0.34686,0.35744,0.34636,0.4699,0.62313,0.6555,0.62758,0.47931,0.31465,0.36227,0.38992,0.39067,0.39929,0.42055,0.45399,0.46251,0.48525,0.45283,0.43892,0.44481,0.45347,0.46161,0.49558,0.52381,0.54159,0.5521,0.54072,0.54471,0.59651,0.67961,0.76916,0.7913,0.78264,0.77926,0.79124,0.80246,0.81218,0.83253,0.84495,0.56508,0.28748,0.41987,0.57599,0.60866,0.60572,0.47752,0.1971,0.25439,0.50242,0.57576,0.55102,0.57135,0.5825,0.26044,0.15726,0.21733,0.20153,0.1938,0.19951,0.20027,0.30136,0.53576,0.5876,0.63481
0.35339,0.36151,0.349,0.47427,0.62103,0.64816,0.62987,0.48467,0.31636,0.35419,0.38555,0.39547,0.39637,0.4233,0.45053,0.45523,0.53445,0.41051,0.433,0.44326,0.45381,0.48032,0.52285,0.54236,0.54251,0.54068,0.48885,0.55107,0.69248,0.75835,0.75,0.74541,0.76502,0.7967,0.80208,0.80517,0.80503,0.80725,0.8332,0.8693,0.44135,0.3676,0.56863,0.60718,0.60455,0.482,0.21731,0.15773,0.30725,0.55188,0.58759,0.58574,0.38631,0.15938,0.19968,0.21464,0.20089,0.20158,0.19398,0.22514,0.50664,0.56567,0.61759,0.64194
0.35624,0.35228,0.33646,0.46218,0.62176,0.64633,0.63063,0.4856,0.30747,0.34452,0.37648,0.3852,0.39817,0.42041,0.42936,0.49129,0.57249,0.39656,0.43514,0.44443,0.46515,0.5056,0.52643,0.52677,0.51947,0.47274,0.56386,0.70659,0.71993,0.71916,0.72115,0.76189,0.7719,0.77814,0.78356,0.79201,0.79477,0.80594,0.81375,0.85796,0.74399,0.3522,0.55977,0.60429,0.60662,0.48522,0.21332,0.13225,0.38734,0.76322,0.82658,0.77279,0.23357,0.18136,0.21665,0.21271,0.20465,0.20518,0.1867,0.43351,0.57837,0.6072,0.63233,0.62126
0.35628,0.36678,0.35459,0.45818,0.6211,0.65673,0.63141,0.47751,0.29547,0.33907,0.38461,0.3893,0.39485,0.41605,0.42217,0.58421,0.55275,0.39141,0.43133,0.44992,0.48522,0.49021,0.49515,0.50398,0.46909,0.59789,0.68621,0.67253,0.69093,0.70373,0.73918,0.74342,0.74546,0.7532,0.7722,0.78343,0.78982,0.7936,0.80356,0.80966,0.85096,0.53529,0.52598,0.61607,0.6082,0.44251,0.18849,0.48415,0.76941,0.83082,0.8465,0.88984,0.36545,0.1691,0.20729,0.1903,0.19239,0.19332,0.33415,0.58238,0.59525,0.62979,0.62343,0.61833
0.37958,0.38737,0.37383,0.46418,0.62113,0.66126,0.64397,0.48921,0.31222,0.35434,0.39275,0.4012,0.40235,0.42783,0.42388,0.64716,0.50773,0.38666,0.42015,0.45656,0.47603,0.48459,0.49905,0.47462,0.58314,0.63798,0.64203,0.68175,0.7061,0.71239,0.71756,0.69793,0.71928,0.75531,0.76779,0.77523,0.76543,0.74538,0.78641,0.79597,0.80431,0.79677,0.61745,0.59469,0.57281,0.4878,0.63179,0.79448,0.8154,0.80783,0.80496,0.87942,0.38564,0.17436,0.19886,0.18335,0.1899,0.20239,0.53475,0.5981,0.62623,0.61744,0.61424,0.61107
0.39304,0.39149,0.38263,0.47807,0.62035,0.66774,0.6608,0.49841,0.31634,0.35982,0.39346,0.39732,0.39414,0.41806,0.41643,0.67377,0.49209,0.39815,0.40968,0.43271,0.46673,0.47462,0.47758,0.56662,0.59045,0.57776,0.64345,0.68005,0.67561,0.68961,0.6739,0.69372,0.71054,0.71294,0.73565,0.74354,0.71619,0.73502,0.77116,0.76782,0.76292,0.77324,0.73878,0.60485,0.68381,0.76838,0.80018,0.80525,0.79599,0.79631,0.82897,0.85592,0.30802,0.1856,0.19042,0.18385,0.19917,0.40374,0.59759,0.61695,0.62512,0.61527,0.60971,0.60355
0.39141,0.38727,0.38537,0.47793,0.63121,0.68198,0.67076,0.50304,0.31433,0.35615,0.38751,0.38855,0.38822,0.40246,0.42739,0.72504,0.53366,0.426,0.41603,0.4417,0.46734,0.47738,0.56066,0.56598,0.54721,0.59236,0.61893,0.66028,0.66209,0.65607,0.67948,0.6887,0.67922,0.70104,0.71559,0.70475,0.72848,0.74199,0.7296,0.7155,0.71769,0.69398,0.73332,0.74945,0.78793,0.79375,0.79286,0.78278,0.80019,0.76915,0.82883,0.7837,0.20923,0.19188,0.18719,0.18654,0.3064,0.5688,0.60029,0.63081,0.62214,0.61642,0.61126,0.60955
0.38231,0.38015,0.37736,0.47381,0.63618,0.68079,0.66533,0.50417,0.31882,0.36193,0.38977,0.38768,0.38829,0.39492,0.44026,0.73021,0.59386,0.49502,0.40499,0.42834,0.46063,0.53835,0.54799,0.52462,0.58081,0.57959,0.58688,0.62357,0.65011,0.66785,0.66503,0.66985,0.65432,0.65394,0.67726,0.70069,0.718,0.70392,0.69616,0.66966,0.67648,0.72087,0.75983,0.77957,0.78014,0.7776,0.78203,0.79916,0.7662,0.65478,0.74525,0.5751,0.16306,0.19441,0.18106,0.2139,0.4691,0.59798,0.62511,0.62923,0.6244,0.61807,0.61891,0.61607
0.37832,0.37106,0.37315,0.48462,0.63811,0.6754,0.66398,0.51092,0.3201,0.36329,0.38735,0.38356,0.38857,0.38136,0.442,0.73308,0.61917,0.53527,0.42188,0.43532,0.53194,0.51986,0.50729,0.55984,0.54875,0.56509,0.58442,0.61217,0.63176,0.63621,0.61874,0.63451,0.63289,0.64464,0.66053,0.66997,0.66649,0.64788,0.64596,0.68363,0.73075,0.76525,0.771,0.76135,0.7663,0.78698,0.79425,0.81364,0.68495,0.60296,0.68686,0.35085,0.17065,0.19494,0.18471,0.35287,0.58699,0.60392,0.62852,0.61755,0.61987,0.61615,0.61609,0.61475
0.38249,0.37945,0.39106,0.49352,0.63726,0.67952,0.66902,0.5164,0.30973,0.35628,0.38258,0.38193,0.38624,0.3693,0.44793,0.77843,0.65916,0.59082,0.47689,0.48635,0.51016,0.49644,0.5462,0.52887,0.52507,0.55798,0.57578,0.53589,0.49529,0.49966,0.55477,0.54279,0.59693,0.60475,0.6017,0.5379,0.56197,0.63082,0.69749,0.75351,0.76721,0.74725,0.75733,0.77757,0.79237,0.80479,0.8329,0.75034,0.50349,0.48769,0.6706,0.19221,0.18553,0.20258,0.22431,0.50252,0.59764,0.62264,0.61995,0.6118,0.61343,0.61048,0.61108,0.60595
0.39086,0.38807,0.40422,0.5059,0.64352,0.68273,0.6738,0.51912,0.30553,0.35141,0.38536,0.39006,0.38981,0.37338,0.42482,0.79144,0.69834,0.54663,0.48905,0.45994,0.46854,0.53314,0.51322,0.50656,0.5233,0.54556,0.5201,0.48728,0.41206,0.34601,0.52847,0.42452,0.35951,0.35024,0.24748,0.21834,0.49681,0.70846,0.76011,0.76857,0.76284,0.75689,0.77635,0.79164,0.81388,0.75274,0.60046,0.41453,0.39361,0.67405,0.40887,0.16048,0.18919,0.18008,0.3159,0.58031,0.61257,0.63042,0.62346,0.61527,0.60833,0.60605,0.60404,0.60271
0.40602,0.39029,0.40367,0.50554,0.64189,0.67768,0.6711,0.52126,0.31019,0.35269,0.38278,0.38913,0.38973,0.38116,0.37211,0.7505,0.72856,0.52347,0.51502,0.44064,0.5169,0.50596,0.49858,0.51333,0.53503,0.49927,0.46963,0.39391,0.30987,0.2672,0.38154,0.3312,0.3415,0.24443,0.19714,0.46927,0.67456,0.74265,0.75972,0.74543,0.75099,0.75697,0.79066,0.75636,0.63403,0.41369,0.38127,0.51041,0.6926,0.39917,0.16949,0.19183,0.19567,0.20812,0.46447,0.60014,0.63971,0.63241,0.62704,0.62014,0.61299,0.60765,0.60618,0.5999
0.41618,0.40011,0.39698,0.49749,0.63824,0.67465,0.66916,0.52631,0.31044,0.34933,0.37919,0.38835,0.38468,0.39153,0.35588,0.63398,0.7761,0.61701,0.49067,0.49592,0.49352,0.479,0.4949,0.50189,0.48821,0.41516,0.3064,0.25101,0.19292,0.30716,0.29106,0.34078,0.26095,0.29711,0.51439,0.69957,0.73064,0.71412,0.71344,0.72226,0.74798,0.75259,0.58253,0.42004,0.45949,0.58811,0.65901,0.72393,0.4035,0.15855,0.21261,0.19208,0.18807,0.28356,0.56427,0.62015,0.64989,0.64117,0.63226,0.62263,0.61466,0.60981,0.60764,0.59753
0.42191,0.40552,0.38614,0.47873,0.63979,0.67923,0.67365,0.52918,0.30556,0.34367,0.37738,0.38214,0.3827,0.39962,0.39677,0.4572,0.77425,0.67908,0.49481,0.49136,0.48203,0.48869,0.49619,0.48081,0.34127,0.30477,0.23325,0.27047,0.21418,0.26068,0.23541,0.29602,0.34664,0.47024,0.70372,0.75844,0.71042,0.70159,0.68916,0.71681,0.74703,0.67902,0.33152,0.39385,0.47905,0.61683,0.67206,0.34991,0.15778,0.20377,0.21403,0.18634,0.19865,0.39721,0.56437,0.64992,0.64555,0.64013,0.63735,0.6269,0.62134,0.61752,0.60777,0.59774
0.42139,0.40504,0.37344,0.45715,0.63449,0.68172,0.67948,0.53256,0.30262,0.33704,0.37902,0.38202,0.3844,0.40499,0.43382,0.37772,0.68893,0.74315,0.49255,0.45562,0.48473,0.49906,0.4731,0.35489,0.26207,0.3126,0.21685,0.29474,0.24296,0.19807,0.20853,0.28026,0.41641,0.61596,0.72777,0.69572,0.68558,0.68174,0.69238,0.74603,0.76221,0.76821,0.4804,0.30488,0.42576,0.58628,0.30744,0.14684,0.20793,0.22564,0.19677,0.1817,0.25115,0.48017,0.57549,0.66023,0.64364,0.63974,0.63748,0.63221,0.62868,0.61944,0.61235,0.59839
0.41278,0.40521,0.37005,0.45023,0.63053,0.68148,0.67835,0.53786,0.30763,0.34434,0.38664,0.39304,0.38871,0.40938,0.44682,0.40025,0.67018,0.66747,0.43133,0.46239,0.48173,0.4813,0.31276,0.24274,0.18264,0.25843,0.27359,0.26143,0.33229,0.16244,0.22898,0.4627,0.56892,0.70368,0.71635,0.64944,0.67379,0.66196,0.73575,0.78276,0.78739,0.80625,0.59059,0.22128,0.31277,0.55664,0.23269,0.18087,0.21891,0.23446,0.18705,0.17737,0.35443,0.53874,0.59395,0.62879,0.64148,0.63587,0.63778,0.63718,0.62643,0.62077,0.6164,0.59854
0.40993,0.39994,0.37212,0.45009,0.63041,0.68329,0.68087,0.54208,0.31953,0.3484,0.39609,0.40327,0.39146,0.43424,0.46672,0.43412,0.56094,0.59782,0.43256,0.49404,0.4505,0.28491,0.22256,0.23533,0.20775,0.20592,0.2387,0.31109,0.30602,0.20173,0.50267,0.67641,0.6294,0.69397,0.69495,0.63921,0.63391,0.69932,0.76345,0.78755,0.80619,0.83656,0.69964,0.27381,0.20003,0.53251,0.26277,0.2028,0.23284,0.22575,0.18656,0.20008,0.46914,0.586,0.62036,0.59377,0.593,0.60298,0.61059,0.62602,0.62537,0.6157,0.60951,0.59554
0.40537,0.39178,0.36345,0.44435,0.63059,0.68733,0.68203,0.53968,0.32388,0.35944,0.39602,0.40553,0.40179,0.43031,0.45838,0.45481,0.47962,0.52985,0.49259,0.50027,0.30028,0.23724,0.19866,0.25354,0.23085,0.20725,0.22937,0.25196,0.24893,0.46113,0.62571,0.71453,0.66915,0.68984,0.64767,0.6348,0.67012,0.70956,0.76339,0.78476,0.80354,0.83553,0.77995,0.38154,0.16378,0.47756,0.29899,0.21082,0.24082,0.21145,0.1869,0.28447,0.54255,0.61927,0.63992,0.6276,0.62078,0.60193,0.5764,0.5766,0.57928,0.58618,0.59789,0.59578
0.39746,0.38984,0.36804,0.44329,0.63153,0.68888,0.68583,0.54,0.31946,0.35226,0.39821,0.40308,0.40164,0.42854,0.45722,0.50326,0.44496,0.40105,0.52821,0.37892,0.252,0.27284,0.20644,0.25794,0.19497,0.21743,0.26245,0.21876,0.34963,0.6175,0.66421,0.70871,0.70502,0.51966,0.52005,0.59438,0.69461,0.69964,0.73798,0.76148,0.78128,0.82348,0.75817,0.37347,0.14541,0.41936,0.36453,0.22892,0.24421,0.20103,0.19064,0.40184,0.56025,0.63114,0.62796,0.62772,0.64126,0.62856,0.60358,0.58637,0.57273,0.56188,0.56042,0.56294
0.40059,0.40273,0.36997,0.43642,0.62939,0.69072,0.69026,0.54745,0.32362,0.35565,0.40061,0.39679,0.39573,0.40939,0.46884,0.5813,0.42678,0.35463,0.39961,0.28464,0.27858,0.29901,0.21634,0.23369,0.21652,0.19357,0.24756,0.27575,0.58702,0.72435,0.69904,0.66124,0.50939,0.48121,0.43013,0.36085,0.49418,0.65334,0.70775,0.75486,0.74373,0.56684,0.41471,0.33827,0.1775,0.36911,0.41362,0.23203,0.22708,0.19555,0.22614,0.4802,0.5843,0.6306,0.61631,0.61151,0.61517,0.61846,0.6057,0.60673,0.61023,0.5898,0.56446,0.52842
0.38837,0.38466,0.34512,0.41784,0.62961,0.6946,0.68795,0.54961,0.31781,0.34433,0.39071,0.38858,0.36819,0.50454,0.58329,0.60351,0.51053,0.28367,0.27103,0.32662,0.34537,0.23031,0.2536,0.19511,0.27781,0.20095,0.17193,0.49654,0.69791,0.77825,0.61353,0.28822,0.22219,0.2367,0.30921,0.31004,0.48828,0.56545,0.69212,0.78581,0.46904,0.2741,0.25034,0.23651,0.18127,0.3464,0.44575,0.23824,0.20369,0.18834,0.27724,0.54205,0.61009,0.61613,0.60522,0.60674,0.60864,0.60856,0.60259,0.59947,0.60062,0.57979,0.55939,0.53143
0.3849,0.37209,0.31986,0.39663,0.6321,0.70025,0.69599,0.54497,0.32437,0.36305,0.3964,0.39554,0.31752,0.50111,0.68897,0.49964,0.24853,0.24715,0.26459,0.27971,0.38882,0.19317,0.21605,0.23164,0.18402,0.17858,0.32068,0.6271,0.75273,0.70129,0.41144,0.24851,0.30071,0.37479,0.73046,0.41957,0.44738,0.52971,0.72867,0.67611,0.27698,0.40416,0.44119,0.1735,0.17488,0.34,0.47149,0.25904,0.19585,0.18278,0.383,0.57851,0.6192,0.6068,0.59733,0.59944,0.60077,0.59941,0.59393,0.5825,0.56806,0.53534,0.51765,0.56118
0.40146,0.38006,0.31639,0.3902,0.63089,0.70588,0.70829,0.55826,0.34667,0.3862,0.43898,0.35889,0.39698,0.55024,0.52482,0.26504,0.32219,0.26764,0.26579,0.34595,0.44946,0.26598,0.16933,0.19734,0.17173,0.19737,0.52738,0.72611,0.68464,0.48669,0.53506,0.50441,0.46119,0.54641,0.66327,0.58598,0.48083,0.51181,0.74589,0.68485,0.50348,0.52574,0.36682,0.22729,0.19416,0.3302,0.5067,0.25351,0.1871,0.21817,0.47398,0.59265,0.61287,0.59625,0.59549,0.60437,0.59888,0.59176,0.57299,0.55088,0.53353,0.57299,0.66062,0.72155
0.38908,0.35415,0.2902,0.36444,0.62677,0.7069,0.71472,0.56884,0.34333,0.38323,0.42452,0.49526,0.52342,0.35408,0.21359,0.26463,0.41798,0.26578,0.25579,0.36523,0.43976,0.29574,0.17325,0.186,0.16683,0.37968,0.67443,0.69548,0.42136,0.51,0.59577,0.61958,0.59712,0.58999,0.62354,0.60792,0.52429,0.5043,0.7093,0.78326,0.60178,0.50015,0.42201,0.29972,0.19358,0.30729,0.53758,0.23054,0.18193,0.26324,0.53028,0.60526,0.60443,0.59288,0.59299,0.5887,0.58603,0.57385,0.55053,0.52991,0.64569,0.74496,0.75168,0.74342
0.35266,0.32433,0.26502,0.34908,0.62306,0.70355,0.70996,0.56656,0.33749,0.37761,0.47626,0.51416,0.42157,0.29519,0.26547,0.40509,0.36901,0.18182,0.2263,0.36028,0.35291,0.3764,0.20867,0.16628,0.256,0.55769,0.73418,0.36513,0.41951,0.52383,0.59617,0.65974,0.69015,0.68909,0.68314,0.6141,0.5534,0.50174,0.67236,0.80625,0.64161,0.5502,0.5031,0.32639,0.21129,0.27636,0.54691,0.21194,0.17287,0.34323,0.5675,0.61631,0.60137,0.59259,0.59163,0.58151,0.57251,0.55392,0.52627,0.64802,0.77257,0.76651,0.74685,0.75959
0.30963,0.29584,0.2486,0.34156,0.62023,0.69456,0.69702,0.56432,0.33757,0.38173,0.45076,0.42527,0.35951,0.31849,0.28921,0.40118,0.27881,0.19195,0.187,0.2255,0.19759,0.44497,0.30951,0.13784,0.39602,0.72467,0.45748,0.23338,0.46266,0.51817,0.57318,0.63245,0.69023,0.69516,0.66533,0.59631,0.55035,0.49971,0.64158,0.8099,0.63554,0.56403,0.50667,0.29564,0.21221,0.24847,0.55222,0.23822,0.18948,0.43431,0.6079,0.61791,0.60064,0.5876,0.57931,0.57239,0.56553,0.5288,0.58715,0.75873,0.76108,0.76432,0.78354,0.79652
0.30324,0.29108,0.22664,0.32827,0.61604,0.68279,0.68763,0.56025,0.32403,0.42438,0.50256,0.3704,0.39788,0.31704,0.32292,0.43758,0.31689,0.1992,0.16387,0.27694,0.31096,0.50363,0.33285,0.20043,0.56698,0.63682,0.18042,0.27356,0.44395,0.51499,0.55944,0.60779,0.6448,0.66509,0.64521,0.56522,0.51306,0.48087,0.59712,0.81487,0.63312,0.56087,0.48724,0.23549,0.23555,0.22252,0.54217,0.28186,0.21434,0.51571,0.61816,0.61202,0.60029,0.58822,0.57627,0.56601,0.54852,0.53328,0.70918,0.76581,0.76286,0.79863,0.81549,0.79921
0.31843,0.2927,0.21057,0.3053,0.61512,0.68799,0.69591,0.56621,0.3361,0.42092,0.45803,0.33239,0.36955,0.30911,0.3363,0.42451,0.3297,0.19628,0.17923,0.30773,0.41091,0.3013,0.17561,0.43559,0.63189,0.29008,0.17131,0.31123,0.43217,0.50773,0.5446,0.58414,0.6051,0.6291,0.61898,0.52131,0.50485,0.50262,0.56032,0.80784,0.62577,0.55256,0.42042,0.18244,0.25089,0.19798,0.51416,0.33807,0.27424,0.57412,0.61609,0.59883,0.59101,0.58865,0.58223,0.57062,0.53074,0.60897,0.76995,0.763,0.79704,0.81168,0.80915,0.81256
0.31937,0.29761,0.24103,0.36104,0.62159,0.6821,0.69777,0.57491,0.35531,0.37978,0.41789,0.32659,0.35189,0.31671,0.31202,0.40648,0.42414,0.22102,0.24001,0.20446,0.31844,0.16904,0.31692,0.71481,0.44423,0.15178,0.20896,0.34973,0.43796,0.49912,0.53674,0.5749,0.59305,0.61282,0.61531,0.54144,0.46921,0.42057,0.49321,0.70279,0.59786,0.53638,0.29534,0.17849,0.26007,0.18987,0.4571,0.39571,0.37777,0.60268,0.61176,0.59229,0.58806,0.58264,0.57336,0.56285,0.53049,0.68723,0.77454,0.78757,0.80957,0.81317,0.81867,0.8143
0.30611,0.29664,0.26934,0.44375,0.63397,0.67254,0.70001,0.58176,0.33427,0.36248,0.44861,0.28162,0.31297,0.29112,0.30111,0.39837,0.47556,0.2902,0.36678,0.2075,0.32521,0.49989,0.48566,0.5216,0.19529,0.20895,0.22498,0.38525,0.4536,0.49691,0.52845,0.55978,0.57797,0.60636,0.61818,0.59409,0.54533,0.58978,0.67337,0.70258,0.5828,0.46724,0.19953,0.20799,0.29209,0.20862,0.38274,0.44922,0.4835,0.60685,0.60621,0.59179,0.58349,0.57844,0.57202,0.55266,0.54667,0.73078,0.78142,0.81185,0.8107,0.81832,0.82254,0.82172
0.28404,0.27559,0.25897,0.44987,0.63372,0.6739,0.70247,0.58841,0.32504,0.38996,0.45108,0.32238,0.32592,0.23741,0.27421,0.31769,0.3836,0.46187,0.27962,0.2836,0.55844,0.60112,0.43842,0.26188,0.18837,0.23011,0.2186,0.3781,0.44814,0.50248,0.52995,0.54996,0.55306,0.58085,0.59329,0.58685,0.60124,0.73491,0.77501,0.70071,0.56265,0.33254,0.17592,0.23131,0.29431,0.21344,0.31895,0.49794,0.54121,0.60473,0.60045,0.58524,0.58089,0.57149,0.56971,0.54278,0.56261,0.75408,0.80431,0.81746,0.8132,0.81702,0.82815,0.82886
0.24086,0.25504,0.25879,0.44353,0.6418,0.68588,0.70638,0.58231,0.35432,0.41802,0.42715,0.27077,0.26509,0.24171,0.34911,0.35022,0.32074,0.40272,0.35141,0.61721,0.68286,0.46398,0.31672,0.1972,0.20319,0.24269,0.21999,0.33385,0.41085,0.50268,0.51622,0.54665,0.55262,0.47519,0.48148,0.50805,0.49581,0.53705,0.56136,0.52403,0.49536,0.21096,0.19172,0.24382,0.29544,0.22785,0.27565,0.53363,0.56813,0.60629,0.59623,0.58222,0.57973,0.57408,0.56645,0.53518,0.57216,0.78082,0.82533,0.81857,0.81886,0.8266,0.83607,0.83437
0.2204,0.23878,0.27018,0.46176,0.64381,0.69694,0.70713,0.59438,0.41221,0.40667,0.43059,0.27141,0.21217,0.27107,0.42148,0.36797,0.37431,0.34171,0.49555,0.63468,0.56965,0.44215,0.19654,0.19038,0.20123,0.23588,0.23141,0.29311,0.36553,0.47187,0.49121,0.52674,0.56848,0.51501,0.45969,0.47865,0.54442,0.61124,0.57922,0.5507,0.33657,0.17472,0.19095,0.24057,0.29886,0.25147,0.2622,0.57019,0.59062,0.60757,0.59973,0.59274,0.58053,0.57379,0.56954,0.52789,0.59559,0.8187,0.83086,0.8254,0.82967,0.83518,0.83022,0.82326
0.20838,0.20908,0.27386,0.44419,0.62727,0.69962,0.70914,0.59402,0.32385,0.44472,0.33677,0.3209,0.22056,0.29008,0.48126,0.40129,0.36841,0.4459,0.50385,0.6297,0.5628,0.2362,0.2094,0.20481,0.20995,0.23799,0.23722,0.2697,0.30338,0.41227,0.46027,0.50395,0.54102,0.55327,0.51781,0.50054,0.51531,0.53921,0.57764,0.47864,0.19133,0.1916,0.20942,0.23865,0.31291,0.2671,0.26764,0.58631,0.59955,0.60682,0.60412,0.60195,0.59107,0.57507,0.56237,0.51066,0.60519,0.84768,0.8374,0.84193,0.83861,0.82024,0.81101,0.81281
0.19503,0.18919,0.32692,0.45784,0.60867,0.69366,0.70299,0.58325,0.32596,0.40253,0.31543,0.26551,0.22168,0.25563,0.44799,0.46852,0.42649,0.41338,0.41748,0.6157,0.30081,0.18337,0.21717,0.20342,0.20404,0.21268,0.22693,0.22961,0.24943,0.31092,0.41186,0.49158,0.53226,0.54881,0.56624,0.59148,0.62564,0.61955,0.58186,0.29033,0.17616,0.21532,0.21689,0.25043,0.33115,0.28226,0.26978,0.5912,0.60397,0.61305,0.60143,0.59745,0.59336,0.57472,0.55524,0.49421,0.61289,0.8625,0.84211,0.838,0.83223,0.82474,0.82613,0.83405
0.18744,0.18584,0.31214,0.46705,0.61434,0.68838,0.7011,0.58576,0.31069,0.34389,0.26857,0.27424,0.23169,0.23345,0.39445,0.32485,0.47476,0.48267,0.48166,0.35412,0.19705,0.20273,0.23161,0.21017,0.20786,0.19612,0.21657,0.22613,0.24295,0.23118,0.25397,0.39012,0.4771,0.5342,0.58758,0.64407,0.66115,0.64494,0.50112,0.20221,0.20756,0.23163,0.20893,0.27497,0.34578,0.29979,0.28544,0.59137,0.58815,0.59686,0.59273,0.59202,0.58729,0.56502,0.54323,0.48469,0.66707,0.86823,0.83084,0.83832,0.83294,0.82116,0.7659,0.61211
0.18644,0.1655,0.25203,0.43153,0.61755,0.6811,0.69222,0.56695,0.44593,0.39344,0.24414,0.26581,0.23392,0.19005,0.46401,0.34837,0.36224,0.46411,0.52712,0.4545,0.28919,0.18711,0.26009,0.21454,0.20657,0.19848,0.20039,0.2332,0.22746,0.26435,0.30901,0.39197,0.45764,0.50398,0.5618,0.61222,0.62916,0.62717,0.56893,0.31708,0.20967,0.20932,0.20367,0.28498,0.35516,0.31754,0.31777,0.57459,0.47184,0.48591,0.51773,0.54305,0.56643,0.5592,0.53133,0.48048,0.74159,0.84738,0.82454,0.82442,0.80086,0.5863,0.28253,0.19708
0.32042,0.21251,0.21546,0.33127,0.5916,0.67451,0.68271,0.62754,0.41106,0.32274,0.18888,0.2614,0.23881,0.26844,0.34701,0.42544,0.4117,0.41955,0.41598,0.43197,0.49476,0.24856,0.24651,0.22348,0.20658,0.19991,0.19827,0.22151,0.21804,0.25476,0.43795,0.50415,0.51307,0.53522,0.56043,0.56712,0.57268,0.6617,0.76904,0.7745,0.61293,0.34309,0.15703,0.27907,0.34235,0.306,0.33976,0.55923,0.49921,0.47841,0.44959,0.42654,0.43399,0.4533,0.45972,0.45074,0.75981,0.817,0.82016,0.81203,0.57635,0.23363,0.22013,0.31945
0.53369,0.42413,0.27678,0.254,0.56681,0.6727,0.68533,0.59451,0.47275,0.26476,0.1482,0.30866,0.29389,0.34229,0.25211,0.3715,0.38678,0.34396,0.4554,0.50839,0.39165,0.35401,0.2296,0.22403,0.21402,0.20495,0.21577,0.21851,0.25269,0.24503,0.4209,0.4831,0.50028,0.53798,0.5488,0.54704,0.59421,0.68049,0.74209,0.76841,0.81253,0.81033,0.51173,0.23801,0.29741,0.27857,0.33423,0.57443,0.56683,0.54856,0.5252,0.48478,0.4337,0.38431,0.43394,0.39398,0.7428,0.8294,0.82278,0.57071,0.25655,0.28332,0.34021,0.34244
0.51041,0.58976,0.42103,0.25326,0.57035,0.68871,0.68155,0.64376,0.50907,0.1881,0.19237,0.25292,0.27977,0.25788,0.25389,0.28896,0.27939,0.30396,0.4376,0.5333,0.40804,0.44011,0.26128,0.22112,0.22624,0.2121,0.2302,0.23185,0.32643,0.25435,0.42069,0.48049,0.52013,0.54674,0.5479,0.56459,0.61941,0.66182,0.70296,0.73145,0.76667,0.80975,0.85975,0.57319,0.21612,0.25106,0.34462,0.5816,0.57835,0.56356,0.55544,0.53865,0.50888,0.4726,0.48408,0.51396,0.80941,0.84414,0.73915,0.30821,0.31938,0.37003,0.39947,0.36125
0.29129,0.61538,0.55158,0.26289,0.57154,0.69902,0.69502,0.62875,0.41255,0.15861,0.21316,0.21219,0.21334,0.29974,0.19543,0.25653,0.2972,0.32095,0.37292,0.48934,0.50051,0.37693,0.37354,0.191,0.22684,0.1992,0.22999,0.21218,0.3935,0.27465,0.39873,0.51137,0.53017,0.54754,0.55179,0.57326,0.60765,0.6401,0.67477,0.70895,0.7495,0.78882,0.82521,0.87066,0.41337,0.16817,0.36316,0.58008,0.574,0.56358,0.55568,0.54547,0.52627,0.49458,0.51774,0.6569,0.84358,0.84137,0.56568,0.31913,0.38122,0.41822,0.38123,0.39695
0.17776,0.58593,0.59266,0.24078,0.56518,0.7023,0.70379,0.61957,0.39805,0.17692,0.20908,0.17704,0.26242,0.31034,0.19559,0.23098,0.25364,0.36417,0.34594,0.46516,0.48705,0.32903,0.41952,0.19976,0.24846,0.20098,0.21181,0.22895,0.41273,0.2942,0.40907,0.51782,0.53168,0.54101,0.55106,0.57192,0.59333,0.62372,0.66124,0.69852,0.73686,0.78285,0.8187,0.8653,0.73193,0.15311,0.38733,0.59115,0.57748,0.56543,0.54808,0.5316,0.51193,0.49739,0.68116,0.8034,0.85154,0.78133,0.42514,0.36104,0.4267,0.38803,0.37783,0.40422
0.14552,0.54446,0.60546,0.2377,0.5602,0.70503,0.70503,0.62818,0.34461,0.19024,0.17911,0.17856,0.34073,0.26551,0.21009,0.19366,0.19775,0.2896,0.35785,0.4648,0.51136,0.50302,0.3859,0.21947,0.23124,0.21168,0.20175,0.31197,0.47936,0.31975,0.42637,0.52731,0.53972,0.53558,0.54238,0.56191,0.58254,0.61461,0.64459,0.68571,0.72925,0.77461,0.81384,0.83686,0.86573,0.29957,0.40594,0.59379,0.5701,0.55903,0.54477,0.52258,0.48525,0.57261,0.83829,0.83287,0.85323,0.63996,0.36874,0.39108,0.43253,0.37092,0.40445,0.37742
0.13221,0.51534,0.63024,0.26226,0.54896,0.69853,0.6906,0.62152,0.34967,0.17559,0.18107,0.21968,0.25625,0.25324,0.21377,0.18735,0.21874,0.24388,0.31775,0.50876,0.41024,0.37545,0.32962,0.3265,0.30486,0.21476,0.21856,0.40353,0.49679,0.31864,0.45813,0.52854,0.54804,0.53925,0.53236,0.55013,0.57212,0.60327,0.62996,0.66716,0.71769,0.76455,0.80143,0.82553,0.87419,0.50974,0.43151,0.59198,0.5624,0.54846,0.54557,0.52619,0.48199,0.63002,0.83812,0.83644,0.7993,0.51488,0.39614,0.40613,0.3903,0.38298,0.39158,0.34764
0.13554,0.4577,0.6404,0.29663,0.53784,0.69964,0.69966,0.63447,0.36705,0.17305,0.20385,0.22599,0.21307,0.22918,0.21223,0.20331,0.22837,0.27318,0.32724,0.45371,0.40243,0.34338,0.20914,0.23288,0.25365,0.19761,0.27685,0.4567,0.47131,0.32929,0.50349,0.54571,0.55226,0.54395,0.53293,0.5422,0.56442,0.59105,0.61954,0.64992,0.69521,0.75133,0.7895,0.81704,0.85094,0.70315,0.49353,0.56975,0.56735,0.56517,0.55605,0.53083,0.51117,0.58441,0.73914,0.84316,0.71934,0.44699,0.39017,0.36961,0.35416,0.3941,0.36736,0.36959
0.1322,0.41041,0.64506,0.33804,0.52211,0.69202,0.69782,0.62821,0.40387,0.18868,0.21177,0.1945,0.22434,0.23878,0.22157,0.19695,0.22974,0.3019,0.31013,0.2925,0.30204,0.45143,0.22974,0.19187,0.17875,0.19603,0.3556,0.48674,0.3878,0.37122,0.5344,0.55136,0.56113,0.5519,0.54033,0.53944,0.56149,0.58409,0.604,0.63418,0.67611,0.72992,0.77619,0.81443,0.83636,0.83152,0.50337,0.37247,0.44512,0.51168,0.54371,0.55227,0.57833,0.53621,0.6251,0.85528,0.63072,0.38432,0.36197,0.33002,0.38384,0.37095,0.37608,0.31124
0.12243,0.37774,0.68799,0.37854,0.50107,0.6852,0.70333,0.61787,0.38447,0.20323,0.17727,0.21228,0.22208,0.23398,0.22328,0.18526,0.20189,0.29807,0.45944,0.32067,0.31877,0.24333,0.18794,0.17565,0.16479,0.26959,0.43985,0.45464,0.27962,0.47058,0.53677,0.54966,0.55713,0.55607,0.54418,0.53319,0.54814,0.57071,0.59416,0.62327,0.65704,0.70724,0.76136,0.80547,0.82865,0.86602,0.52079,0.31266,0.32106,0.30782,0.31048,0.36564,0.54064,0.6071,0.72305,0.81675,0.44509,0.29128,0.32882,0.36666,0.37127,0.37363,0.37536,0.23779
0.2712,0.42095,0.70733,0.44303,0.49721,0.68688,0.71002,0.60367,0.36593,0.18879,0.19985,0.20178,0.20407,0.23067,0.23501,0.18775,0.19415,0.20386,0.34968,0.49349,0.38003,0.18917,0.17379,0.158,0.20051,0.3746,0.46545,0.29134,0.35978,0.53166,0.54031,0.54468,0.55285,0.56203,0.55259,0.53926,0.54127,0.55335,0.58024,0.60758,0.63867,0.68632,0.74292,0.78946,0.81834,0.85644,0.66966,0.37393,0.4029,0.33807,0.24281,0.14366,0.47181,0.74503,0.79353,0.61233,0.25229,0.27636,0.34938,0.37888,0.32745,0.40061,0.34432,0.22984
0.35378,0.49758,0.69582,0.49295,0.49745,0.68782,0.71815,0.59752,0.34666,0.18224,0.19713,0.20195,0.19496,0.23437,0.2588,0.21763,0.23096,0.2472,0.25972,0.4007,0.32895,0.18111,0.16513,0.171,0.29365,0.3739,0.29169,0.32527,0.49526,0.52629,0.54195,0.54669,0.55117,0.561,0.56207,0.55227,0.54619,0.54689,0.56622,0.59158,0.62647,0.66044,0.71231,0.76775,0.80839,0.83888,0.78232,0.38927,0.41036,0.38843,0.33847,0.2605,0.50513,0.80277,0.58022,0.27674,0.24538,0.32271,0.38764,0.30163,0.35865,0.41856,0.31644,0.25604
0.26094,0.42956,0.66387,0.51624,0.49479,0.68691,0.72213,0.60706,0.2701,0.17927,0.21337,0.2257,0.21428,0.25405,0.27782,0.33391,0.24192,0.26042,0.29047,0.42181,0.3049,0.17238,0.1697,0.1895,0.2601,0.30659,0.40468,0.48893,0.50339,0.51848,0.53508,0.54274,0.55129,0.56153,0.57268,0.56548,0.55488,0.55079,0.55896,0.58262,0.61298,0.6491,0.69516,0.74373,0.78945,0.82586,0.84221,0.45591,0.36622,0.41248,0.40059,0.40941,0.48498,0.53519,0.31997,0.29233,0.31613,0.39611,0.30711,0.29531,0.43667,0.40073,0.26848,0.23103
0.20997,0.32826,0.7074,0.62293,0.50572,0.68702,0.72759,0.56613,0.22718,0.19034,0.21331,0.2379,0.23465,0.26308,0.24365,0.388,0.28482,0.27635,0.28334,0.33699,0.32095,0.16746,0.18687,0.29722,0.41071,0.45925,0.49108,0.49949,0.50615,0.51461,0.53024,0.53765,0.54861,0.55482,0.56742,0.57234,0.57281,0.56692,0.56918,0.58283,0.60205,0.63849,0.67881,0.7208,0.76576,0.80808,0.84927,0.56377,0.33196,0.42055,0.45464,0.46326,0.43404,0.39308,0.41372,0.35666,0.36282,0.31426,0.28455,0.40245,0.45889,0.3246,0.22403,0.21833
0.18776,0.2833,0.74754,0.70018,0.521,0.68232,0.7232,0.54091,0.21129,0.19442,0.23133,0.26665,0.25999,0.32656,0.26313,0.33148,0.33623,0.30845,0.24137,0.25405,0.32786,0.27356,0.27607,0.39191,0.45343,0.47667,0.49303,0.4988,0.50972,0.51535,0.52848,0.53211,0.54151,0.55259,0.56709,0.56842,0.57501,0.58371,0.58145,0.59126,0.60895,0.63616,0.66135,0.70424,0.75242,0.78917,0.83314,0.69954,0.34556,0.38441,0.45525,0.49281,0.471,0.50313,0.43777,0.34721,0.3317,0.32252,0.37448,0.4966,0.36892,0.2097,0.22354,0.34783
