0.0060586,0.0060586,0.0060586,0.0060586,0.0060586,0.0060586,0.0060586,0.0060586,0.0060586,0.0060586,0.0060586,0.0060586,0.0060586,0.0060586,0.0060586,0.0060586,0.0060586,0.0060586,0.0060586,0.0060586,0.0060586,0.0060586,0.0060586,0.0060586,0.0060586,0.0060586,0.0060586,0.0060586,0.0060588,0.0060578,0.0060269,0.0060224,0.0060415,0.0060544,0.0060217,0.00602,0.0060566,0.006059,0.0060586,0.0060586,0.0060586,0.0060586,0.0060586,0.0060586,0.0060586,0.0060586,0.0060586,0.0060586,0.0060586,0.0060586,0.0060586,0.0060586,0.0060586,0.0060586,0.0060586,0.0060586,0.0060586,0.0060586,0.0060586,0.0060586,0.0060586,0.0060586,0.0060586,0.0060586
-0.00013423,-0.00013423,-0.00013423,-0.00013423,-0.00013423,-0.00013423,-0.00013423,-0.00013423,-0.00013423,-0.00013423,-0.00013423,-0.00013423,-0.00013423,-0.00013423,-0.00013423,-0.00013423,-0.00013423,-0.00013423,-0.00013423,-0.00013423,-0.00013423,-0.00013423,-0.00013423,-0.00013423,-0.00013423,-0.00013423,-0.00013423,-0.00013423,-0.0001365,-0.00012586,0.00035344,-0.0027741,-0.014283,-0.016816,-0.0045456,0.00046639,-0.00011147,-0.00013751,-0.00013423,-0.00013423,-0.00013423,-0.00013423,-0.00013423,-0.00013423,-0.00013423,-0.00013423,-0.00013423,-0.00013423,-0.00013423,-0.00013423,-0.00013423,-0.00013423,-0.00013423,-0.00013423,-0.00013423,-0.00013423,-0.00013423,-0.00013423,-0.00013423,-0.00013423,-0.00013423,-0.00013423,-0.00013423,-0.00013423
-4.2035e-05,-4.2035e-05,-4.2035e-05,-4.2035e-05,-4.2035e-05,-4.2035e-05,-4.2035e-05,-4.2035e-05,-4.2035e-05,-4.2035e-05,-4.2035e-05,-4.2035e-05,-4.2035e-05,-4.2035e-05,-4.2035e-05,-4.2035e-05,-4.2035e-05,-4.2035e-05,-4.2035e-05,-4.2035e-05,-4.2035e-05,-4.2035e-05,-4.2035e-05,-4.2035e-05,-4.2035e-05,-4.2035e-05,-4.2035e-05,-4.204e-05,-6.8866e-05,0.00026396,-6.5067e-05,0.0055758,0.096364,0.12115,0.015932,-0.0044932,0.00040012,-7.713e-05,-4.1525e-05,-4.2025e-05,-4.2035e-05,-4.2035e-05,-4.2035e-05,-4.2035e-05,-4.2035e-05,-4.2035e-05,-4.2035e-05,-4.2035e-05,-4.2035e-05,-4.2035e-05,-4.2035e-05,-4.2035e-05,-4.2035e-05,-4.2035e-05,-4.2035e-05,-4.2035e-05,-4.2035e-05,-4.2035e-05,-4.2035e-05,-4.2035e-05,-4.2035e-05,-4.2035e-05,-4.2035e-05,-4.2035e-05
-1.2052e-08,-1.2052e-08,-1.2052e-08,-1.2052e-08,-1.2052e-08,-1.2052e-08,-1.2052e-08,-1.2052e-08,-1.2052e-08,-1.2052e-08,-1.2052e-08,-1.2052e-08,-1.2052e-08,-1.2052e-08,-1.2052e-08,-1.2052e-08,-1.2052e-08,-1.2052e-08,-1.2052e-08,-1.2052e-08,-1.2052e-08,-1.2052e-08,-1.2052e-08,-1.2052e-08,-1.2052e-08,-1.2052e-08,-1.1895e-08,-2.057e-08,-3.3545e-05,-0.00062412,-0.021025,0.38659,0.91484,0.93983,0.52248,0.0080661,-0.0040909,8.6705e-05,-5.0635e-06,3.3778e-08,-1.8595e-08,-1.7837e-08,-1.6353e-08,-1.9573e-08,-2.1745e-08,-2.4096e-08,-1.2779e-08,-1.1894e-08,-1.2052e-08,-1.2052e-08,-1.2052e-08,-1.2052e-08,-1.2052e-08,-1.2052e-08,-1.2052e-08,-1.2052e-08,-1.2052e-08,-1.2052e-08,-1.2052e-08,-1.2052e-08,-1.2052e-08,-1.2052e-08,-1.2052e-08,-1.2052e-08
0,0,0,0,0,0,0,0,0,0,0,0,0,0,0,0,0,0,0,0,0,0,0,0,0,1.3271e-10,5.6391e-07,-2.8922e-06,-7.096e-05,-0.012034,0.092837,0.69369,1.0329,1.0314,0.91809,0.22219,-0.022451,0.0011038,8.752e-06,-1.1336e-05,-2.5472e-05,-2.9374e-05,-1.1845e-05,-1.8015e-05,-3.453e-05,-5.4915e-05,-3.1821e-06,6.2944e-07,1.3094e-10,0,0,0,0,0,0,0,0,0,0,0,0,0,0,0
0,0,0,0,0,0,0,0,0,0,0,0,0,0,0,0,0,7.4076e-14,2.6282e-10,-1.6361e-09,-1.2127e-08,-1.6864e-08,-4.8257e-09,-9.9675e-09,-8.8911e-09,-1.2057e-08,-4.5158e-06,2.4871e-05,0.00028382,-0.01259,0.12957,0.6573,1.0453,0.92423,0.93694,0.49727,-0.026016,-0.00084724,0.0001931,-3.8695e-06,0.00016497,-0.00017799,-0.0077795,-0.010184,-0.0027144,0.00060776,2.2764e-05,-4.0557e-06,-3.8454e-09,3.9732e-10,1.1112e-13,0,0,0,0,0,0,0,0,0,0,0,0,0
0,0,0,0,0,0,0,0,0,0,0,0,0,0,0,0,0,2.6556e-10,9.5482e-07,-6.0603e-06,-4.3628e-05,-6.8502e-05,-1.3369e-06,-6.7701e-06,2.1823e-05,-2.3509e-05,-7.5086e-05,4.7197e-06,0.001893,-0.0091407,0.074654,0.75491,0.8756,0.6646,0.55393,0.84161,0.1349,-0.030152,-0.0012513,0.00057423,-0.0061476,-0.011411,0.046042,0.066353,0.0058529,-0.0071156,0.000741,-7.4776e-05,-1.0358e-05,1.4084e-06,3.9659e-10,0,0,0,0,0,0,0,0,0,0,0,0,0
0,0,0,0,0,0,0,0,0,0,0,0,0,0,0,7.4076e-14,2.6561e-10,-4.0995e-09,-6.5966e-06,4.253e-05,0.00036612,-0.0009646,-0.015114,-0.022235,-0.025534,-0.013026,-0.0063616,-0.013806,-0.021573,0.023064,0.42703,0.98478,0.59095,0.50728,0.50701,1.0563,0.68638,0.14753,0.0030214,-0.032873,0.054627,0.23693,0.56104,0.61903,0.37271,0.077502,-0.022361,0.00043787,0.00016673,-1.1788e-05,-8.0644e-09,-5.8866e-09,-1.1626e-10,2.4028e-11,-8.2593e-17,0,0,0,0,0,0,0,0,0
0,0,0,0,0,0,0,0,0,0,0,0,0,0,0,2.6349e-10,9.8033e-07,-7.3187e-06,2.3051e-05,0.00011201,-0.013229,-0.011801,0.13623,0.24667,0.27802,0.11296,0.045158,0.11453,0.14764,0.43346,0.85839,1.0775,0.59634,0.2929,0.48455,1.0117,0.9808,0.58237,0.31087,0.46008,0.50412,0.41039,0.54651,0.71026,0.4645,0.36988,0.13968,-0.02813,-0.00062541,8.0104e-05,-2.2113e-05,-2.3716e-05,-2.0214e-06,2.6684e-07,5.0084e-11,0,0,0,0,0,0,0,0,0
0,0,0,0,0,0,0,0,0,0,0,0,0,-1.1012e-16,-3.8574e-12,-1.1225e-09,-5.5158e-06,7.8053e-05,-0.00020756,-0.014353,0.13695,0.4732,0.69816,0.87259,0.81476,0.57695,0.52432,0.55281,0.20342,0.66337,0.95833,0.79428,0.58503,0.23117,0.090389,0.18909,0.69712,0.57162,0.33827,0.71419,0.5016,0.43498,0.30868,0.30659,0.27056,0.38693,0.77394,0.36197,-0.030984,-0.005301,0.00055307,0.00010405,2.3217e-05,-2.2284e-06,-4.3122e-10,0,0,0,0,0,0,0,0,0
0,0,0,0,0,0,0,0,0,0,0,0,0,1.0286e-10,3.5523e-07,-2.1784e-06,-5.7531e-05,0.00081891,-0.025683,0.17328,0.62663,0.58327,0.56267,0.58167,0.5239,0.46826,0.44638,0.51586,0.021465,0.33683,0.2855,0.0042802,0.14001,0.13402,0.0013342,-0.044276,0.1958,0.40673,0.14936,0.53943,0.4046,0.44763,0.38182,0.31803,0.32194,0.33665,0.77503,0.80324,0.22039,0.002302,-0.0049638,0.0023228,0.00020938,-3.2848e-05,-8.6772e-09,0,0,0,0,0,0,0,0,0
0,0,0,0,0,0,0,0,0,0,0,0,-2.2326e-12,-2.1016e-10,-1.8026e-06,1.2951e-05,0.00050553,-0.018471,0.15839,0.61702,0.47833,0.42534,0.51365,0.48096,0.46892,0.46797,0.39095,0.53692,0.13457,0.22248,0.18306,-0.041495,0.16978,0.3864,0.0098509,-0.0023155,0.045563,0.26789,0.086452,0.48308,0.40215,0.45349,0.4348,0.33907,0.35223,0.34919,0.67367,0.84599,0.91964,0.50648,-0.012406,-0.0022252,0.00020269,-1.0606e-05,9.1848e-10,-5.195e-12,0,0,0,0,0,0,0,0
0,0,0,0,0,0,0,0,0,0,0,-2.1956e-12,-1.5874e-08,1.3623e-06,-7.8853e-05,0.00056737,-0.0050614,0.038953,0.41387,0.67943,0.47807,0.3679,0.47863,0.50244,0.49052,0.46039,0.38726,0.49427,0.13394,0.15565,0.18062,-0.020357,0.2302,0.39246,0.067008,0.0050715,-0.0054351,0.21568,0.15184,0.36633,0.42513,0.44019,0.46171,0.3591,0.33565,0.44163,0.69685,0.80394,1.0324,0.98493,0.31199,-0.02541,-0.00094495,-1.3306e-05,2.3743e-06,-2.3599e-08,-4.983e-13,0,0,0,0,0,0,0
0,0,0,0,0,0,0,0,0,0,0,5.2225e-10,1.9412e-06,-2.5877e-05,7.5322e-05,-0.00012216,-0.028255,0.41186,0.83692,0.70747,0.56402,0.35133,0.42995,0.47256,0.48177,0.42705,0.39927,0.42233,0.26658,0.089948,0.086077,-0.006796,0.17589,0.60814,0.2898,0.021737,-0.013847,0.17897,0.28617,0.33355,0.20718,0.57029,0.57116,0.51033,0.38717,0.47766,0.47324,0.82716,1.0172,1.0177,0.87,0.2069,-0.029014,6.4557e-05,1.9109e-05,2.0397e-06,-3.3247e-10,7.7912e-11,-8.2595e-17,0,0,0,0,0
0,0,0,0,0,0,0,0,0,0,0,-6.0551e-09,-2.1382e-05,0.000151,0.00099785,-0.019918,0.15345,0.86517,1.0398,0.83426,0.65861,0.57064,0.46674,0.49304,0.49361,0.50032,0.35976,0.20402,0.46648,0.054799,0.0079563,-0.020172,0.15132,0.81761,0.32868,0.047905,-0.006686,-0.0026754,0.33343,0.50946,0.027531,0.51958,0.38159,0.21399,0.10832,0.30068,0.31062,0.93794,0.98608,0.99233,0.8033,0.50993,0.13148,-0.015112,0.0004138,-5.8774e-05,-1.9897e-06,2.7613e-07,-7.5902e-13,0,0,0,0,0
0,0,0,0,0,0,0,0,0,0,1.6045e-15,-1.2224e-08,-4.5266e-05,0.00030095,0.00057213,-0.026238,0.5276,1.0253,1.0055,0.99057,0.65928,0.4705,0.35199,0.44394,0.54854,0.57995,0.18918,0.16854,0.62353,0.088812,-0.0038008,-0.022055,0.1901,0.88494,0.40392,0.087459,-0.0096713,-0.026895,0.36452,0.56572,0.11623,0.49362,0.032703,0.029434,0.52277,0.6988,0.88491,0.92748,0.84772,0.88615,0.3976,0.21777,0.5814,0.10174,-0.014932,0.00048659,1.9636e-06,-4.4053e-07,4.8609e-10,0,0,0,0,0
0,0,0,0,0,0,0,0,0,2.8955e-16,-1.7919e-09,4.0329e-07,-5.1258e-05,0.00058968,-0.018582,0.15655,0.78553,1.0088,0.98196,1.0208,0.84972,0.21373,0.21122,0.02081,0.046294,0.29032,0.37472,0.13883,0.65711,0.34672,-0.0082353,-0.01414,0.094937,0.82453,0.46608,0.099489,-0.012982,-0.028027,0.36475,0.57516,0.31728,0.40334,-0.0078026,0.41875,0.89648,1.0285,0.77121,0.69606,0.79212,0.74989,0.13061,-0.02116,0.41159,0.47106,0.0041192,-0.0011276,0.00012248,-2.295e-05,-4.3924e-09,0,0,0,0,0
0,0,0,0,0,0,0,0,0,-9.6264e-13,4.7799e-07,-7.7317e-06,-7.4429e-05,-0.0019078,-0.0058024,0.47813,0.58745,0.86214,0.74978,0.83186,0.95167,0.82092,0.66471,0.46005,0.015964,0.024878,0.55217,0.35436,0.50609,0.45222,0.0053027,-0.0043524,-0.019403,0.68076,0.82521,0.11731,-0.015926,-0.027005,0.31125,0.54194,0.39631,0.12599,0.23398,0.81636,1.0076,0.99685,0.87396,0.83279,0.77229,0.45117,-0.0053221,-0.010613,0.028589,0.43439,0.20768,-0.013605,0.00056992,-7.8884e-05,-2.1774e-08,-1.9738e-13,-5.5062e-17,0,0,0
0,0,0,0,0,0,0,0,0,3.5899e-10,-2.7291e-06,-3.258e-05,0.0015073,-0.020735,0.2202,0.4759,0.16509,0.66906,0.71371,0.72768,0.69621,1.0137,1.0115,0.90191,0.51995,0.013088,0.28229,0.53424,0.31104,0.55346,0.061451,-0.007975,-0.0053258,0.21464,0.31945,0.035621,-0.0053907,-0.023796,0.3845,0.44915,0.26278,0.066562,0.68636,1.0162,0.9949,1.0045,0.94894,0.83143,0.84787,0.62767,0.23328,0.0067124,-0.0094782,0.065869,0.32331,0.047579,-0.0061668,-9.3973e-06,-1.7016e-06,1.8635e-07,5.1952e-11,0,0,0
0,0,0,0,0,0,0,0,0,-3.2789e-09,-2.2279e-05,0.00016095,-0.0015043,0.010052,0.41811,0.20666,-0.013386,0.50152,0.65696,0.76697,0.80503,0.98231,1.0109,1.0208,1.0128,0.52533,0.25311,0.55318,0.42352,0.57107,0.086966,-0.0018865,0.0032056,-0.019025,0.059356,0.1018,-0.01168,0.0022331,0.68517,0.4167,0.21433,0.51865,0.95654,0.76078,0.72415,0.83515,0.98096,0.96094,0.78492,0.79351,0.83144,0.25623,-0.02294,-0.014669,0.18213,0.1963,-0.015134,-9.3126e-05,2.1776e-05,-1.6326e-06,-4.4321e-10,0,0,0
0,0,0,0,0,0,0,0,0,-3.7059e-09,-1.6719e-05,0.00021954,-0.012705,0.1422,0.32616,0.0072237,0.08315,0.55179,0.72395,0.75932,0.86951,0.98996,0.91463,0.82916,0.873,0.98667,0.51579,0.20213,0.4715,0.75465,0.42526,-0.012596,-0.00095788,-0.0010405,0.0069849,0.021036,-0.0024117,-0.024416,0.42508,0.50169,0.54247,0.9662,0.72583,0.54529,0.63741,0.66642,0.73623,0.88392,0.97292,0.80862,0.72157,0.64298,0.07025,-0.016256,0.038671,0.32929,0.020192,-0.0015888,0.00012043,-2.455e-05,-6.9681e-09,0,0,0
0,0,0,0,0,0,0,-2.7511e-17,2.2476e-11,-1.3187e-08,-5.2417e-05,-0.003225,0.023318,0.34161,0.096679,0.022011,0.51293,0.64832,0.78058,0.79927,0.94606,0.72364,0.63301,0.62853,0.66232,0.70607,0.89922,0.7614,0.53694,0.63775,0.30854,-0.032479,0.00096467,6.8122e-05,-0.0010831,-0.0022408,0.00026079,-0.052979,0.36748,0.72222,0.66829,0.72336,0.62736,0.59692,0.62003,0.62677,0.64432,0.61874,0.80151,0.99447,0.83146,0.9076,0.45632,0.01747,-0.0054835,0.20908,0.080253,-0.006912,-7.3346e-05,-2.7948e-06,-1.0631e-09,0,0,0
0,0,0,0,0,0,0,-2.3506e-12,8.9711e-08,-3.6376e-08,-5.8034e-05,-0.014552,0.14073,0.29686,-0.039108,0.2819,0.79489,0.77852,0.8461,0.94907,0.75363,0.60233,0.62243,0.64053,0.63163,0.56173,0.60644,0.82803,0.67961,0.86026,0.60319,-0.0060725,-0.025147,0.0028842,0.00030974,0.00022045,-0.01739,0.18569,0.46639,0.84165,0.69149,0.6038,0.62732,0.62191,0.61974,0.62172,0.65105,0.65044,0.63596,0.81459,1.0062,0.84961,0.86636,0.18981,-0.022025,0.11299,0.17984,-0.009939,0.00028986,-5.3074e-05,-1.3673e-08,0,0,0
0,0,0,0,0,0,0,3.6684e-10,3.8782e-07,-7.4821e-06,0.00028003,-0.015345,0.19687,0.1564,0.057503,0.68892,0.75745,0.80502,1.0125,0.74964,0.57279,0.60445,0.59535,0.65943,0.59052,0.53587,0.58588,0.6321,0.94244,1.0224,0.95225,0.66605,0.20903,-0.023499,-0.019217,-0.050653,0.19002,0.81665,0.89157,0.97014,0.64188,0.62166,0.59857,0.62478,0.63707,0.60613,0.61286,0.65359,0.67681,0.70622,0.97471,0.88171,0.8359,0.51148,-0.0023894,0.055496,0.25176,-0.00019636,-0.00074268,-3.0433e-05,-5.7881e-09,0,0,0
0,0,0,0,0,0,0,-4.951e-09,-2.0125e-05,0.00012154,-4.2695e-05,0.0074296,0.27414,0.17021,0.35781,0.89643,0.83916,1.0009,0.85198,0.60664,0.59861,0.5924,0.59352,0.62587,0.61336,0.55929,0.58709,0.55695,0.77763,1.007,0.97272,0.88584,0.91518,0.3659,0.1463,0.31055,0.81712,0.825,0.93444,0.93371,0.57525,0.60709,0.58725,0.58519,0.62098,0.60454,0.59655,0.64456,0.6603,0.66314,0.9059,1.0164,0.82188,0.69865,0.09407,0.019621,0.25459,0.021923,-0.0027975,-1.4842e-05,-2.5798e-09,0,0,0
0,0,0,0,0,0,0,-1.8333e-09,-1.2902e-05,6.5128e-05,-0.0069503,0.068955,0.34624,0.17193,0.65192,0.91073,0.98753,0.92011,0.64119,0.6216,0.61267,0.58541,0.5948,0.61242,0.61514,0.59418,0.59678,0.58705,0.61711,0.83753,0.89062,0.73307,0.76673,0.75681,0.47559,0.70498,0.79277,0.75374,0.87787,0.6098,0.45457,0.61523,0.6231,0.57355,0.57952,0.59506,0.61063,0.61525,0.65435,0.66258,0.77467,1.0115,0.95115,0.7509,0.3248,0.32063,0.24208,0.043361,-0.0049545,-1.4589e-05,-2.6107e-09,0,0,0
0,0,0,0,0,0,0,-9.3994e-09,-3.8447e-05,0.00031169,-0.011606,0.15383,0.25864,0.20582,0.80473,0.91122,1.0145,0.75529,0.58722,0.6571,0.62756,0.59306,0.58268,0.59395,0.58238,0.61046,0.61809,0.62223,0.59616,0.66608,0.75813,0.70528,0.68891,0.62959,0.41764,0.59192,0.70877,0.6766,0.6466,0.54199,0.58283,0.62811,0.61983,0.57942,0.58385,0.58642,0.58356,0.61898,0.65878,0.69622,0.62254,0.86205,1.0078,0.83496,0.34926,0.4403,0.1763,0.047783,-0.0050772,-5.9468e-05,-1.5093e-08,0,0,0
0,0,0,0,0,0,0,-9.1485e-09,-3.3562e-05,-0.00048873,-0.0026969,0.23552,0.2152,0.43335,0.89804,0.96938,0.95285,0.65188,0.60585,0.63163,0.63495,0.58354,0.59342,0.60319,0.59153,0.59663,0.58939,0.6162,0.61137,0.62066,0.64304,0.67762,0.79244,0.7172,0.60379,0.69741,0.94988,0.73477,0.5649,0.62211,0.6022,0.58889,0.59516,0.57805,0.58148,0.58743,0.58881,0.63285,0.64727,0.67574,0.66497,0.60233,0.91958,0.94459,0.58707,0.084467,0.12476,0.033382,-0.0039021,-4.1176e-05,-1.2969e-08,1.2757e-10,3.7038e-14,0
0,0,0,0,0,0,0,-5.6413e-09,-2.1575e-05,-0.0028418,0.020774,0.25626,0.35628,0.61553,0.93111,1.0043,0.76608,0.62086,0.62669,0.64447,0.60285,0.571,0.57447,0.57356,0.58983,0.60084,0.61127,0.58353,0.62166,0.66886,0.53622,0.62368,0.71449,0.18194,0.28438,0.90824,1.0175,0.6654,0.52612,0.60702,0.56259,0.60224,0.5731,0.57477,0.56412,0.60944,0.612,0.6084,0.62118,0.65291,0.69037,0.65763,0.88708,0.97546,0.83566,0.21528,0.26363,0.054877,-0.0069147,-1.1825e-05,-2.3089e-06,4.4518e-07,1.3112e-10,0
0,0,0,0,0,0,0,9.707e-10,5.3108e-06,-0.0077193,0.062973,0.26134,0.52962,0.83336,0.95059,0.89449,0.62616,0.6159,0.61292,0.61502,0.59372,0.59164,0.59604,0.58832,0.56706,0.60794,0.6202,0.60331,0.60761,0.64958,0.58372,0.55619,0.62831,0.54125,0.41724,0.7211,0.6231,0.47075,0.53574,0.6329,0.56753,0.57877,0.56445,0.56577,0.60184,0.64462,0.62313,0.60295,0.62815,0.66449,0.68348,0.743,0.96113,0.98255,0.82884,0.57641,0.54027,0.19921,-0.011768,-0.00020188,3.3423e-06,-1.7307e-06,-1.7855e-09,1.0377e-10
0,0,0,0,0,0,0,-6.2453e-09,-1.3453e-05,-0.01287,0.1058,0.46383,0.47783,0.87539,0.99668,0.94077,0.71893,0.65054,0.63365,0.62882,0.59446,0.59482,0.59855,0.61443,0.56092,0.57279,0.58371,0.60571,0.58539,0.63324,0.54884,0.42142,0.37575,0.44245,0.55172,0.42911,0.38523,0.39031,0.4887,0.61772,0.57674,0.58704,0.56681,0.53679,0.59441,0.61957,0.63599,0.62174,0.64767,0.67958,0.66743,0.65536,0.89852,1.0075,0.824,0.68976,0.5942,0.32558,-0.030271,0.00044913,0.00043463,-8.7533e-05,-3.9029e-06,4.526e-07
0,0,0,0,0,0,-1.7307e-12,-3.5077e-09,8.0133e-06,-0.012602,0.1144,0.44542,0.63458,0.92487,1.0114,0.91879,0.69875,0.64956,0.65769,0.62388,0.58191,0.60118,0.60885,0.61841,0.58826,0.59458,0.5842,0.59964,0.60099,0.61005,0.5018,0.49318,0.50417,0.54064,0.62338,0.56306,0.57364,0.52415,0.44761,0.65519,0.60363,0.59054,0.59623,0.57229,0.56979,0.61078,0.61608,0.59343,0.59639,0.64909,0.67598,0.65319,0.73994,0.98084,0.94771,0.81925,0.55387,0.35777,0.25823,-0.0073272,-0.0034763,0.0005538,2.8345e-05,-2.864e-06
0,0,0,0,0,-4.6356e-13,-9.0778e-09,5.8637e-07,-0.00043961,-0.003789,0.15253,0.41672,0.77027,0.96227,1.012,0.82913,0.65832,0.66133,0.64748,0.58568,0.6015,0.61657,0.63175,0.61024,0.58505,0.5955,0.58519,0.57999,0.6061,0.61696,0.53711,0.59794,0.58092,0.59349,0.58811,0.56637,0.57834,0.56553,0.5414,0.6339,0.61091,0.54438,0.58715,0.57985,0.58283,0.61779,0.61899,0.61474,0.59968,0.61996,0.66876,0.68903,0.6865,0.95232,0.9903,0.84187,0.74335,0.56507,0.43657,0.35308,0.0085137,0.00018091,0.00024593,-3.9975e-05
0,0,0,0,0,3.5451e-10,1.3325e-06,-1.5711e-05,-0.0040146,0.016619,0.42868,0.68205,0.85664,0.98322,1.0001,0.76306,0.66089,0.66232,0.60676,0.58654,0.62247,0.62369,0.6213,0.59364,0.57808,0.61176,0.57998,0.55271,0.62962,0.64903,0.5766,0.55359,0.57135,0.59847,0.5879,0.58083,0.5673,0.5636,0.56544,0.58267,0.65519,0.57766,0.59268,0.59229,0.58381,0.60417,0.61856,0.63237,0.63317,0.61591,0.65819,0.71035,0.74466,0.93643,0.97782,0.85763,0.82586,0.63096,-0.016142,0.15514,0.033001,-0.0017399,4.7691e-05,-1.8221e-05
0,0,0,0,0,-3.2367e-09,-1.1073e-05,6.1074e-05,-0.0063169,0.047605,0.32957,0.73665,0.91286,1.0075,0.92923,0.66653,0.63147,0.63857,0.62083,0.60697,0.63369,0.63192,0.62125,0.58798,0.58586,0.59551,0.58347,0.58839,0.65731,0.61175,0.57614,0.55779,0.58518,0.59378,0.61099,0.58357,0.55838,0.55444,0.58607,0.56988,0.64098,0.59492,0.58858,0.59072,0.61943,0.60679,0.62379,0.62215,0.63853,0.625,0.6608,0.68844,0.76493,0.85836,0.87203,0.96199,0.74667,0.80239,0.17669,-0.035718,-0.0059742,0.00073856,8.2367e-06,-2.4509e-06
0,0,0,0,0,-4.174e-09,-1.8344e-05,0.00012644,-0.006499,0.048276,0.33814,0.80422,0.89423,0.99657,0.76712,0.66742,0.64767,0.64581,0.59558,0.62581,0.61611,0.62896,0.61042,0.58909,0.62281,0.59901,0.58554,0.628,0.66712,0.5924,0.57444,0.56826,0.57132,0.59665,0.60471,0.60374,0.58298,0.58032,0.58258,0.58107,0.67275,0.63679,0.60057,0.60027,0.6276,0.60041,0.62527,0.63489,0.63439,0.65045,0.6452,0.6927,0.80345,0.87233,0.71897,0.97961,0.82943,0.73197,0.39671,0.30513,0.0077184,-0.0030469,7.7091e-05,-6.1658e-06
0,0,0,0,0,-6.6454e-09,-2.408e-05,0.00013722,-0.008161,0.068533,0.45054,0.80548,0.82196,0.96641,0.69869,0.64884,0.64902,0.63182,0.6227,0.6318,0.63463,0.62026,0.63248,0.59624,0.61927,0.60611,0.59962,0.60669,0.65201,0.60226,0.59254,0.57304,0.57018,0.61917,0.60525,0.59485,0.60126,0.58813,0.57322,0.62194,0.66098,0.65913,0.62974,0.60101,0.60097,0.6081,0.62276,0.64372,0.64105,0.64996,0.65276,0.68522,0.76652,0.8367,0.19465,0.85871,0.93644,0.74508,0.04832,0.24678,0.32616,-0.014886,-2.0387e-05,-7.979e-05
0,0,0,0,0,-5.3083e-09,-2.0516e-05,0.00014296,-0.0115,0.10681,0.53829,0.79045,0.85847,0.98255,0.72154,0.64714,0.65308,0.62599,0.62002,0.6298,0.61912,0.63079,0.63181,0.61056,0.60734,0.59862,0.58793,0.62825,0.66156,0.62861,0.58974,0.5894,0.55843,0.58335,0.62062,0.58597,0.56531,0.56628,0.57217,0.63759,0.66229,0.68379,0.62021,0.60563,0.60535,0.61622,0.60609,0.64013,0.64388,0.64991,0.7031,0.70695,0.9242,0.99633,0.72731,0.61427,0.98391,0.81692,0.07675,0.00070669,0.30453,0.016182,-0.0017055,0.00021446
0,0,0,0,0,-2.0983e-09,-9.6992e-06,7.1248e-05,-0.014324,0.14731,0.62403,0.7617,0.95164,0.98049,0.71962,0.64897,0.64184,0.63004,0.62295,0.62752,0.60399,0.61492,0.62243,0.61738,0.59563,0.62202,0.61936,0.6552,0.65596,0.66415,0.61703,0.55002,0.55251,0.61571,0.60421,0.60808,0.56559,0.5678,0.6309,0.63719,0.6627,0.64186,0.62845,0.60599,0.58841,0.59236,0.6103,0.63433,0.64584,0.66574,0.70152,0.69383,0.87266,1.0081,1.0313,0.71479,0.93826,0.87823,0.075702,-0.024282,0.26004,0.050914,-0.011084,-4.8178e-05
0,0,0,0,0,-1.6934e-09,-1.0659e-05,4.0393e-05,-0.014462,0.16806,0.65008,0.74499,0.98586,0.96509,0.71616,0.65091,0.63813,0.63606,0.61837,0.6073,0.64365,0.63384,0.61225,0.61793,0.62117,0.62704,0.65624,0.66464,0.6617,0.65322,0.63156,0.60408,0.55359,0.55519,0.46431,0.55826,0.56472,0.63245,0.62839,0.63416,0.65022,0.64999,0.64656,0.63033,0.61132,0.61841,0.61373,0.63192,0.66679,0.66606,0.66117,0.63254,0.75712,0.98611,1.0012,0.98916,1.01,0.89626,0.084104,-0.032361,0.21043,0.35631,0.02837,0.0132
0,0,0,0,0,-3.4568e-09,-1.6254e-05,7.1745e-05,-0.015491,0.19161,0.61208,0.76616,0.97436,1.0087,0.82733,0.67229,0.66847,0.67171,0.63689,0.61034,0.62408,0.62303,0.59406,0.6161,0.61077,0.61704,0.65468,0.67376,0.66388,0.64953,0.62972,0.65284,0.61085,0.59301,0.5865,0.59062,0.59527,0.63076,0.62396,0.64007,0.65343,0.65394,0.66597,0.62672,0.64851,0.61659,0.61969,0.61015,0.66006,0.65518,0.67585,0.65542,0.65474,0.90526,1.009,1.0084,0.97936,0.62339,0.062227,-0.011094,0.018748,0.33027,0.32338,0.044316
0,0,0,0,0,-7.2592e-09,-2.6952e-05,0.00019232,-0.014951,0.17686,0.53233,0.72817,0.98715,1.0154,0.85613,0.64659,0.65499,0.6765,0.64145,0.61751,0.64073,0.62367,0.61363,0.61814,0.61405,0.63627,0.67641,0.66596,0.63889,0.62504,0.64752,0.63404,0.63257,0.63787,0.65751,0.62675,0.60399,0.60607,0.63162,0.63358,0.64028,0.68025,0.68354,0.65296,0.66794,0.63723,0.64747,0.64226,0.64694,0.65552,0.65007,0.62448,0.60336,0.87,1.0146,1.0014,0.77575,0.3211,0.03328,-0.0024642,0.00039276,-0.014167,0.014866,0.00060309
0,0,0,0,0,-8.6871e-09,-3.4167e-05,0.00024941,-0.0098447,0.099978,0.40954,0.71001,0.98905,1.0078,0.93795,0.70226,0.64595,0.66154,0.63351,0.62228,0.6355,0.61036,0.61265,0.62805,0.62078,0.67118,0.67909,0.67261,0.65702,0.65275,0.63154,0.61623,0.59712,0.6181,0.6651,0.61536,0.60006,0.61584,0.61872,0.64314,0.65237,0.66878,0.6722,0.67641,0.66864,0.63958,0.63674,0.61754,0.64521,0.65398,0.63855,0.63925,0.72956,0.96733,1.0082,0.97963,0.49867,0.27967,-0.0034161,-0.00069982,0.00082967,-0.00045603,-0.0020303,0.00011867
0,0,0,0,0,3.2704e-11,-7.6191e-06,3.8641e-06,-0.00495,0.038599,0.40753,0.7697,0.97277,1.0028,1.011,0.8442,0.65193,0.6483,0.63534,0.61982,0.63332,0.6389,0.59972,0.62393,0.63685,0.65279,0.67128,0.65261,0.65368,0.65492,0.63429,0.60769,0.5704,0.63304,0.64848,0.59149,0.6032,0.62098,0.6324,0.65312,0.66006,0.64929,0.6541,0.68682,0.68746,0.67592,0.63839,0.623,0.62129,0.64168,0.63103,0.69235,0.97472,1.0052,1.0101,0.91192,0.28344,0.1467,-0.01495,2.0587e-05,-9.8221e-05,-3.2265e-05,-6.0183e-05,-2.9996e-05
0,0,0,0,0,2.2172e-11,3.8035e-07,-1.1168e-05,-0.002343,0.010576,0.25995,0.7231,1.0103,1,1.012,0.8389,0.63505,0.64053,0.64157,0.60092,0.63293,0.64336,0.61596,0.61071,0.64557,0.66088,0.66368,0.65574,0.64963,0.62783,0.64652,0.64304,0.60452,0.60538,0.62327,0.59828,0.62062,0.64961,0.64992,0.65041,0.64388,0.6703,0.66288,0.65355,0.68379,0.66983,0.63581,0.61124,0.61241,0.63285,0.61148,0.82278,1.0169,0.99962,1.0189,0.77118,0.32056,0.029245,-0.0046845,-1.211e-05,-2.7658e-08,-7.1531e-09,-1.5418e-08,-6.5302e-09
0,0,0,0,0,-1.7318e-14,1.5372e-08,9.5294e-07,-3.0468e-05,-0.011056,0.12369,0.43671,0.96785,1.0042,1.0133,0.82988,0.59665,0.64198,0.63294,0.62849,0.62993,0.62678,0.61868,0.60632,0.64084,0.67837,0.66529,0.65638,0.65633,0.65235,0.63778,0.62387,0.6252,0.64397,0.63925,0.64123,0.64743,0.64162,0.638,0.63958,0.64675,0.66536,0.68158,0.681,0.67543,0.66687,0.64363,0.64086,0.64336,0.61618,0.65502,0.93866,1.0079,1.0023,1.004,0.5666,0.16827,-0.011911,0.00032763,-4.269e-05,-7.9347e-09,0,0,0
0,0,0,0,0,2.0464e-20,5.6041e-14,-7.8101e-09,-1.8369e-05,-0.011874,0.10482,0.29845,0.72936,1.0137,1.0032,0.97298,0.67896,0.61427,0.62929,0.62632,0.63123,0.6208,0.61648,0.60309,0.63808,0.67494,0.66134,0.6566,0.64726,0.65221,0.62657,0.62801,0.62885,0.61509,0.60357,0.63876,0.65839,0.65287,0.65546,0.66369,0.6528,0.65973,0.6798,0.66699,0.64765,0.66944,0.65185,0.64734,0.63379,0.62679,0.80229,0.99768,1.0007,1.0153,0.85875,0.28507,0.030671,-0.0040772,0.00014536,-1.8624e-05,-3.2465e-09,0,0,0
0,0,0,0,0,0,0,-6.0871e-09,-2.681e-05,-0.0015193,0.0027911,0.29276,0.38761,0.94468,1.0059,1.0119,0.80066,0.60164,0.62788,0.64029,0.63728,0.59988,0.6146,0.6326,0.62914,0.66408,0.66085,0.67094,0.65195,0.6425,0.64692,0.64186,0.62787,0.62287,0.64051,0.65026,0.64685,0.66495,0.65207,0.64473,0.6555,0.67036,0.67388,0.66384,0.66408,0.65254,0.64735,0.63458,0.62943,0.66354,0.93862,1.007,1.0004,1.0026,0.64094,0.21574,-0.0077959,0.00012752,0.00028898,-3.5964e-05,-1.012e-08,0,0,0
0,0,0,0,0,0,0,6.3517e-10,-5.9897e-06,0.00018981,-0.01543,0.15063,0.36684,0.73828,1.0171,1.0082,0.92731,0.64435,0.62898,0.63587,0.64017,0.62976,0.62154,0.61959,0.62382,0.63723,0.67125,0.68604,0.67459,0.64957,0.66029,0.64065,0.63883,0.63987,0.65925,0.65659,0.64153,0.65458,0.64072,0.63819,0.67344,0.68266,0.70834,0.73412,0.73346,0.68794,0.65314,0.63727,0.65092,0.8302,0.99553,1.0005,1.0187,0.84898,0.33295,0.080556,-0.010324,9.5217e-06,-2.185e-05,2.6332e-06,7.3141e-10,0,0,0
0,0,0,0,0,0,0,-5.7875e-09,-2.2582e-05,0.00013851,-0.0011189,0.016367,0.2663,0.38492,0.98583,1.0039,1.0071,0.84424,0.64942,0.64512,0.64439,0.65766,0.64197,0.61223,0.60273,0.64276,0.634,0.64525,0.67387,0.67213,0.64647,0.64421,0.64073,0.63302,0.64303,0.64049,0.62891,0.65112,0.6646,0.67781,0.70873,0.7033,0.69198,0.69889,0.68106,0.67531,0.70598,0.71305,0.80585,0.99956,1.0012,1.0181,0.94836,0.37825,0.19423,-0.0032007,-0.00065638,-2.8161e-05,2.1489e-07,-1.5976e-08,-4.4651e-12,0,0,0
0,0,0,0,0,0,0,-5.7626e-10,-1.7447e-06,-3.0356e-06,0.00042091,-0.017841,0.15823,0.32494,0.76819,1.0191,1.0016,0.99977,0.72763,0.62369,0.63638,0.63171,0.6449,0.6399,0.58557,0.63349,0.6272,0.63057,0.61785,0.65322,0.66886,0.65629,0.65173,0.65927,0.70181,0.66241,0.69423,0.69183,0.69215,0.67999,0.68313,0.68163,0.6374,0.61999,0.63133,0.62544,0.62357,0.74738,0.95476,1.0032,1.0174,0.88514,0.32903,0.27125,0.070591,-0.0065178,0.00033409,-3.5675e-05,-9.3517e-09,-2.7531e-17,0,0,0,0
0,0,0,0,0,0,0,5.1915e-11,1.7819e-07,6.7973e-07,-7.3052e-05,-0.0038791,0.027788,0.34279,0.42732,0.96883,1.0057,1.0049,0.95985,0.69673,0.61917,0.62973,0.63857,0.65138,0.61934,0.61334,0.63775,0.63185,0.62062,0.61589,0.63129,0.60755,0.58105,0.70605,0.75884,0.75798,0.70218,0.67011,0.66219,0.66241,0.65881,0.62975,0.62064,0.64213,0.61488,0.6196,0.68277,0.92873,1.0071,1.0078,0.97221,0.29594,0.24517,0.19539,-0.013791,0.0027164,0.00032141,-4.3292e-05,-9.0449e-09,0,0,0,0,0
0,0,0,0,0,0,0,-5.5062e-17,-2.3559e-12,-4.4394e-09,-2.233e-05,0.00041188,-0.016039,0.15059,0.29722,0.67563,1.0255,0.99801,1.0108,0.90778,0.65376,0.63566,0.60065,0.61375,0.62259,0.63462,0.64886,0.62626,0.61287,0.61428,0.62903,0.6191,0.58437,0.65092,0.68384,0.72896,0.6553,0.62497,0.6343,0.65873,0.65934,0.61262,0.6368,0.66165,0.62552,0.61671,0.89067,1.0123,1.003,1.0087,0.40404,0.23919,0.27871,-0.0054945,-0.0018837,0.00027655,8.5336e-07,-1.7527e-06,-7.3344e-10,0,0,0,0,0
0,0,0,0,0,0,0,0,0,-1.1942e-08,-4.6519e-05,0.00029031,0.00083425,0.0083524,0.26904,0.27979,0.82793,1.0312,1.0002,1.0072,0.73235,0.58328,0.58853,0.59729,0.62921,0.62193,0.63601,0.63187,0.57095,0.6028,0.61774,0.62037,0.63668,0.61496,0.6437,0.69015,0.66589,0.64509,0.65263,0.63866,0.63791,0.6063,0.6439,0.63203,0.62065,0.81754,1.0049,1.008,1.0301,0.54969,0.14272,0.32158,0.018179,-0.002542,0.00044603,-7.803e-05,-5.057e-07,2.5517e-07,7.7917e-11,0,0,0,0,0
0,0,0,0,0,0,0,0,0,-3.2392e-09,-1.1087e-05,8.1156e-05,0.00058648,-0.012767,0.10344,0.3155,0.30408,0.85061,1.0119,1.01,0.93004,0.65677,0.56878,0.60314,0.63144,0.62076,0.63857,0.64574,0.64252,0.63505,0.58408,0.57817,0.60407,0.61316,0.6378,0.65504,0.68744,0.66239,0.64459,0.60754,0.63199,0.62025,0.62905,0.6594,0.8077,1.0091,1.0161,0.9845,0.58004,0.27315,0.37645,0.058946,-0.01165,0.00074777,7.9295e-05,-1.1412e-05,-2.9339e-09,-5.4922e-12,-8.2595e-17,0,0,0,0,0
0,0,0,0,0,0,0,0,0,3.9485e-10,1.4058e-06,-1.0071e-05,-0.00010051,0.00092874,-0.021768,0.19326,0.38589,0.21018,0.64772,0.99489,1.0169,0.9036,0.68065,0.59883,0.62001,0.60205,0.60562,0.63401,0.64136,0.63138,0.62804,0.6095,0.6234,0.63549,0.63728,0.65676,0.71946,0.68133,0.62643,0.64478,0.60964,0.60046,0.78534,0.9651,1.0066,1.0213,0.93794,0.33733,0.16257,0.41636,0.065382,-0.012143,0.00080312,-9.7923e-05,-9.7015e-06,1.4102e-06,3.9836e-10,0,0,0,0,0,0,0
0,0,0,0,0,0,0,0,0,1.1112e-13,3.967e-10,-3.6483e-09,-2.1426e-06,3.2735e-05,0.00048656,-0.024179,0.17738,0.32928,0.17132,0.67613,1.018,1.016,0.98059,0.83132,0.6574,0.59352,0.61975,0.63691,0.64424,0.62846,0.64022,0.63448,0.61239,0.63378,0.63004,0.67884,0.73528,0.70981,0.66669,0.60449,0.66342,0.84357,0.99851,1.0061,1.0262,0.9228,0.24666,0.16187,0.39836,0.049232,-0.015584,0.00095957,1.0331e-05,-1.6814e-06,-2.9404e-09,3.9558e-10,1.1112e-13,0,0,0,0,0,0,0
0,0,0,0,0,0,0,0,0,0,0,1.2755e-10,4.7047e-07,-3.8913e-06,5.8009e-06,0.00073569,-0.022258,0.069162,0.3729,0.15051,0.48548,0.98762,1.0239,1.014,0.95579,0.81834,0.74319,0.66264,0.60619,0.60969,0.62142,0.61892,0.59649,0.61456,0.6326,0.84053,0.83359,0.73041,0.82453,0.85539,0.94733,1.0113,1.0071,1.0377,0.8146,0.22357,0.26673,0.39771,0.034554,-0.010233,0.00096491,-9.0099e-05,-1.3063e-06,3.6267e-07,5.0717e-11,0,0,0,0,0,0,0,0,0
0,0,0,0,0,0,0,0,0,0,0,3.7038e-14,1.3275e-10,-5.3077e-10,1.7837e-06,-1.5369e-05,0.00058876,-0.017676,0.11447,0.43412,0.15627,0.30529,0.86579,1.0254,1.0175,1.0125,1.0022,0.95683,0.83038,0.67661,0.64071,0.60748,0.59573,0.63894,0.87494,1.0106,0.9963,0.96109,1.0059,1.0145,1.0101,1.0215,0.99702,0.65329,0.12407,0.3286,0.3589,0.022043,-0.010976,0.00074351,-4.2896e-05,2.4117e-06,7.7675e-10,5.0215e-11,-1.1012e-16,0,0,0,0,0,0,0,0,0
0,0,0,0,0,0,0,0,0,0,0,0,0,-4.8745e-13,9.0726e-08,-2.8155e-07,-5.1005e-05,0.00084484,-0.014049,0.067389,0.43868,0.3078,0.17299,0.5666,0.92586,1.0262,1.0172,1.01,1.0102,0.97771,0.94795,0.91235,0.89894,0.96001,1.0059,0.99827,0.99928,1.0062,1.012,1.0276,0.98103,0.80766,0.31817,0.123,0.43454,0.29067,-0.01299,-0.0035112,0.00082069,-9.8788e-05,1.9505e-06,7.4304e-08,-3.4496e-12,0,0,0,0,0,0,0,0,0,0,0
0,0,0,0,0,0,0,0,0,0,0,0,0,-2.7531e-17,2.5995e-11,4.8628e-10,9.0967e-07,-1.3767e-06,0.00072475,-0.012006,0.012382,0.26625,0.49146,0.2077,0.25712,0.56478,0.84185,0.9741,1.0283,1.0345,1.0343,1.0372,1.0363,1.0339,1.0321,1.0325,1.0254,1.002,0.92799,0.65881,0.24697,0.13178,0.31558,0.51134,0.14707,-0.019857,-0.0019905,0.00027908,8.3472e-05,-9.7436e-06,-2.3273e-09,2.4411e-11,-2.7531e-17,0,0,0,0,0,0,0,0,0,0,0
0,0,0,0,0,0,0,0,0,0,0,0,0,0,0,-4.162e-12,1.9858e-07,-4.8003e-07,-7.9015e-05,0.00052068,-0.0018557,-0.018397,0.056169,0.26582,0.36033,0.24092,0.24636,0.31988,0.55781,0.63435,0.71927,0.73723,0.76695,0.72463,0.6482,0.57526,0.49077,0.37787,0.2454,0.26038,0.37933,0.42386,0.20963,0.029073,-0.016985,0.001397,0.00025384,-5.6391e-05,-1.1822e-05,1.4134e-06,3.9496e-10,0,0,0,0,0,0,0,0,0,0,0,0,0
0,0,0,0,0,0,0,0,0,0,0,0,0,0,0,-5.5021e-17,4.9644e-11,2.9165e-10,8.1782e-07,-4.4594e-07,8.6323e-05,6.7437e-05,-0.0081586,-0.019517,0.030322,0.1911,0.37623,0.41012,0.31482,0.27175,0.30561,0.22397,0.23175,0.2059,0.19311,0.27216,0.33842,0.36869,0.378,0.25253,0.079483,-0.010878,-0.019264,-0.0052678,0.00034823,6.1882e-05,8.1075e-06,-3.4704e-07,-3.3341e-09,3.9831e-10,1.1112e-13,0,0,0,0,0,0,0,0,0,0,0,0,0
0,0,0,0,0,0,0,0,0,0,0,0,0,0,0,0,0,-4.1015e-12,1.1432e-07,-1.0493e-06,-1.5431e-05,-2.1788e-05,-1.8292e-05,0.00018081,-0.0013341,-0.016471,-0.018068,0.0056251,0.039761,0.091863,0.15137,0.16849,0.19251,0.19066,0.15247,0.11583,0.063531,0.014337,-0.0093687,-0.018525,-0.0067326,5.7671e-07,0.0001434,-5.0092e-05,-7.4825e-06,-1.3385e-05,-1.9864e-06,2.0296e-07,2.5413e-11,0,0,0,0,0,0,0,0,0,0,0,0,0,0,0
