0.4893,0.49724,0.50634,0.51189,0.51174,0.51327,0.51565,0.51873,0.51794,0.51963,0.51639,0.51338,0.5135,0.5185,0.52215,0.52497,0.53141,0.52689,0.531,0.53243,0.53304,0.53228,0.53155,0.53588,0.53929,0.53839,0.5388,0.54144,0.54237,0.54437,0.53861,0.52642,0.48303,0.49459,0.54917,0.55901,0.55706,0.57589,0.60253,0.50983,0.59093,0.6058,0.60855,0.61259,0.60765,0.60572,0.60289,0.61259,0.6311,0.64859,0.66008,0.67412,0.68387,0.68239,0.68503,0.69394,0.68967,0.67662,0.6593,0.65462,0.64326,0.6458,0.65086,0.61963
0.49461,0.50469,0.50757,0.51293,0.50994,0.51746,0.51743,0.51202,0.52011,0.52008,0.52259,0.54015,0.54319,0.52936,0.54018,0.53523,0.52973,0.52381,0.52731,0.53251,0.53449,0.53728,0.5388,0.54055,0.54136,0.54979,0.55037,0.54202,0.54099,0.54619,0.55919,0.60068,0.48305,0.46234,0.54519,0.52079,0.5183,0.5551,0.6624,0.62669,0.57757,0.58189,0.5816,0.59557,0.59665,0.5911,0.59286,0.60297,0.60563,0.60957,0.61606,0.60974,0.5694,0.65496,0.65394,0.6704,0.66689,0.6605,0.66094,0.66038,0.65281,0.65049,0.65412,0.63061
0.49261,0.50236,0.50589,0.50916,0.515,0.51679,0.5175,0.51541,0.52019,0.52321,0.54406,0.59471,0.61014,0.61556,0.63296,0.61346,0.57477,0.55597,0.54201,0.53531,0.53969,0.54718,0.53469,0.54016,0.55141,0.62972,0.66435,0.60547,0.57019,0.57203,0.64856,0.71651,0.68689,0.5473,0.64162,0.5629,0.55027,0.55712,0.65775,0.59945,0.56299,0.5772,0.57716,0.58775,0.59736,0.59314,0.58696,0.59195,0.57697,0.58541,0.60329,0.51034,0.49809,0.61367,0.60445,0.61495,0.62501,0.62687,0.62827,0.62566,0.63253,0.63668,0.6379,0.57883
0.49266,0.50669,0.50872,0.51078,0.51809,0.52431,0.52204,0.51734,0.51723,0.54056,0.59299,0.63717,0.65283,0.66501,0.67355,0.67891,0.66622,0.65218,0.62019,0.58754,0.58202,0.57722,0.57632,0.58009,0.62521,0.7106,0.75788,0.72972,0.70241,0.69152,0.73732,0.75666,0.76164,0.54501,0.67923,0.71426,0.6089,0.57093,0.65142,0.59784,0.56792,0.57745,0.57684,0.57838,0.58069,0.58189,0.58004,0.55948,0.54231,0.55955,0.52314,0.4171,0.51645,0.56618,0.55579,0.57566,0.58851,0.58514,0.57206,0.57561,0.59118,0.58929,0.59507,0.51821
0.49434,0.50727,0.51547,0.52236,0.5311,0.53826,0.52934,0.52368,0.52279,0.55058,0.61428,0.65162,0.66505,0.6726,0.68169,0.69067,0.68736,0.68342,0.66414,0.64805,0.65021,0.66944,0.68948,0.69394,0.70856,0.74338,0.77456,0.74569,0.74662,0.76388,0.78379,0.78511,0.76266,0.66169,0.57917,0.75951,0.65267,0.56961,0.67226,0.63087,0.5567,0.56637,0.56493,0.56925,0.57304,0.57574,0.57535,0.55881,0.55347,0.55585,0.43218,0.50104,0.53349,0.544,0.54354,0.55414,0.56708,0.5623,0.55233,0.54972,0.54274,0.54198,0.54789,0.55221
0.49428,0.50748,0.51639,0.53395,0.56173,0.55668,0.54746,0.53686,0.52877,0.55298,0.61612,0.65199,0.66188,0.66822,0.66967,0.67138,0.66875,0.66456,0.65875,0.66335,0.68029,0.71671,0.74211,0.73673,0.72329,0.72123,0.72203,0.72882,0.74368,0.74809,0.77189,0.76884,0.74349,0.7399,0.53431,0.70419,0.64113,0.5703,0.66004,0.65175,0.55966,0.57132,0.57044,0.57293,0.56685,0.56392,0.56928,0.56393,0.56853,0.47265,0.44599,0.54824,0.54964,0.54897,0.55086,0.55768,0.56769,0.56908,0.556,0.54317,0.53395,0.53007,0.53395,0.54994
0.49558,0.50425,0.51119,0.57454,0.68135,0.68903,0.66174,0.64091,0.56522,0.56147,0.60574,0.64013,0.65496,0.66093,0.66266,0.66576,0.66317,0.66037,0.67324,0.69473,0.7045,0.70843,0.69591,0.72994,0.71564,0.72509,0.72974,0.73108,0.73889,0.73133,0.74722,0.75684,0.72267,0.74901,0.59686,0.63759,0.63117,0.59453,0.63388,0.62543,0.57404,0.55902,0.56811,0.56853,0.56779,0.55802,0.56206,0.55365,0.51044,0.42621,0.53606,0.56711,0.54839,0.55147,0.5575,0.56727,0.57053,0.56624,0.57086,0.57892,0.56116,0.54975,0.54215,0.54139
0.49736,0.50594,0.52487,0.64763,0.72833,0.73666,0.71307,0.67898,0.61963,0.57881,0.59028,0.6209,0.64237,0.64464,0.65054,0.65946,0.67252,0.66374,0.66938,0.68787,0.69601,0.70207,0.62035,0.71541,0.73731,0.74022,0.74271,0.73153,0.73192,0.73588,0.74069,0.73952,0.70652,0.72433,0.61309,0.52197,0.64829,0.60506,0.62132,0.64464,0.57097,0.56789,0.56595,0.5678,0.56627,0.55921,0.56011,0.57247,0.44078,0.4958,0.58933,0.63277,0.60183,0.58228,0.60893,0.6305,0.63224,0.64534,0.64398,0.64836,0.62999,0.60546,0.58684,0.56154
0.50817,0.52256,0.56579,0.64181,0.67271,0.7187,0.73525,0.68965,0.68078,0.64884,0.64946,0.65681,0.6605,0.63697,0.63609,0.63761,0.65391,0.65206,0.65154,0.6549,0.67011,0.6871,0.66066,0.69956,0.72431,0.73153,0.72108,0.70866,0.70285,0.70717,0.71706,0.71302,0.68732,0.67799,0.6479,0.48893,0.62625,0.60422,0.62784,0.6594,0.56717,0.56914,0.56527,0.56566,0.56413,0.56036,0.56315,0.49798,0.46031,0.56815,0.63009,0.66631,0.67871,0.66406,0.65802,0.66815,0.68032,0.67456,0.60956,0.597,0.59602,0.59202,0.60269,0.61308
0.55173,0.56904,0.59387,0.63102,0.67313,0.73762,0.74172,0.70883,0.68587,0.6827,0.67931,0.68929,0.68457,0.6625,0.64391,0.6318,0.63659,0.62575,0.61666,0.6081,0.60655,0.6186,0.60334,0.63663,0.66698,0.67549,0.66708,0.66139,0.66044,0.66851,0.6663,0.66259,0.63845,0.62354,0.63464,0.45755,0.54612,0.61568,0.60042,0.42233,0.55903,0.57398,0.5682,0.56389,0.56242,0.56276,0.55315,0.4353,0.56786,0.62741,0.64165,0.63978,0.64954,0.67104,0.68767,0.68035,0.67842,0.63361,0.5922,0.59666,0.6062,0.61035,0.62671,0.55618
0.55859,0.56343,0.60044,0.65447,0.69591,0.72743,0.71655,0.68202,0.66727,0.66742,0.67921,0.69758,0.68974,0.67371,0.65459,0.64682,0.64218,0.61333,0.58865,0.58134,0.57785,0.58549,0.53021,0.56153,0.6254,0.61871,0.61342,0.61458,0.61792,0.62024,0.61787,0.61098,0.58987,0.58872,0.59918,0.50387,0.46151,0.62305,0.58962,0.41117,0.55625,0.58035,0.56931,0.56751,0.56424,0.57354,0.47948,0.50578,0.61897,0.63538,0.63511,0.63907,0.52772,0.59619,0.6675,0.67046,0.67445,0.64111,0.61758,0.60502,0.61263,0.62486,0.59085,0.4871
0.53095,0.53524,0.58427,0.64705,0.67008,0.67467,0.66705,0.64882,0.64002,0.65468,0.67223,0.68361,0.67307,0.65563,0.64282,0.63992,0.62788,0.59897,0.58125,0.56704,0.56956,0.58197,0.53523,0.51481,0.59651,0.58837,0.58352,0.58949,0.58931,0.58874,0.59492,0.58236,0.56336,0.58132,0.5832,0.5819,0.45212,0.59863,0.58182,0.43008,0.54312,0.58385,0.57228,0.56734,0.57228,0.53971,0.45781,0.5857,0.61784,0.55888,0.5994,0.67161,0.45295,0.50943,0.65594,0.66585,0.66361,0.64711,0.63464,0.63538,0.6391,0.644,0.5139,0.56281
0.54886,0.55019,0.56822,0.58354,0.59817,0.60876,0.60061,0.5982,0.59733,0.60843,0.61701,0.62617,0.63311,0.62863,0.62462,0.619,0.60094,0.58416,0.56986,0.56681,0.56609,0.57666,0.53394,0.4856,0.58903,0.58035,0.58159,0.58434,0.58777,0.58603,0.58373,0.58225,0.56898,0.57855,0.57466,0.59326,0.46289,0.52084,0.59835,0.4169,0.49675,0.58179,0.57579,0.56845,0.57806,0.44479,0.54894,0.58649,0.62686,0.47331,0.53758,0.65798,0.49909,0.50084,0.60861,0.63298,0.63077,0.62547,0.62221,0.61845,0.62019,0.5656,0.49376,0.59912
0.56111,0.57115,0.56502,0.56059,0.5665,0.57287,0.56715,0.56557,0.56254,0.57087,0.56608,0.57296,0.58227,0.58876,0.58991,0.58306,0.57729,0.56959,0.56136,0.5606,0.56322,0.57138,0.55805,0.49974,0.58941,0.58249,0.58499,0.5874,0.5862,0.60609,0.63014,0.65857,0.60574,0.57765,0.59083,0.60491,0.58302,0.47543,0.6081,0.41264,0.50105,0.56872,0.58626,0.58904,0.50049,0.48832,0.57291,0.56676,0.60876,0.54743,0.49037,0.60724,0.48524,0.54419,0.58327,0.5905,0.58973,0.57691,0.57344,0.57376,0.58383,0.45882,0.55281,0.56651
0.53975,0.54621,0.54779,0.5469,0.54928,0.55625,0.55911,0.55783,0.55205,0.57015,0.55839,0.5603,0.56325,0.5633,0.5644,0.5643,0.56294,0.57365,0.59433,0.5896,0.56994,0.574,0.56166,0.43393,0.57617,0.59034,0.58236,0.58404,0.58852,0.63473,0.67139,0.67992,0.65146,0.62136,0.62957,0.66723,0.66713,0.44084,0.58828,0.4185,0.4898,0.58354,0.58942,0.57316,0.46136,0.58284,0.56288,0.56949,0.59828,0.53858,0.4126,0.58867,0.46705,0.51077,0.5846,0.54442,0.55877,0.56028,0.5523,0.56335,0.47793,0.48382,0.55816,0.54613
0.52316,0.527,0.53329,0.54364,0.54624,0.55135,0.55579,0.54968,0.54447,0.57087,0.55976,0.55812,0.56374,0.56857,0.60182,0.58828,0.60007,0.63454,0.64679,0.64613,0.61155,0.59338,0.56469,0.49338,0.55336,0.61224,0.60448,0.62222,0.61357,0.60655,0.64707,0.64359,0.63778,0.65169,0.6692,0.67305,0.65891,0.52042,0.53551,0.42269,0.45962,0.59296,0.58413,0.47342,0.52284,0.56829,0.56423,0.5701,0.59728,0.55712,0.38157,0.57171,0.4626,0.49395,0.56958,0.5657,0.54621,0.54586,0.55109,0.52088,0.44117,0.55319,0.52317,0.4118
0.52288,0.53309,0.5351,0.54453,0.55038,0.55426,0.55761,0.56143,0.56086,0.57262,0.56454,0.56323,0.58167,0.60578,0.63823,0.62964,0.62478,0.62092,0.62097,0.63584,0.61473,0.62356,0.59931,0.57925,0.58126,0.61022,0.61404,0.63885,0.64942,0.64776,0.65445,0.6537,0.63982,0.64889,0.67755,0.65714,0.60341,0.66018,0.56255,0.54109,0.54878,0.63229,0.52249,0.48226,0.59925,0.56563,0.57483,0.57569,0.6005,0.58125,0.43187,0.53904,0.48419,0.4859,0.56549,0.54774,0.54997,0.53719,0.54579,0.44088,0.50527,0.49575,0.32861,0.36786
0.52566,0.53707,0.53883,0.5429,0.55215,0.55694,0.56068,0.56973,0.56511,0.57457,0.57195,0.57508,0.59207,0.60702,0.62543,0.62814,0.62662,0.62667,0.63485,0.6204,0.53645,0.53732,0.6148,0.59373,0.57762,0.60294,0.60466,0.60857,0.61342,0.61475,0.62212,0.61291,0.60024,0.62106,0.6377,0.61968,0.69,0.6757,0.64638,0.54354,0.56655,0.64944,0.44777,0.56815,0.4682,0.55254,0.57556,0.58819,0.55157,0.55702,0.47202,0.46786,0.49901,0.48203,0.56606,0.55236,0.54853,0.54551,0.45924,0.45431,0.55318,0.45442,0.2707,0.4865
0.5546,0.57284,0.54559,0.54535,0.55285,0.56019,0.5666,0.5681,0.57518,0.60108,0.61545,0.63418,0.5943,0.58606,0.58509,0.59418,0.6129,0.61658,0.62077,0.60436,0.46042,0.48333,0.59978,0.61814,0.58025,0.58987,0.60098,0.59855,0.58697,0.47212,0.58782,0.60299,0.59248,0.62993,0.62146,0.61732,0.77629,0.70448,0.70332,0.41461,0.55657,0.55662,0.52771,0.59227,0.54019,0.53868,0.57249,0.59814,0.571,0.57221,0.50699,0.44118,0.5009,0.50189,0.56117,0.5538,0.55956,0.54472,0.42954,0.53152,0.49404,0.41034,0.36866,0.40932
0.57185,0.57902,0.56983,0.56606,0.5544,0.56298,0.57228,0.56665,0.59781,0.65876,0.6596,0.65151,0.6435,0.63847,0.62511,0.62375,0.60109,0.59009,0.58784,0.57619,0.43867,0.42706,0.55665,0.61346,0.59291,0.58474,0.59483,0.59226,0.59183,0.47703,0.57479,0.60557,0.61961,0.69656,0.78182,0.63383,0.63843,0.52511,0.5261,0.32998,0.48009,0.3819,0.51634,0.54409,0.58421,0.56683,0.55595,0.59438,0.57701,0.57256,0.55453,0.45699,0.51016,0.50712,0.56327,0.54925,0.63002,0.50374,0.44619,0.50346,0.50877,0.51506,0.47357,0.38861
0.57015,0.5755,0.58616,0.59747,0.58188,0.56932,0.57249,0.57608,0.60394,0.6536,0.65589,0.66138,0.67751,0.6772,0.67365,0.67772,0.64276,0.61031,0.59056,0.54022,0.42096,0.37485,0.46745,0.58716,0.61718,0.582,0.60479,0.61227,0.57293,0.5513,0.5853,0.63447,0.64935,0.65664,0.73293,0.68131,0.45915,0.33107,0.36312,0.27852,0.24245,0.35279,0.41422,0.45358,0.57892,0.58677,0.56098,0.51157,0.57165,0.57856,0.57461,0.43674,0.4892,0.51217,0.56789,0.55716,0.55803,0.48243,0.53388,0.50986,0.5255,0.54813,0.52405,0.50295
0.55231,0.56505,0.57396,0.57773,0.57548,0.56963,0.57365,0.59244,0.61076,0.63356,0.65,0.63781,0.63817,0.64087,0.63772,0.63419,0.63184,0.61969,0.58846,0.49256,0.44813,0.41542,0.51192,0.56781,0.63819,0.59011,0.61856,0.61588,0.5976,0.57879,0.58943,0.61178,0.62077,0.75623,0.81955,0.78713,0.51556,0.33391,0.38956,0.31681,0.20334,0.38319,0.43662,0.45944,0.5769,0.57744,0.58268,0.54121,0.548,0.57411,0.56769,0.47335,0.45448,0.53672,0.58574,0.56665,0.45045,0.53206,0.55465,0.53799,0.55433,0.56155,0.52734,0.5232
0.54262,0.55259,0.5837,0.59883,0.59193,0.59853,0.58995,0.59751,0.60981,0.6179,0.59733,0.59133,0.60507,0.58194,0.5915,0.59219,0.59602,0.60114,0.58509,0.70002,0.70073,0.56032,0.57714,0.5711,0.63358,0.59756,0.61337,0.61955,0.58679,0.58067,0.58792,0.49161,0.52768,0.75114,0.80964,0.79337,0.52605,0.34351,0.4317,0.37094,0.25233,0.34629,0.31209,0.46573,0.58653,0.58864,0.58287,0.59957,0.56265,0.58392,0.57843,0.54741,0.36021,0.47626,0.55149,0.49227,0.46173,0.55101,0.52249,0.53852,0.5492,0.54067,0.50919,0.51541
0.54764,0.55941,0.60176,0.62628,0.63021,0.64513,0.64738,0.61949,0.60648,0.59808,0.61096,0.5681,0.55715,0.55645,0.59003,0.59211,0.5963,0.59673,0.58427,0.75226,0.76106,0.54591,0.58231,0.56956,0.5932,0.61175,0.6078,0.58709,0.57191,0.59282,0.60093,0.55804,0.48662,0.58591,0.71659,0.82333,0.53682,0.37273,0.42789,0.38399,0.24009,0.3912,0.41053,0.48103,0.60904,0.60186,0.62253,0.63393,0.54118,0.58833,0.58145,0.59114,0.35099,0.48253,0.5045,0.44958,0.55194,0.55186,0.53666,0.53312,0.5461,0.56494,0.62272,0.59807
0.55372,0.58106,0.61963,0.63148,0.65086,0.65394,0.64539,0.6253,0.61393,0.57543,0.63118,0.59024,0.56282,0.58915,0.58523,0.5915,0.59894,0.59222,0.59606,0.74991,0.76695,0.61562,0.60246,0.57009,0.53665,0.60789,0.60819,0.57974,0.59864,0.59756,0.60012,0.6299,0.53525,0.65545,0.78636,0.8365,0.54423,0.3266,0.35651,0.40063,0.25924,0.43292,0.43952,0.39615,0.42619,0.34703,0.31457,0.29178,0.23409,0.31786,0.26382,0.25738,0.31395,0.34344,0.28643,0.38578,0.55429,0.52977,0.50973,0.49601,0.51079,0.59392,0.63406,0.62085
0.55723,0.58266,0.58072,0.59821,0.61204,0.62082,0.61539,0.61077,0.64063,0.61314,0.60965,0.59976,0.58658,0.58801,0.59287,0.5925,0.58697,0.59304,0.60117,0.75542,0.77698,0.59282,0.59968,0.61571,0.54664,0.60164,0.59258,0.54657,0.62078,0.59879,0.60777,0.59095,0.61839,0.82517,0.84236,0.84005,0.55796,0.27844,0.33098,0.43938,0.36795,0.29941,0.19462,0.19982,0.25653,0.25397,0.26163,0.28722,0.29189,0.29853,0.29733,0.27999,0.34528,0.27001,0.20603,0.25676,0.47142,0.4961,0.49782,0.46846,0.44568,0.54297,0.60258,0.63134
0.5588,0.57222,0.54716,0.54633,0.58414,0.61609,0.6219,0.61996,0.62714,0.60624,0.6141,0.60301,0.58492,0.59059,0.59453,0.59653,0.59675,0.61533,0.62298,0.77652,0.79125,0.57917,0.60485,0.64352,0.55815,0.58319,0.59529,0.56665,0.60554,0.59296,0.5497,0.489,0.62287,0.85463,0.84796,0.76022,0.4648,0.36893,0.38853,0.36896,0.4885,0.45604,0.42408,0.47245,0.45731,0.42569,0.39738,0.3834,0.36242,0.38334,0.41502,0.44309,0.41016,0.42255,0.43025,0.38581,0.45282,0.49921,0.4784,0.41146,0.45254,0.49382,0.62371,0.6475
0.55839,0.57025,0.56114,0.56821,0.62278,0.65165,0.6474,0.638,0.64584,0.61529,0.62454,0.6137,0.59115,0.59422,0.59232,0.61916,0.59676,0.44825,0.47958,0.6868,0.73,0.61693,0.47114,0.5129,0.40604,0.44329,0.46685,0.43918,0.47107,0.50895,0.48293,0.44306,0.58281,0.63127,0.47091,0.43755,0.43004,0.46999,0.54312,0.72177,0.85957,0.58738,0.49833,0.51019,0.44589,0.31817,0.33292,0.27089,0.23843,0.24644,0.29831,0.35635,0.34999,0.37742,0.39132,0.4055,0.46127,0.50109,0.44473,0.37713,0.46346,0.51023,0.63675,0.65045
0.56789,0.57752,0.56628,0.58076,0.64028,0.64807,0.64394,0.63304,0.64588,0.61939,0.61258,0.6037,0.609,0.59755,0.59114,0.61525,0.50628,0.24979,0.31407,0.54631,0.66029,0.6387,0.39279,0.40129,0.39446,0.36575,0.3362,0.39512,0.47235,0.52978,0.55036,0.45791,0.33348,0.36353,0.43511,0.49996,0.56872,0.70096,0.8095,0.86685,0.85456,0.5708,0.49879,0.51009,0.46302,0.40401,0.40976,0.40877,0.42338,0.42709,0.45418,0.42845,0.40847,0.42872,0.44843,0.42903,0.38307,0.49088,0.4418,0.43816,0.42919,0.47682,0.57218,0.49211
0.59052,0.5918,0.57524,0.57437,0.61774,0.61616,0.61747,0.60477,0.63637,0.60802,0.6122,0.60642,0.62681,0.61289,0.58226,0.54567,0.42859,0.32788,0.33703,0.52662,0.64151,0.62093,0.55824,0.41346,0.39065,0.32758,0.32435,0.52802,0.54807,0.60599,0.66876,0.6149,0.4481,0.43765,0.57657,0.668,0.75543,0.79467,0.81645,0.85386,0.83938,0.57317,0.53492,0.55954,0.56535,0.55342,0.50465,0.49031,0.50871,0.52358,0.56023,0.45176,0.43275,0.44437,0.42214,0.41595,0.25649,0.34742,0.38496,0.618,0.51784,0.38648,0.21545,0.20047
0.57868,0.5836,0.57244,0.58018,0.62596,0.68025,0.66871,0.68857,0.66192,0.61237,0.61931,0.62684,0.64095,0.63166,0.57973,0.5406,0.52014,0.55091,0.49884,0.41317,0.47011,0.39373,0.51414,0.29812,0.30484,0.38851,0.44271,0.60473,0.57782,0.47782,0.39606,0.4216,0.55971,0.70951,0.7845,0.77968,0.78068,0.78929,0.83153,0.86692,0.80871,0.50927,0.43768,0.41632,0.34555,0.2669,0.19537,0.20427,0.1708,0.19903,0.26699,0.13197,0.12997,0.13163,0.12777,0.14403,0.22812,0.4384,0.48169,0.38113,0.24913,0.21018,0.12241,0.096568
0.57014,0.58154,0.55928,0.57689,0.64344,0.77877,0.79819,0.77703,0.64631,0.60408,0.62623,0.62599,0.63001,0.63726,0.59479,0.53523,0.54632,0.56707,0.58755,0.47697,0.51957,0.41079,0.49407,0.33676,0.30586,0.36363,0.42252,0.38026,0.36898,0.45688,0.67425,0.79739,0.84953,0.80718,0.78483,0.79956,0.75293,0.82628,0.77018,0.60306,0.46758,0.25438,0.1204,0.11809,0.12369,0.13355,0.15302,0.19237,0.23887,0.31804,0.22942,0.19686,0.19541,0.17248,0.15154,0.12438,0.25623,0.35999,0.18965,0.19767,0.10391,0.099494,0.12355,0.088432
0.5756,0.58383,0.54611,0.5894,0.7005,0.78402,0.74307,0.46536,0.50028,0.60524,0.62698,0.62124,0.62023,0.54871,0.50781,0.50872,0.50984,0.51047,0.4886,0.49537,0.38913,0.35907,0.38144,0.29474,0.37638,0.40554,0.35309,0.25844,0.23868,0.553,0.88809,0.86829,0.83741,0.80529,0.80646,0.82168,0.70062,0.65092,0.56586,0.47132,0.41579,0.34432,0.313,0.38,0.44654,0.51875,0.56804,0.59299,0.58451,0.53478,0.57689,0.59675,0.59844,0.58415,0.56828,0.54505,0.42992,0.29378,0.15963,0.15868,0.13997,0.072212,0.11907,0.13895
0.57886,0.58941,0.56477,0.59152,0.74092,0.72753,0.74349,0.38454,0.33941,0.63152,0.62764,0.62139,0.63268,0.49285,0.40306,0.44544,0.44681,0.43879,0.39797,0.3801,0.35769,0.38922,0.47499,0.55075,0.66318,0.38114,0.21733,0.1921,0.18382,0.42681,0.81804,0.80429,0.84893,0.79898,0.71655,0.65928,0.57548,0.55174,0.49098,0.55008,0.67706,0.61124,0.66383,0.67242,0.67406,0.65994,0.65345,0.64696,0.60802,0.5818,0.61741,0.62703,0.62384,0.61721,0.61372,0.61736,0.44341,0.24384,0.19756,0.21521,0.20942,0.24938,0.47418,0.30072
0.57625,0.58344,0.58062,0.57916,0.74323,0.83328,0.65393,0.43242,0.35331,0.56023,0.61636,0.6211,0.61796,0.43215,0.28803,0.24829,0.29926,0.33994,0.32856,0.29663,0.25868,0.31836,0.68932,0.77205,0.80786,0.45421,0.16291,0.15826,0.16555,0.46502,0.80119,0.78942,0.70489,0.6561,0.59511,0.56056,0.57565,0.68589,0.76016,0.84278,0.76572,0.50216,0.58299,0.64731,0.63389,0.62844,0.59902,0.5209,0.37275,0.3153,0.39177,0.46945,0.44618,0.41203,0.41762,0.36522,0.3147,0.29268,0.14982,0.35878,0.43738,0.58824,0.67445,0.44647
0.57556,0.59657,0.59429,0.58006,0.76917,0.9064,0.65068,0.40232,0.38505,0.4107,0.3661,0.31234,0.28486,0.26444,0.24011,0.22478,0.31463,0.34014,0.31719,0.23152,0.22691,0.23779,0.57701,0.77755,0.71467,0.39282,0.15506,0.20685,0.20264,0.4838,0.68372,0.59519,0.57259,0.62821,0.53945,0.60336,0.76959,0.85423,0.82717,0.7253,0.49017,0.30321,0.34424,0.42336,0.38353,0.3601,0.29903,0.29258,0.20045,0.12425,0.1844,0.21521,0.19668,0.16517,0.14092,0.11009,0.12139,0.29895,0.15233,0.36326,0.53105,0.60647,0.59886,0.51703
0.62548,0.51272,0.50085,0.5941,0.72079,0.82143,0.60639,0.42666,0.46864,0.43842,0.36239,0.30907,0.31323,0.38281,0.43545,0.49506,0.49991,0.37829,0.34615,0.27174,0.27027,0.24598,0.42342,0.79505,0.7197,0.45984,0.37055,0.31539,0.22296,0.20913,0.39288,0.58015,0.58944,0.66209,0.77547,0.8561,0.82328,0.78267,0.6302,0.45446,0.32949,0.2391,0.18389,0.17797,0.18836,0.17929,0.15349,0.22579,0.18054,0.11358,0.16237,0.15557,0.11492,0.11042,0.12238,0.27106,0.3071,0.15673,0.0901,0.35108,0.51456,0.48253,0.4756,0.34725
0.54439,0.4124,0.44149,0.52093,0.63021,0.5451,0.38969,0.57419,0.51047,0.45838,0.44989,0.43742,0.39477,0.44943,0.47613,0.47954,0.3835,0.26507,0.25782,0.26207,0.26921,0.22051,0.29056,0.5524,0.51753,0.4066,0.25778,0.23414,0.22414,0.29446,0.5157,0.72117,0.82229,0.85715,0.83452,0.78267,0.69404,0.56609,0.45512,0.30206,0.22276,0.196,0.20169,0.19555,0.1878,0.17435,0.15792,0.2034,0.20338,0.12074,0.23541,0.15896,0.10562,0.095077,0.12822,0.44209,0.48557,0.17703,0.058047,0.2813,0.5234,0.31147,0.19986,0.097112
0.51208,0.58106,0.66555,0.74027,0.84844,0.6469,0.32035,0.53595,0.33052,0.33273,0.27859,0.18998,0.17655,0.17192,0.1637,0.1466,0.1414,0.16689,0.17682,0.16353,0.19201,0.20875,0.21589,0.35455,0.44566,0.42254,0.39139,0.51123,0.61951,0.79852,0.86748,0.83983,0.77778,0.7427,0.69977,0.66566,0.56732,0.37314,0.25196,0.20174,0.20709,0.20987,0.20416,0.18296,0.17008,0.16991,0.16887,0.14542,0.14635,0.19864,0.25706,0.11459,0.096162,0.14822,0.21362,0.38836,0.52519,0.21228,0.061653,0.11936,0.24438,0.10776,0.070233,0.07207
0.43637,0.62996,0.70749,0.75049,0.76161,0.66809,0.42561,0.56963,0.37345,0.29898,0.34382,0.26787,0.21074,0.21281,0.22288,0.23456,0.25066,0.2442,0.24683,0.33916,0.42911,0.50182,0.47339,0.50594,0.68691,0.59286,0.63319,0.76654,0.69355,0.80994,0.74842,0.65684,0.66139,0.67445,0.65479,0.52828,0.32469,0.21521,0.18016,0.20617,0.21259,0.19228,0.18253,0.17614,0.16934,0.17465,0.14894,0.11383,0.13493,0.12881,0.11191,0.088985,0.10309,0.41253,0.24607,0.24782,0.40037,0.16113,0.15356,0.12324,0.071897,0.07134,0.074586,0.07333
0.34896,0.48315,0.47857,0.51724,0.63073,0.61844,0.47935,0.38039,0.25702,0.21096,0.27976,0.60704,0.58862,0.61282,0.63521,0.66018,0.68314,0.63142,0.53404,0.68024,0.78271,0.80661,0.83876,0.72107,0.83155,0.55762,0.47264,0.64361,0.50495,0.58461,0.55233,0.53464,0.54519,0.57584,0.47357,0.29673,0.21386,0.19162,0.20732,0.20415,0.18574,0.1737,0.1706,0.17153,0.16675,0.17133,0.1354,0.12133,0.16989,0.14192,0.13468,0.16691,0.26338,0.38268,0.21421,0.12785,0.36625,0.27131,0.25695,0.15642,0.06602,0.069574,0.074279,0.067939
0.49945,0.55545,0.57369,0.59807,0.58862,0.43063,0.23462,0.16551,0.16904,0.18239,0.16525,0.56541,0.66161,0.71536,0.76899,0.802,0.8233,0.79746,0.64262,0.70902,0.80614,0.71678,0.61854,0.48624,0.63404,0.56092,0.30903,0.49165,0.50258,0.50244,0.48405,0.4453,0.36408,0.29639,0.22277,0.18565,0.17124,0.18281,0.19193,0.18232,0.16639,0.16688,0.16603,0.1691,0.16991,0.17985,0.15154,0.10568,0.17152,0.15539,0.1365,0.35244,0.36735,0.2216,0.20561,0.084858,0.26737,0.32466,0.20103,0.11927,0.070901,0.071695,0.072824,0.066906
0.51809,0.48994,0.38819,0.38851,0.32387,0.21823,0.1557,0.15591,0.14428,0.16826,0.14746,0.46619,0.65241,0.62441,0.69745,0.74137,0.73868,0.6569,0.48216,0.37693,0.46302,0.38193,0.33379,0.31285,0.26926,0.44812,0.30793,0.38935,0.39253,0.39078,0.37494,0.34006,0.31071,0.21606,0.16804,0.16445,0.18105,0.187,0.17494,0.16269,0.16026,0.16347,0.16585,0.16853,0.18013,0.21754,0.1645,0.14062,0.18598,0.17649,0.15334,0.31623,0.31182,0.16194,0.15192,0.088732,0.090838,0.23897,0.19998,0.13088,0.066739,0.071253,0.071574,0.067329
0.54577,0.42817,0.21498,0.24876,0.17343,0.15421,0.14072,0.12237,0.12528,0.16651,0.17354,0.32432,0.44908,0.34169,0.32026,0.32511,0.30716,0.25658,0.32307,0.21596,0.20995,0.19162,0.21858,0.27211,0.15373,0.39604,0.35251,0.31803,0.30417,0.31127,0.32065,0.28713,0.24475,0.18681,0.17161,0.17808,0.1798,0.16575,0.15802,0.15241,0.15201,0.15186,0.15395,0.18286,0.21684,0.22676,0.19721,0.1915,0.17935,0.18859,0.20579,0.40784,0.29883,0.1729,0.088086,0.084594,0.091596,0.30456,0.23867,0.1236,0.068608,0.070867,0.068368,0.063913
0.57739,0.48286,0.36607,0.38538,0.36701,0.3541,0.31738,0.31388,0.31299,0.33763,0.33857,0.39321,0.41835,0.25278,0.16049,0.14331,0.13619,0.12422,0.23023,0.18387,0.12548,0.12342,0.18923,0.21503,0.14723,0.38207,0.30695,0.35362,0.23944,0.22234,0.21616,0.20061,0.18958,0.17744,0.16297,0.15215,0.15787,0.13184,0.12976,0.13192,0.13925,0.1374,0.1598,0.19347,0.21341,0.22899,0.21343,0.19152,0.14152,0.17189,0.12622,0.33525,0.42151,0.25785,0.08953,0.088084,0.081194,0.23626,0.26334,0.1286,0.073423,0.073129,0.070821,0.068196
0.57811,0.5859,0.6175,0.64984,0.70676,0.66441,0.55016,0.54598,0.50876,0.49502,0.48526,0.50191,0.4872,0.29625,0.14051,0.12572,0.12574,0.12718,0.23366,0.20125,0.12167,0.12018,0.19498,0.18841,0.17956,0.36661,0.1621,0.21661,0.31762,0.19995,0.15837,0.14989,0.14306,0.13155,0.12442,0.1277,0.1284,0.12161,0.12677,0.12399,0.13206,0.14177,0.1576,0.19042,0.22548,0.23567,0.20657,0.18552,0.13141,0.18472,0.10116,0.37301,0.51357,0.27859,0.093881,0.09044,0.086727,0.111,0.24605,0.13287,0.071472,0.071157,0.070615,0.068294
0.56632,0.57209,0.5907,0.6155,0.67909,0.65868,0.53284,0.49711,0.46908,0.45353,0.46379,0.48072,0.43177,0.34968,0.28638,0.2337,0.24561,0.26702,0.3336,0.31936,0.26533,0.29023,0.37101,0.42192,0.45706,0.37214,0.33779,0.37969,0.46077,0.26185,0.14122,0.12744,0.1289,0.12229,0.11806,0.11752,0.11397,0.11572,0.11925,0.12287,0.12913,0.14662,0.16431,0.18951,0.22081,0.2378,0.20344,0.14276,0.12275,0.16466,0.11702,0.29735,0.38979,0.23382,0.16285,0.24023,0.20527,0.12867,0.24535,0.14979,0.12841,0.12325,0.1476,0.12915
0.54605,0.54971,0.55464,0.55833,0.56891,0.56965,0.49403,0.47312,0.45441,0.43205,0.41832,0.4112,0.43612,0.5586,0.60969,0.38302,0.42813,0.43495,0.45749,0.50795,0.51259,0.53853,0.58174,0.57465,0.49608,0.31957,0.49631,0.5695,0.46705,0.26615,0.18696,0.15847,0.1459,0.13449,0.12651,0.12471,0.12543,0.12215,0.12261,0.12969,0.12861,0.13316,0.15435,0.16834,0.19461,0.21747,0.19132,0.18752,0.21682,0.16671,0.11507,0.16711,0.27007,0.2676,0.2148,0.18669,0.18343,0.27268,0.39308,0.26726,0.28703,0.32276,0.35991,0.37634
0.50048,0.51694,0.53029,0.54622,0.60202,0.58762,0.48777,0.47664,0.4588,0.45396,0.4262,0.46512,0.50178,0.52301,0.46687,0.4894,0.54974,0.51327,0.51187,0.54903,0.57969,0.55921,0.52285,0.40626,0.43519,0.48226,0.50332,0.52966,0.42502,0.31478,0.32267,0.28183,0.27016,0.29739,0.31869,0.30905,0.28643,0.2755,0.27006,0.27016,0.24868,0.22492,0.24703,0.23914,0.24876,0.30748,0.33515,0.3538,0.3645,0.33812,0.36461,0.41172,0.4334,0.4413,0.48069,0.4725,0.45548,0.47131,0.45387,0.44987,0.45938,0.44866,0.46977,0.46739
0.50328,0.55034,0.58102,0.56405,0.54782,0.52835,0.52591,0.53467,0.52371,0.56207,0.50331,0.4928,0.55043,0.58497,0.59692,0.60779,0.62479,0.62381,0.63513,0.64426,0.67144,0.67193,0.62302,0.5756,0.62251,0.62406,0.58552,0.62217,0.64387,0.63766,0.61829,0.60469,0.60651,0.60078,0.62358,0.61774,0.55423,0.55715,0.53965,0.54253,0.54944,0.54541,0.53547,0.53515,0.49859,0.51414,0.55052,0.52143,0.52148,0.53562,0.54987,0.54675,0.54829,0.54851,0.51673,0.49031,0.50954,0.5336,0.51906,0.48148,0.47265,0.48625,0.49818,0.50344
0.50592,0.54886,0.55745,0.56533,0.58375,0.57354,0.5963,0.57985,0.55203,0.53586,0.51789,0.55919,0.58136,0.5836,0.58407,0.57597,0.58116,0.57818,0.62493,0.65354,0.64634,0.61255,0.60908,0.61894,0.6331,0.62137,0.61941,0.58236,0.59052,0.56543,0.53797,0.58569,0.57132,0.54509,0.5635,0.58909,0.58499,0.56471,0.54011,0.50271,0.5156,0.51783,0.51526,0.54237,0.56125,0.57701,0.57039,0.55121,0.55092,0.54096,0.52147,0.54321,0.55054,0.55067,0.53324,0.51528,0.52272,0.51811,0.52358,0.50551,0.48904,0.52338,0.51095,0.51941
0.5369,0.55121,0.54423,0.56587,0.58087,0.55824,0.56238,0.55798,0.5726,0.56109,0.5178,0.52394,0.54605,0.52714,0.52434,0.52829,0.54049,0.55394,0.54295,0.55033,0.555,0.55233,0.52357,0.53337,0.55112,0.63391,0.56441,0.49892,0.53802,0.5349,0.53693,0.54576,0.53969,0.54315,0.53417,0.54919,0.5628,0.54988,0.52652,0.50795,0.51246,0.47934,0.47722,0.45396,0.50622,0.52881,0.49535,0.47152,0.47578,0.51459,0.56498,0.49154,0.41985,0.43989,0.42853,0.43251,0.47207,0.48464,0.47655,0.48157,0.49343,0.50391,0.51139,0.50721
0.63352,0.62794,0.61296,0.6076,0.60339,0.59246,0.60208,0.57241,0.56698,0.56729,0.56878,0.5813,0.58387,0.57328,0.54149,0.52853,0.56418,0.52999,0.51611,0.55862,0.54543,0.56872,0.53542,0.54421,0.55226,0.54893,0.53093,0.53413,0.55413,0.55718,0.56852,0.56133,0.55011,0.58593,0.58215,0.58507,0.60875,0.58683,0.56219,0.56652,0.54744,0.53722,0.53099,0.50436,0.52874,0.55051,0.55092,0.55654,0.53257,0.50033,0.51783,0.51548,0.52208,0.52253,0.4911,0.47135,0.49614,0.49222,0.46566,0.49171,0.50609,0.51441,0.5324,0.4773
0.60229,0.57017,0.55525,0.58686,0.62328,0.60602,0.59435,0.57289,0.55736,0.55767,0.58421,0.5993,0.58076,0.58681,0.58831,0.57311,0.60404,0.6212,0.61201,0.58154,0.55417,0.59725,0.58541,0.59179,0.59062,0.56768,0.58884,0.61734,0.6121,0.61329,0.60545,0.61098,0.61585,0.62184,0.61741,0.63716,0.62727,0.61163,0.57987,0.58237,0.59224,0.55522,0.56848,0.58436,0.57877,0.56595,0.55137,0.55123,0.54381,0.56465,0.54751,0.51903,0.5191,0.52405,0.51012,0.47868,0.52351,0.52524,0.505,0.51602,0.53642,0.55126,0.51324,0.48073
0.54201,0.53944,0.54985,0.54472,0.56963,0.54798,0.56047,0.57431,0.55371,0.50619,0.5118,0.53042,0.52855,0.49985,0.551,0.55977,0.58432,0.56655,0.56775,0.56615,0.5642,0.54758,0.53868,0.54258,0.54051,0.55502,0.57502,0.59057,0.58022,0.5736,0.57539,0.58039,0.58341,0.60594,0.61429,0.6002,0.56998,0.55752,0.57617,0.5692,0.57296,0.58099,0.57368,0.58667,0.58055,0.57504,0.57224,0.56076,0.55286,0.54831,0.54301,0.53653,0.56324,0.55674,0.50952,0.5104,0.51242,0.51318,0.48778,0.46146,0.46994,0.44866,0.50738,0.51961
0.48439,0.50283,0.51958,0.52837,0.55877,0.59245,0.60868,0.57403,0.57125,0.50947,0.53319,0.55844,0.54463,0.56703,0.55808,0.5333,0.51832,0.54343,0.54033,0.55188,0.55176,0.51353,0.544,0.55721,0.57699,0.54826,0.54358,0.57834,0.57001,0.58631,0.5601,0.56118,0.54595,0.56943,0.58692,0.59434,0.54402,0.52515,0.57612,0.58455,0.51749,0.55361,0.52408,0.50861,0.53122,0.52833,0.49408,0.46177,0.47294,0.54078,0.538,0.53368,0.54589,0.52746,0.45042,0.47942,0.52623,0.57975,0.48647,0.43424,0.44875,0.41726,0.49701,0.52718
0.46763,0.4869,0.4844,0.53946,0.53995,0.55963,0.56339,0.56241,0.5183,0.50237,0.5107,0.50906,0.52265,0.54763,0.54089,0.52766,0.53378,0.53948,0.53375,0.51701,0.52064,0.55538,0.544,0.54933,0.5454,0.54545,0.55199,0.55045,0.54765,0.6324,0.5787,0.60853,0.62965,0.57973,0.58057,0.62891,0.6158,0.6226,0.62846,0.59976,0.5674,0.56701,0.56978,0.544,0.51082,0.52633,0.51479,0.58033,0.60994,0.59246,0.53737,0.46587,0.46435,0.45198,0.48259,0.55286,0.59083,0.59645,0.57142,0.53603,0.56185,0.51986,0.44619,0.46145
0.54533,0.52014,0.51377,0.54625,0.5606,0.55019,0.5163,0.52241,0.52969,0.53678,0.52932,0.5295,0.52847,0.53422,0.53756,0.52777,0.522,0.53881,0.51352,0.51201,0.56441,0.54537,0.53072,0.51106,0.52161,0.55858,0.54431,0.5348,0.52945,0.53922,0.55655,0.56674,0.56159,0.54372,0.55377,0.57218,0.59369,0.56016,0.54086,0.57442,0.56391,0.5565,0.54373,0.55544,0.53753,0.54727,0.57674,0.60545,0.59173,0.58154,0.56816,0.49596,0.50744,0.54022,0.54393,0.55892,0.57504,0.5771,0.57572,0.57945,0.58709,0.57408,0.58872,0.56975
0.53235,0.52378,0.5319,0.56696,0.60231,0.60663,0.58954,0.54131,0.57527,0.54704,0.53681,0.54211,0.52213,0.52029,0.53456,0.52044,0.538,0.56876,0.55705,0.55448,0.54793,0.46853,0.43902,0.49644,0.57708,0.58972,0.53601,0.55555,0.54421,0.56658,0.57669,0.58232,0.6031,0.59462,0.59038,0.55037,0.59058,0.57637,0.58006,0.58677,0.58659,0.54745,0.48614,0.47889,0.50322,0.62966,0.55936,0.5117,0.49475,0.47337,0.4768,0.46248,0.4825,0.563,0.55166,0.50655,0.51078,0.4813,0.4781,0.48174,0.50371,0.55211,0.55408,0.52731
0.54139,0.54174,0.56167,0.55578,0.56878,0.57049,0.59391,0.57672,0.5978,0.5741,0.57028,0.57231,0.59324,0.59539,0.58686,0.5701,0.57171,0.53949,0.54183,0.58931,0.58314,0.57886,0.58167,0.58254,0.59646,0.60141,0.55742,0.53301,0.55779,0.58328,0.59379,0.60818,0.614,0.60667,0.5887,0.5829,0.59816,0.60098,0.50387,0.4539,0.4997,0.52507,0.39289,0.35863,0.47423,0.50603,0.50177,0.4993,0.42595,0.3796,0.3813,0.37554,0.3842,0.45819,0.47097,0.416,0.39527,0.37736,0.37655,0.39537,0.41088,0.44594,0.4415,0.4786
0.55127,0.57941,0.5684,0.57742,0.55681,0.56459,0.57944,0.55721,0.5753,0.58094,0.56158,0.57208,0.5901,0.55851,0.53302,0.52921,0.5147,0.52684,0.52557,0.56621,0.57849,0.5925,0.54446,0.52962,0.56754,0.58091,0.53909,0.53395,0.56433,0.56139,0.49537,0.48873,0.5575,0.58194,0.57228,0.54451,0.55259,0.51917,0.5106,0.51226,0.56924,0.59011,0.517,0.47347,0.41926,0.50205,0.52761,0.47376,0.42873,0.41375,0.44487,0.4316,0.40421,0.38994,0.3455,0.34038,0.33214,0.34771,0.36964,0.37073,0.36714,0.36925,0.36096,0.359
0.57347,0.5853,0.56792,0.59359,0.61025,0.61208,0.59373,0.58018,0.56764,0.57648,0.58155,0.57756,0.5864,0.54658,0.53226,0.5632,0.56901,0.58083,0.6068,0.59361,0.60457,0.6132,0.6085,0.61137,0.60019,0.58289,0.5823,0.5791,0.53595,0.51963,0.52981,0.56074,0.58818,0.58919,0.58401,0.51471,0.48026,0.49326,0.58833,0.58253,0.52882,0.52074,0.56543,0.52303,0.36007,0.47623,0.52595,0.48883,0.47376,0.48932,0.48704,0.48696,0.42301,0.40205,0.37368,0.41294,0.45007,0.40883,0.41938,0.41533,0.39892,0.38984,0.36794,0.34918
0.5392,0.56429,0.54513,0.52953,0.48795,0.48636,0.49984,0.52846,0.53588,0.51018,0.4811,0.43154,0.45569,0.4576,0.45305,0.44554,0.44172,0.46856,0.54118,0.54021,0.56278,0.55886,0.55209,0.58161,0.59888,0.60419,0.60099,0.55864,0.53158,0.59834,0.61855,0.61745,0.56764,0.54912,0.5375,0.49665,0.50907,0.48582,0.48431,0.49662,0.54636,0.54389,0.5061,0.53695,0.44703,0.4959,0.54628,0.49506,0.46057,0.46528,0.45813,0.44126,0.44905,0.42835,0.44919,0.46781,0.42203,0.43424,0.46637,0.50561,0.49635,0.45036,0.39328,0.38109
0.52688,0.54089,0.54657,0.52569,0.59321,0.59264,0.54808,0.64936,0.6972,0.67732,0.64682,0.567,0.49352,0.50649,0.50214,0.49779,0.51953,0.54503,0.60464,0.60258,0.59689,0.58085,0.5151,0.55226,0.59685,0.61506,0.64291,0.65259,0.65765,0.65585,0.63615,0.61419,0.57536,0.60072,0.63312,0.64536,0.65504,0.64088,0.64192,0.61506,0.60893,0.56646,0.5348,0.50487,0.54831,0.58086,0.57827,0.59239,0.59648,0.57334,0.56975,0.56422,0.54097,0.51575,0.53892,0.56904,0.54853,0.5346,0.59628,0.59532,0.54615,0.46329,0.43957,0.42914
