0.7975,0.71498,0.48508,0.37331,0.37214,0.28654,0.62755,0.41164,0.11916,0.50414,0.6572,0.61587,0.59976,0.60276,0.59485,0.55846,0.49454,0.4071,0.35379,0.36746,0.58542,0.64551,0.63795,0.62733,0.62783,0.63799,0.63781,0.65496,0.4501,0.33482,0.38231,0.39967,0.39417,0.38222,0.38247,0.38305,0.65183,0.77841,0.84715,0.66979,0.53656,0.55863,0.61524,0.6117,0.49981,0.48534,0.50218,0.45348,0.31571,0.28429,0.24523,0.29527,0.5196,0.52488,0.40926,0.40174,0.40908,0.4128,0.35495,0.34105,0.39074,0.38119,0.37726,0.47389
0.80091,0.69858,0.3517,0.35695,0.4147,0.23609,0.41562,0.47348,0.42346,0.49752,0.47389,0.39783,0.33375,0.28185,0.22706,0.17462,0.13992,0.12855,0.14623,0.2549,0.58467,0.63436,0.61909,0.61739,0.62024,0.62665,0.63843,0.64588,0.4431,0.30063,0.34423,0.37686,0.37628,0.36502,0.37479,0.36622,0.62454,0.75183,0.80289,0.61703,0.49302,0.52004,0.60761,0.53453,0.43829,0.53173,0.43135,0.20719,0.27359,0.35305,0.30195,0.18962,0.17953,0.54948,0.64054,0.39073,0.39144,0.36608,0.31841,0.31624,0.36177,0.36396,0.34367,0.46262
0.76459,0.67946,0.23471,0.35581,0.59417,0.47207,0.26647,0.2924,0.34016,0.23013,0.12676,0.10032,0.087509,0.079116,0.077938,0.082136,0.093626,0.10631,0.13763,0.3305,0.60375,0.62252,0.61243,0.61069,0.61722,0.62564,0.63683,0.64103,0.47793,0.3346,0.34101,0.36239,0.37286,0.37499,0.38079,0.36453,0.58937,0.72564,0.78914,0.61129,0.47858,0.52965,0.61511,0.50941,0.50829,0.49861,0.29832,0.29631,0.31591,0.28507,0.27155,0.29732,0.1933,0.26521,0.69391,0.61305,0.42624,0.35554,0.31807,0.3222,0.33108,0.34566,0.32781,0.45238
0.71487,0.5593,0.13429,0.39738,0.42405,0.1398,0.12396,0.10208,0.087274,0.094236,0.092724,0.086105,0.082155,0.1008,0.11421,0.1246,0.12112,0.18008,0.28627,0.55708,0.67913,0.6016,0.60689,0.61067,0.618,0.63819,0.6491,0.64864,0.4961,0.36971,0.37145,0.37086,0.36408,0.38111,0.3857,0.36572,0.56622,0.6874,0.76107,0.64613,0.51069,0.5425,0.61804,0.52359,0.51582,0.41117,0.38135,0.25962,0.25124,0.35171,0.3174,0.28723,0.23653,0.16384,0.51957,0.72594,0.59209,0.36105,0.31164,0.35074,0.32339,0.31084,0.31414,0.42147
0.72518,0.41151,0.091242,0.42146,0.41739,0.10772,0.11117,0.10577,0.097731,0.096002,0.09393,0.085463,0.084583,0.095677,0.10993,0.12311,0.20972,0.50087,0.49307,0.62342,0.64206,0.58843,0.58874,0.59787,0.61162,0.63017,0.64032,0.62956,0.49307,0.39046,0.39435,0.37158,0.36535,0.39098,0.38969,0.37232,0.544,0.65688,0.71397,0.70075,0.56881,0.56594,0.61636,0.56853,0.42085,0.53772,0.62311,0.39381,0.17652,0.17756,0.26302,0.32575,0.26111,0.14538,0.32651,0.65412,0.68653,0.60281,0.33194,0.31901,0.30879,0.26124,0.2903,0.41714
0.68014,0.43242,0.45938,0.61792,0.43736,0.11129,0.11448,0.11316,0.11481,0.12221,0.1142,0.085086,0.090527,0.099171,0.10201,0.12769,0.28205,0.50033,0.42902,0.6147,0.53503,0.59308,0.57488,0.58622,0.60106,0.62519,0.62978,0.62221,0.47994,0.39622,0.38929,0.36631,0.39377,0.41069,0.40001,0.37838,0.50713,0.61999,0.65835,0.72316,0.5995,0.57612,0.61025,0.50117,0.37817,0.66214,0.7279,0.62194,0.425,0.31704,0.24522,0.28664,0.25707,0.1324,0.22514,0.5627,0.59958,0.71168,0.54894,0.32995,0.31183,0.263,0.26612,0.4299
0.53164,0.49901,0.49623,0.47457,0.46356,0.17537,0.16086,0.15912,0.15887,0.16745,0.12604,0.082116,0.09582,0.098545,0.10989,0.19417,0.37871,0.46613,0.45144,0.54026,0.47738,0.62178,0.60228,0.60886,0.60631,0.62287,0.62838,0.62259,0.47281,0.40008,0.41129,0.39814,0.40752,0.40847,0.39457,0.3791,0.46299,0.61446,0.54845,0.66232,0.63791,0.58492,0.64032,0.43013,0.48332,0.72262,0.76861,0.71308,0.64791,0.62254,0.45008,0.1877,0.14142,0.10629,0.18612,0.49641,0.54461,0.62394,0.69375,0.43713,0.27757,0.27206,0.25514,0.38449
0.28069,0.15779,0.14637,0.28645,0.50325,0.22372,0.17619,0.16746,0.16961,0.17078,0.11349,0.089499,0.094582,0.089558,0.15547,0.28245,0.43938,0.40682,0.47829,0.36545,0.4797,0.63254,0.5968,0.60464,0.62487,0.63009,0.6288,0.62188,0.45053,0.36905,0.4006,0.40244,0.39953,0.39286,0.38592,0.3774,0.42499,0.62559,0.51256,0.56582,0.63233,0.59995,0.70287,0.3985,0.62568,0.75544,0.75517,0.70466,0.66984,0.59973,0.43027,0.14809,0.095149,0.0884,0.18912,0.46002,0.49957,0.55363,0.67083,0.52804,0.31869,0.3074,0.2916,0.40225
0.23075,0.14015,0.17292,0.35178,0.50239,0.1824,0.17104,0.18655,0.18502,0.1605,0.13501,0.21445,0.36379,0.45093,0.25146,0.29917,0.38875,0.36813,0.47294,0.22858,0.49137,0.6353,0.61361,0.61614,0.6105,0.60516,0.57546,0.56151,0.45281,0.34713,0.34841,0.34456,0.35025,0.36657,0.40073,0.42394,0.45683,0.63831,0.54347,0.46422,0.63428,0.64242,0.67795,0.47885,0.6944,0.78317,0.73885,0.70935,0.64357,0.52419,0.39086,0.15858,0.090434,0.085556,0.20188,0.43259,0.48054,0.50388,0.62759,0.44738,0.43161,0.39426,0.36917,0.43983
0.23297,0.15008,0.19125,0.40058,0.51092,0.17627,0.1584,0.19688,0.19324,0.18665,0.32666,0.52803,0.67686,0.65535,0.56541,0.3832,0.38116,0.39671,0.46448,0.16804,0.50892,0.54853,0.47729,0.46769,0.4782,0.52538,0.55195,0.63116,0.59136,0.53116,0.56566,0.60796,0.6769,0.72281,0.7618,0.78445,0.78058,0.68994,0.66812,0.60909,0.66863,0.68999,0.65454,0.51747,0.49169,0.6127,0.72404,0.71417,0.65647,0.54052,0.40597,0.21121,0.090593,0.089351,0.25314,0.43028,0.44283,0.41374,0.57843,0.33644,0.38183,0.49948,0.46597,0.48735
0.23331,0.16094,0.20636,0.43483,0.51785,0.17244,0.20175,0.25582,0.29032,0.43553,0.61107,0.7033,0.61495,0.68547,0.47999,0.25295,0.34906,0.4589,0.34456,0.16953,0.48832,0.32578,0.35143,0.46978,0.55722,0.62449,0.68647,0.74489,0.77074,0.78885,0.80783,0.81679,0.82027,0.82049,0.81942,0.82118,0.82263,0.72083,0.69368,0.72797,0.7182,0.68822,0.64697,0.43551,0.41848,0.48309,0.64981,0.55597,0.46038,0.42574,0.37376,0.22654,0.090424,0.08893,0.31264,0.42223,0.3948,0.38558,0.45513,0.19402,0.35629,0.64088,0.5724,0.58185
0.24089,0.16598,0.23875,0.46653,0.52638,0.23326,0.31537,0.4063,0.48994,0.62751,0.7092,0.60223,0.6591,0.42882,0.14892,0.28236,0.33005,0.50987,0.22769,0.18415,0.53266,0.62584,0.70558,0.77234,0.78456,0.79544,0.79359,0.79019,0.7952,0.80225,0.81299,0.82055,0.82265,0.82634,0.82889,0.82772,0.83179,0.73046,0.6443,0.72888,0.7209,0.64844,0.65694,0.58671,0.47964,0.5268,0.60063,0.27957,0.19991,0.30254,0.31311,0.20526,0.1008,0.10628,0.34511,0.39413,0.32809,0.33514,0.2775,0.15443,0.32182,0.66254,0.62904,0.65258
0.24212,0.16154,0.26932,0.4843,0.54129,0.34719,0.47769,0.56579,0.70778,0.67165,0.55589,0.56308,0.30784,0.11302,0.21386,0.39863,0.36689,0.46407,0.13127,0.21301,0.55245,0.69078,0.70016,0.75827,0.7937,0.79554,0.80045,0.80519,0.81887,0.82988,0.83468,0.82696,0.82376,0.82541,0.81967,0.81281,0.81626,0.73752,0.66186,0.69313,0.69895,0.5856,0.64212,0.66789,0.5879,0.66684,0.51155,0.24267,0.34121,0.35785,0.23307,0.20614,0.12562,0.16902,0.36598,0.34156,0.22867,0.23463,0.17993,0.20002,0.27539,0.5993,0.681,0.69911
0.2369,0.15713,0.30701,0.50133,0.57807,0.4955,0.59684,0.67734,0.6314,0.5629,0.49451,0.21932,0.097021,0.14406,0.31513,0.49893,0.51966,0.44789,0.24761,0.39734,0.59563,0.69068,0.69864,0.7882,0.81567,0.82268,0.82857,0.83453,0.83553,0.8382,0.83816,0.83085,0.82536,0.82178,0.81141,0.79596,0.79237,0.7274,0.6337,0.68403,0.74425,0.53007,0.60558,0.64867,0.68502,0.67941,0.37319,0.31953,0.45717,0.35809,0.18958,0.25568,0.20641,0.26964,0.37955,0.27201,0.14723,0.29859,0.26105,0.18244,0.21954,0.50115,0.65909,0.61893
0.23238,0.14929,0.34488,0.51497,0.59696,0.67926,0.72954,0.65654,0.56783,0.47139,0.18684,0.11115,0.15596,0.26695,0.35482,0.41795,0.49755,0.54257,0.66025,0.70305,0.694,0.72178,0.78453,0.83326,0.84198,0.86239,0.86517,0.85411,0.85484,0.85203,0.84202,0.83,0.82212,0.81291,0.80368,0.78353,0.78157,0.73476,0.6458,0.74072,0.75486,0.48857,0.57852,0.63426,0.70999,0.54617,0.30205,0.36017,0.50326,0.49456,0.38574,0.34284,0.22733,0.2979,0.35358,0.21187,0.12217,0.39237,0.35364,0.13986,0.153,0.28656,0.56491,0.59791
0.23592,0.16499,0.39273,0.53865,0.56898,0.58827,0.55598,0.56077,0.57427,0.29049,0.48386,0.68046,0.74165,0.76576,0.67978,0.66621,0.61976,0.68322,0.72522,0.73031,0.70985,0.78216,0.85594,0.8698,0.87514,0.87102,0.86437,0.85766,0.84879,0.84742,0.83875,0.826,0.81823,0.80562,0.79197,0.77478,0.75684,0.72682,0.71427,0.76543,0.75575,0.48172,0.56233,0.64509,0.60711,0.34154,0.24162,0.39555,0.52836,0.50265,0.38342,0.25319,0.22293,0.32426,0.29315,0.15931,0.1432,0.45935,0.51721,0.34267,0.33583,0.39326,0.48994,0.36762
0.5388,0.56676,0.65581,0.66476,0.62896,0.42327,0.49818,0.54518,0.56567,0.65911,0.83408,0.86218,0.84527,0.80688,0.7528,0.72725,0.73169,0.74065,0.74911,0.77046,0.77817,0.8496,0.87576,0.8715,0.86303,0.84396,0.82802,0.8262,0.82115,0.80963,0.79662,0.77882,0.7633,0.75268,0.74046,0.71529,0.68943,0.73295,0.75938,0.74392,0.7893,0.53316,0.60088,0.66878,0.57373,0.25536,0.2456,0.45314,0.45693,0.3914,0.26776,0.17607,0.23583,0.31371,0.22924,0.12765,0.17648,0.48515,0.62171,0.5734,0.59911,0.61828,0.43021,0.24155
0.69052,0.67075,0.69475,0.69851,0.68743,0.64227,0.63613,0.66185,0.68313,0.73539,0.8631,0.83788,0.81679,0.74372,0.7685,0.7982,0.81578,0.83484,0.85499,0.86039,0.85605,0.83906,0.82889,0.81945,0.80699,0.79516,0.78613,0.77801,0.75956,0.74265,0.73889,0.72161,0.70818,0.69538,0.67828,0.66511,0.68029,0.80739,0.778,0.71366,0.79164,0.62282,0.60022,0.59684,0.51636,0.40966,0.36968,0.44522,0.40297,0.31791,0.22787,0.17623,0.26236,0.23167,0.15859,0.095889,0.22918,0.59265,0.5938,0.56948,0.62599,0.50512,0.37626,0.34763
0.48691,0.41902,0.43962,0.46951,0.48089,0.49244,0.5288,0.60049,0.65965,0.81824,0.86575,0.90423,0.83326,0.7701,0.73878,0.78761,0.84352,0.84019,0.83308,0.81568,0.80538,0.79089,0.77578,0.75768,0.75583,0.73465,0.71936,0.71292,0.694,0.68122,0.67752,0.66595,0.6577,0.64032,0.63011,0.63922,0.7683,0.85132,0.78311,0.67357,0.7443,0.71332,0.58058,0.61638,0.49689,0.39602,0.31126,0.37774,0.38606,0.31384,0.22834,0.22388,0.23799,0.16362,0.11779,0.11427,0.35603,0.65766,0.57444,0.36657,0.56426,0.46568,0.50613,0.48338
0.6974,0.63799,0.63355,0.65854,0.6648,0.65197,0.62577,0.61967,0.67455,0.71491,0.71263,0.74977,0.67418,0.70075,0.55639,0.53122,0.68348,0.84019,0.83296,0.82497,0.81232,0.79866,0.78953,0.74532,0.674,0.65988,0.64246,0.63197,0.62976,0.63007,0.62267,0.61602,0.60482,0.5964,0.58441,0.68941,0.80127,0.80088,0.79525,0.65858,0.68205,0.75821,0.62864,0.59372,0.59615,0.47195,0.35046,0.35837,0.35818,0.284,0.2108,0.20864,0.15886,0.10805,0.10189,0.14625,0.46386,0.72948,0.50235,0.23174,0.40223,0.59193,0.65975,0.68029
0.82613,0.81491,0.81853,0.8349,0.8606,0.87588,0.68942,0.38507,0.4077,0.43927,0.57466,0.48977,0.5026,0.53972,0.4355,0.46081,0.50968,0.8146,0.89705,0.86203,0.86426,0.86546,0.86275,0.76433,0.6168,0.61551,0.60323,0.60324,0.6087,0.60256,0.5911,0.58813,0.59765,0.60319,0.63228,0.73911,0.72032,0.70127,0.75229,0.68935,0.60389,0.74111,0.66306,0.60864,0.69116,0.66226,0.48583,0.35299,0.28006,0.21094,0.18219,0.20539,0.1435,0.20144,0.26275,0.19191,0.49685,0.74723,0.46142,0.24027,0.29966,0.52392,0.66512,0.72957
0.86432,0.84859,0.85422,0.8581,0.86643,0.86495,0.55524,0.32456,0.32737,0.32895,0.50812,0.45665,0.42923,0.46306,0.38302,0.52804,0.61178,0.72324,0.81019,0.82749,0.83588,0.8418,0.76107,0.59225,0.5833,0.6161,0.60772,0.60992,0.61466,0.60964,0.61276,0.61935,0.63071,0.63986,0.76112,0.80517,0.77884,0.72686,0.71024,0.73822,0.6182,0.60416,0.6764,0.61628,0.5376,0.43435,0.34742,0.23396,0.17477,0.33581,0.33335,0.16038,0.10666,0.36876,0.52303,0.3666,0.60981,0.75571,0.47446,0.29695,0.31183,0.46947,0.67208,0.76167
0.87929,0.84435,0.85145,0.85854,0.85806,0.68686,0.36954,0.3112,0.32284,0.42412,0.53841,0.4795,0.37544,0.43534,0.53676,0.79516,0.83253,0.81224,0.81193,0.84064,0.82875,0.70836,0.57997,0.4333,0.5557,0.62143,0.61942,0.62666,0.62696,0.63738,0.64691,0.64181,0.63036,0.68049,0.81704,0.80458,0.76704,0.72885,0.71441,0.71039,0.69916,0.48214,0.58651,0.61348,0.54428,0.42457,0.27869,0.2097,0.3234,0.39132,0.18062,0.10035,0.18365,0.42675,0.58961,0.60765,0.7617,0.71285,0.45715,0.32442,0.30686,0.43523,0.63367,0.74764
0.89172,0.84761,0.84597,0.83097,0.57257,0.36751,0.33163,0.35337,0.4503,0.56143,0.43425,0.48429,0.41166,0.61968,0.79848,0.81103,0.8101,0.82222,0.85822,0.84237,0.68116,0.55004,0.53549,0.32689,0.55365,0.64017,0.6447,0.65064,0.6468,0.64159,0.64423,0.6421,0.64292,0.76338,0.8324,0.77661,0.72231,0.70128,0.72521,0.69172,0.69908,0.62813,0.4442,0.59906,0.52421,0.54809,0.53354,0.50334,0.37058,0.15501,0.1434,0.27779,0.34209,0.46913,0.70646,0.7706,0.7856,0.65295,0.4244,0.29267,0.27815,0.30822,0.35976,0.59644
0.76808,0.79935,0.83991,0.81782,0.43848,0.33318,0.38984,0.41913,0.45421,0.47338,0.3723,0.5027,0.69862,0.82168,0.82007,0.81452,0.83188,0.86243,0.83415,0.67842,0.55974,0.54636,0.48515,0.24253,0.58326,0.6603,0.64725,0.64268,0.64215,0.64287,0.63909,0.64128,0.66383,0.79885,0.80387,0.75521,0.71547,0.69285,0.7213,0.72165,0.69034,0.65638,0.63251,0.57624,0.53619,0.54655,0.56286,0.49371,0.24222,0.31483,0.37178,0.29453,0.37696,0.42944,0.73834,0.78592,0.76861,0.62293,0.47334,0.29807,0.24783,0.32108,0.46794,0.59414
0.68866,0.7559,0.80352,0.79172,0.47931,0.45167,0.48311,0.48944,0.5068,0.45055,0.47712,0.7353,0.83154,0.81684,0.84477,0.87002,0.88962,0.82212,0.63286,0.55101,0.53916,0.54291,0.41008,0.20128,0.58743,0.65136,0.63774,0.63726,0.63275,0.63845,0.64154,0.63445,0.66872,0.71936,0.76756,0.74615,0.70993,0.68605,0.7134,0.71231,0.65175,0.54378,0.54958,0.60867,0.54159,0.43341,0.46139,0.4147,0.30811,0.29674,0.30097,0.40523,0.33192,0.2851,0.60931,0.72303,0.71263,0.63964,0.58678,0.42052,0.23401,0.34805,0.50435,0.59223
0.77285,0.79292,0.8075,0.7617,0.60022,0.54442,0.52531,0.51287,0.49305,0.60274,0.78919,0.83751,0.84401,0.86672,0.87587,0.88956,0.82304,0.58845,0.51626,0.54839,0.53488,0.54194,0.37645,0.18707,0.58344,0.64202,0.63277,0.62232,0.62137,0.62336,0.62784,0.62967,0.70723,0.74336,0.70079,0.70378,0.74128,0.72246,0.69284,0.70106,0.63306,0.57306,0.54414,0.49948,0.49014,0.49903,0.48367,0.44624,0.41757,0.46537,0.43004,0.31501,0.25137,0.25404,0.3549,0.5769,0.60359,0.66721,0.68164,0.65095,0.40962,0.34007,0.52734,0.60032
0.88255,0.87137,0.82596,0.65399,0.56365,0.53509,0.49603,0.54996,0.72298,0.87898,0.88861,0.8745,0.87263,0.88267,0.88372,0.79056,0.5879,0.49773,0.48147,0.54245,0.53877,0.5371,0.31285,0.18278,0.58389,0.64043,0.62237,0.60999,0.60711,0.60864,0.60196,0.64574,0.73404,0.75271,0.69394,0.56624,0.55994,0.66673,0.72694,0.74255,0.71796,0.6901,0.6665,0.65705,0.63459,0.61613,0.59209,0.51336,0.43019,0.33897,0.28227,0.2567,0.2571,0.25207,0.21454,0.3136,0.56525,0.70005,0.71605,0.63993,0.57859,0.45329,0.52281,0.57909
0.89688,0.8067,0.64452,0.54506,0.59752,0.53802,0.68035,0.86703,0.89452,0.88726,0.88488,0.87843,0.87925,0.87752,0.76391,0.53784,0.4773,0.48831,0.45951,0.51977,0.52499,0.51073,0.2369,0.18147,0.56044,0.61264,0.59538,0.597,0.5861,0.58486,0.5888,0.6769,0.74695,0.73184,0.66828,0.5645,0.45322,0.3174,0.38433,0.55087,0.64323,0.63949,0.61849,0.57857,0.53978,0.48621,0.43275,0.37571,0.34642,0.32085,0.29129,0.28785,0.27792,0.25625,0.27966,0.29324,0.38854,0.63563,0.69854,0.64616,0.56889,0.57574,0.57892,0.64218
0.75004,0.58863,0.55308,0.54689,0.53709,0.72282,0.88436,0.88164,0.88146,0.88665,0.87312,0.88276,0.88165,0.75881,0.52596,0.45566,0.4651,0.47922,0.44623,0.50853,0.51298,0.45368,0.15734,0.18248,0.55084,0.60754,0.59097,0.5796,0.57131,0.57758,0.59529,0.68833,0.72787,0.68445,0.61343,0.50889,0.43388,0.35755,0.20791,0.1704,0.27881,0.39942,0.4754,0.49803,0.46545,0.45322,0.45885,0.38459,0.36068,0.3174,0.31924,0.30796,0.31663,0.35455,0.40998,0.44185,0.32487,0.4559,0.66551,0.68127,0.59628,0.55005,0.59605,0.65704
0.6357,0.57425,0.56567,0.54413,0.77374,0.891,0.88558,0.88401,0.89299,0.88664,0.88594,0.88306,0.7418,0.51688,0.4746,0.45813,0.44711,0.48094,0.42985,0.4856,0.50494,0.3441,0.11922,0.17925,0.55375,0.62144,0.6045,0.58979,0.5805,0.58378,0.60307,0.68806,0.70387,0.65314,0.5708,0.44272,0.35972,0.32943,0.26292,0.19788,0.14719,0.13501,0.17468,0.24765,0.30043,0.43234,0.43675,0.39962,0.39288,0.37408,0.37161,0.36888,0.45807,0.44214,0.45239,0.44922,0.43889,0.32563,0.57029,0.68022,0.62727,0.56189,0.54657,0.64458
0.52826,0.48114,0.60431,0.83639,0.89665,0.88909,0.88973,0.89169,0.89149,0.89859,0.88489,0.71488,0.49637,0.4464,0.45561,0.43891,0.42171,0.45417,0.42328,0.46869,0.45883,0.23167,0.10882,0.17579,0.56382,0.62938,0.61239,0.60508,0.601,0.59309,0.59985,0.6727,0.6776,0.6225,0.52411,0.36177,0.26306,0.2414,0.20728,0.23071,0.18105,0.16475,0.12613,0.13105,0.11939,0.19915,0.35259,0.31547,0.30148,0.37631,0.43617,0.48837,0.49722,0.45581,0.47553,0.46271,0.52197,0.43101,0.45232,0.63381,0.64572,0.59191,0.54199,0.58577
0.72394,0.81822,0.89341,0.89478,0.89452,0.88518,0.88158,0.88563,0.89345,0.87764,0.67445,0.47442,0.44353,0.44394,0.44578,0.43276,0.40428,0.42704,0.39618,0.44858,0.41406,0.16455,0.11257,0.17457,0.55984,0.6328,0.63032,0.62629,0.62147,0.59735,0.58096,0.66677,0.67794,0.60879,0.46113,0.24235,0.14962,0.14138,0.14792,0.20367,0.20307,0.20932,0.14935,0.12621,0.12923,0.2488,0.40075,0.1736,0.13372,0.27403,0.45637,0.51673,0.51286,0.55198,0.57587,0.55697,0.58495,0.60944,0.57188,0.55789,0.6414,0.63146,0.57733,0.59154
0.91214,0.89619,0.89216,0.89335,0.90406,0.89687,0.88637,0.8841,0.86182,0.6486,0.45313,0.43423,0.43313,0.42829,0.44246,0.42857,0.40532,0.43042,0.38577,0.41323,0.34984,0.12705,0.11598,0.17169,0.56125,0.63291,0.63008,0.62088,0.61307,0.57597,0.56924,0.67648,0.67902,0.59987,0.41906,0.19231,0.14872,0.12371,0.13116,0.18527,0.20968,0.21695,0.19248,0.13092,0.15241,0.50472,0.5621,0.15129,0.16914,0.32443,0.51843,0.62759,0.57408,0.58803,0.54222,0.54951,0.59607,0.62867,0.5021,0.31755,0.57026,0.63857,0.61948,0.613
0.72277,0.70064,0.73271,0.75747,0.77293,0.79762,0.81714,0.80986,0.62486,0.45343,0.41864,0.41569,0.41448,0.41639,0.42842,0.41708,0.39081,0.42416,0.37834,0.39987,0.33485,0.11634,0.1082,0.17161,0.55326,0.61355,0.58881,0.58298,0.57036,0.50561,0.58822,0.69789,0.66871,0.53811,0.34482,0.20869,0.18881,0.12534,0.13347,0.17099,0.19452,0.21208,0.19498,0.14762,0.19889,0.61408,0.50106,0.1127,0.29428,0.47783,0.66473,0.65627,0.61697,0.57401,0.50033,0.47984,0.48342,0.33978,0.1344,0.12381,0.4051,0.61981,0.62383,0.63784
0.59209,0.53224,0.55663,0.55749,0.57167,0.56748,0.57549,0.72024,0.53674,0.39306,0.42784,0.4046,0.41336,0.4156,0.42608,0.39697,0.38597,0.42612,0.35506,0.39533,0.37759,0.11824,0.10478,0.16475,0.52348,0.58138,0.56705,0.56467,0.53694,0.42379,0.61013,0.69784,0.63084,0.55151,0.52626,0.51056,0.34674,0.16352,0.13318,0.15815,0.16405,0.19165,0.18671,0.14355,0.26386,0.63143,0.39893,0.1022,0.31634,0.47866,0.64827,0.6655,0.60024,0.51398,0.3902,0.23807,0.16246,0.10711,0.19253,0.35465,0.45231,0.56851,0.6172,0.65449
0.59197,0.54456,0.55118,0.56052,0.55469,0.50045,0.59709,0.7329,0.67178,0.39146,0.37644,0.40402,0.39967,0.41441,0.40985,0.36547,0.35277,0.39256,0.34273,0.38984,0.41919,0.11551,0.10313,0.16609,0.53842,0.60418,0.60166,0.60583,0.52536,0.44085,0.65958,0.68034,0.68552,0.75715,0.77655,0.72064,0.61885,0.44792,0.21642,0.1572,0.15619,0.17568,0.19372,0.15141,0.35363,0.61673,0.30303,0.10508,0.325,0.49165,0.57691,0.67479,0.58823,0.32475,0.15943,0.11097,0.11769,0.25065,0.51556,0.59533,0.55727,0.53976,0.59856,0.64207
0.60212,0.53067,0.53574,0.57169,0.49631,0.53303,0.68187,0.73561,0.72034,0.48722,0.32829,0.39148,0.3909,0.39568,0.37599,0.34277,0.34352,0.37075,0.329,0.42218,0.45849,0.10905,0.10246,0.16547,0.5639,0.63764,0.63205,0.63565,0.48726,0.5058,0.69353,0.69823,0.75286,0.76666,0.75196,0.69538,0.58722,0.52104,0.39519,0.21264,0.16758,0.15263,0.1698,0.15394,0.44097,0.56717,0.20748,0.11659,0.33648,0.46287,0.45513,0.5842,0.2971,0.11073,0.10727,0.10778,0.18987,0.52841,0.54949,0.55109,0.54058,0.53395,0.57274,0.6185
0.60117,0.52891,0.5642,0.53806,0.50103,0.63938,0.70848,0.69831,0.31066,0.3778,0.35139,0.3594,0.42626,0.39557,0.332,0.28797,0.3259,0.37003,0.31546,0.47434,0.48792,0.10329,0.099225,0.17564,0.59107,0.65883,0.65191,0.61751,0.42137,0.51211,0.68189,0.72386,0.75387,0.74048,0.71925,0.70146,0.65356,0.56876,0.47113,0.35722,0.20001,0.1566,0.15356,0.16881,0.48071,0.47114,0.14541,0.14082,0.33986,0.44984,0.32804,0.21584,0.10124,0.10805,0.10777,0.10913,0.40605,0.57694,0.5637,0.58232,0.57834,0.52772,0.52512,0.58249
0.60682,0.55858,0.56618,0.45762,0.56312,0.64374,0.67297,0.37189,0.10496,0.32845,0.37061,0.30663,0.38605,0.3904,0.31519,0.30171,0.3116,0.3474,0.29184,0.50792,0.51362,0.1065,0.097958,0.17301,0.60939,0.68811,0.69561,0.55472,0.38882,0.51219,0.63526,0.70726,0.72051,0.71008,0.70005,0.6946,0.67293,0.62387,0.53864,0.44671,0.31997,0.17654,0.15941,0.19101,0.49288,0.38652,0.12078,0.17478,0.32581,0.4337,0.24975,0.10265,0.10466,0.10735,0.099372,0.21052,0.55525,0.60365,0.64884,0.62948,0.60225,0.52473,0.43572,0.53766
0.61559,0.56638,0.47248,0.49733,0.59746,0.60866,0.49146,0.13232,0.10488,0.20946,0.3847,0.32116,0.34273,0.35728,0.28086,0.30445,0.31743,0.31717,0.27676,0.28982,0.26599,0.10671,0.096944,0.16927,0.59861,0.68409,0.68507,0.42869,0.40553,0.50492,0.61281,0.66827,0.68281,0.67705,0.66825,0.66984,0.64951,0.56705,0.47828,0.44171,0.42663,0.27369,0.14413,0.24688,0.51273,0.32613,0.11241,0.2174,0.30871,0.4077,0.17183,0.092863,0.10788,0.1037,0.1127,0.41442,0.62022,0.65778,0.64272,0.60021,0.57759,0.51155,0.36562,0.41008
0.61927,0.5437,0.44893,0.56331,0.58835,0.4894,0.20491,0.15126,0.12885,0.13239,0.35404,0.33694,0.30904,0.31264,0.26286,0.25826,0.2684,0.27367,0.25101,0.10576,0.088875,0.10315,0.094612,0.16296,0.58456,0.67237,0.60501,0.36232,0.42561,0.44602,0.54053,0.60367,0.64544,0.63906,0.63554,0.63637,0.61233,0.53352,0.41967,0.31155,0.32585,0.27181,0.114,0.29848,0.53087,0.2844,0.11465,0.26145,0.29313,0.37402,0.14477,0.10226,0.10137,0.099656,0.2201,0.54325,0.60835,0.64401,0.61899,0.59392,0.5382,0.46463,0.3341,0.31035
0.60889,0.44432,0.46378,0.56787,0.51486,0.24675,0.16403,0.18131,0.14036,0.08443,0.21378,0.34084,0.29413,0.27063,0.25768,0.24968,0.25428,0.25439,0.23316,0.099178,0.094675,0.099874,0.086219,0.15681,0.58451,0.66899,0.5211,0.35318,0.41215,0.38286,0.46685,0.55936,0.60498,0.61991,0.61766,0.61035,0.59229,0.51351,0.43325,0.3876,0.30665,0.22041,0.09005,0.25568,0.44891,0.21479,0.12363,0.2641,0.27267,0.33572,0.12815,0.094203,0.097043,0.10021,0.42421,0.53999,0.54386,0.58632,0.6117,0.59004,0.5086,0.43176,0.31611,0.2936
0.53911,0.37788,0.45354,0.50676,0.37259,0.17277,0.18909,0.18337,0.18054,0.36383,0.35386,0.31709,0.27415,0.24101,0.25039,0.23905,0.24046,0.2342,0.18394,0.073945,0.084333,0.098932,0.088666,0.15919,0.59846,0.67562,0.45287,0.37129,0.37369,0.33806,0.40941,0.49792,0.53488,0.59077,0.60333,0.59999,0.57891,0.49405,0.44576,0.38458,0.37134,0.29103,0.10551,0.21239,0.32268,0.1707,0.13431,0.26743,0.27644,0.31037,0.11253,0.09188,0.092587,0.1504,0.52986,0.53216,0.52733,0.59044,0.59747,0.56735,0.48128,0.40761,0.28759,0.27889
0.47259,0.37349,0.44059,0.59596,0.40483,0.18001,0.18572,0.1798,0.18847,0.52375,0.55938,0.32348,0.24667,0.24003,0.23773,0.23003,0.21936,0.25044,0.39767,0.38078,0.2777,0.098331,0.085125,0.15571,0.59658,0.6803,0.41777,0.39371,0.34029,0.25722,0.33737,0.40224,0.45871,0.53646,0.56465,0.56963,0.58149,0.5017,0.43764,0.40285,0.38701,0.38721,0.23174,0.17832,0.31188,0.1552,0.15373,0.28173,0.29115,0.29106,0.10366,0.090122,0.090119,0.27195,0.55339,0.5081,0.56587,0.56585,0.59709,0.56704,0.44325,0.35567,0.24829,0.26203
0.42898,0.4013,0.57635,0.63887,0.42825,0.17249,0.18499,0.17749,0.17158,0.44088,0.50206,0.41827,0.24778,0.24135,0.23143,0.21533,0.21061,0.28358,0.53129,0.59859,0.47189,0.10322,0.083442,0.14579,0.52652,0.60818,0.37311,0.381,0.34904,0.20109,0.24362,0.30054,0.40353,0.5108,0.52206,0.53224,0.57473,0.53646,0.45192,0.4217,0.37971,0.3839,0.36466,0.25367,0.28076,0.1391,0.1751,0.28666,0.27888,0.2533,0.098863,0.088884,0.10783,0.42654,0.54477,0.54491,0.56855,0.6068,0.61256,0.56469,0.36601,0.30283,0.22653,0.24582
0.44712,0.56966,0.61685,0.60683,0.41856,0.17231,0.18683,0.17719,0.16733,0.41611,0.482,0.49679,0.33651,0.23143,0.2204,0.21004,0.20723,0.30652,0.4723,0.50248,0.41227,0.10581,0.081589,0.13366,0.48541,0.58426,0.36352,0.3379,0.39205,0.29307,0.18177,0.21957,0.35629,0.49431,0.50481,0.51845,0.55054,0.56506,0.46783,0.42035,0.42687,0.41867,0.39886,0.37381,0.27247,0.12406,0.19515,0.27832,0.27321,0.23587,0.092813,0.084654,0.18376,0.54243,0.54924,0.56915,0.61563,0.60423,0.63151,0.50154,0.29614,0.28646,0.21203,0.23229
0.58952,0.59098,0.52872,0.4933,0.36109,0.16299,0.17265,0.17582,0.1661,0.40647,0.47173,0.47252,0.45176,0.2865,0.21832,0.20381,0.21143,0.35252,0.49014,0.50439,0.40716,0.10313,0.076313,0.13635,0.50605,0.59035,0.35591,0.28547,0.38363,0.36628,0.2386,0.19711,0.32551,0.47462,0.49431,0.51282,0.53924,0.54378,0.52902,0.45568,0.39842,0.40328,0.4255,0.42074,0.30217,0.11644,0.20099,0.27224,0.283,0.22142,0.088431,0.080124,0.28823,0.57288,0.57515,0.62146,0.58543,0.6063,0.61927,0.40256,0.26957,0.26857,0.18555,0.22506
0.52957,0.46118,0.44504,0.46132,0.37462,0.15964,0.17114,0.17181,0.15235,0.40767,0.47685,0.467,0.48177,0.41412,0.24728,0.1968,0.21562,0.41614,0.50448,0.5185,0.42029,0.10425,0.075318,0.12591,0.49305,0.58562,0.33402,0.2347,0.35168,0.38742,0.31476,0.19885,0.23257,0.38372,0.45664,0.50187,0.53114,0.5418,0.51607,0.52213,0.47721,0.4065,0.39181,0.41201,0.39516,0.17916,0.20082,0.2671,0.27539,0.19481,0.083593,0.089648,0.42814,0.62563,0.6263,0.59705,0.61009,0.6263,0.57387,0.31588,0.25409,0.23997,0.14664,0.22101
0.49687,0.43236,0.43182,0.44123,0.36459,0.16032,0.17087,0.16866,0.14623,0.38288,0.46114,0.46349,0.47547,0.46831,0.3548,0.21178,0.24586,0.48056,0.5155,0.52054,0.42965,0.10621,0.074996,0.12151,0.46982,0.55608,0.30597,0.20303,0.3167,0.39283,0.36693,0.27979,0.18641,0.29678,0.38032,0.47827,0.5149,0.54227,0.54539,0.49458,0.48773,0.47775,0.4409,0.39859,0.40334,0.31674,0.2368,0.26806,0.27408,0.17033,0.07237,0.22411,0.61864,0.63151,0.61395,0.60715,0.6321,0.63316,0.50169,0.25797,0.25093,0.18598,0.1166,0.24918
0.46888,0.39255,0.38981,0.40075,0.33212,0.15887,0.16996,0.16844,0.14275,0.36862,0.4452,0.44552,0.45576,0.46265,0.46033,0.31819,0.26654,0.47922,0.51159,0.51677,0.43486,0.10697,0.074707,0.11937,0.47121,0.56095,0.31476,0.19483,0.28465,0.37245,0.38896,0.35399,0.25495,0.2019,0.32845,0.40335,0.48473,0.52974,0.55909,0.54974,0.47914,0.45598,0.44528,0.44945,0.41636,0.3936,0.32185,0.2832,0.26799,0.13127,0.090164,0.45739,0.64654,0.60448,0.6111,0.57887,0.60995,0.60282,0.40844,0.22952,0.23337,0.13921,0.11229,0.34434
0.4489,0.35176,0.36183,0.38612,0.33606,0.15747,0.16416,0.16984,0.13942,0.3444,0.44111,0.43968,0.45177,0.46062,0.46558,0.4493,0.36273,0.41492,0.49841,0.51577,0.43989,0.11101,0.073197,0.11709,0.47956,0.57488,0.41093,0.19338,0.26077,0.35893,0.39696,0.39233,0.33854,0.22553,0.2199,0.35774,0.41896,0.50205,0.52379,0.56905,0.52458,0.47286,0.44453,0.44054,0.45481,0.43187,0.36291,0.25862,0.13524,0.076967,0.21941,0.63605,0.62218,0.62885,0.62338,0.61558,0.60026,0.55133,0.33312,0.21182,0.18038,0.12381,0.1298,0.4939
0.42362,0.34664,0.36269,0.37352,0.32575,0.1578,0.16375,0.16725,0.13632,0.32631,0.42954,0.426,0.43575,0.44808,0.46227,0.45564,0.47234,0.47122,0.48758,0.51741,0.43571,0.10502,0.072859,0.11699,0.46863,0.55158,0.54286,0.26312,0.23553,0.33169,0.39891,0.42592,0.39666,0.32181,0.18878,0.27539,0.39591,0.433,0.49255,0.53445,0.53537,0.4717,0.44686,0.42905,0.43068,0.45185,0.43943,0.30245,0.10363,0.093044,0.45281,0.65582,0.61255,0.6142,0.62823,0.64797,0.6018,0.49623,0.2739,0.20068,0.13774,0.12438,0.15851,0.61009
0.40509,0.32919,0.33876,0.33827,0.3035,0.15732,0.16445,0.16654,0.13117,0.28856,0.40202,0.40303,0.41758,0.42587,0.43735,0.444,0.44762,0.476,0.48154,0.50177,0.43466,0.10472,0.072629,0.11407,0.47159,0.55328,0.57714,0.45566,0.22525,0.30662,0.39192,0.43552,0.446,0.39975,0.28237,0.15004,0.28054,0.34442,0.43197,0.48307,0.53348,0.45287,0.41477,0.38291,0.34628,0.3572,0.4366,0.42192,0.2729,0.24935,0.63481,0.63586,0.60505,0.62604,0.63862,0.63249,0.57155,0.43299,0.22634,0.156,0.12397,0.12175,0.19223,0.63138
0.4025,0.3151,0.32534,0.32689,0.29135,0.15397,0.15988,0.16202,0.12974,0.26008,0.36882,0.36441,0.36739,0.38344,0.39956,0.41408,0.42861,0.44366,0.46546,0.48373,0.4111,0.10547,0.070006,0.11051,0.4677,0.54597,0.53583,0.55272,0.34965,0.25289,0.36326,0.42812,0.46426,0.47403,0.4156,0.22089,0.13403,0.23336,0.31594,0.40862,0.50783,0.45053,0.39826,0.38767,0.37313,0.50628,0.61784,0.50415,0.30638,0.53214,0.66181,0.62021,0.60929,0.64704,0.60823,0.60175,0.52496,0.3782,0.18651,0.12502,0.12349,0.12638,0.21271,0.61277
0.38009,0.31161,0.31416,0.3126,0.29167,0.15912,0.1579,0.15938,0.12745,0.23731,0.33915,0.35411,0.37021,0.38544,0.39368,0.39554,0.40031,0.40019,0.41334,0.44747,0.40053,0.10662,0.066265,0.10167,0.42706,0.50841,0.50689,0.50728,0.51124,0.28946,0.31219,0.40833,0.46373,0.48526,0.47913,0.41322,0.19745,0.10694,0.24445,0.36903,0.43362,0.4545,0.39199,0.42087,0.45247,0.60655,0.64865,0.41299,0.31982,0.63043,0.63511,0.61655,0.63484,0.64148,0.62607,0.56051,0.46421,0.32044,0.15832,0.12111,0.11511,0.12885,0.23243,0.61831
0.31759,0.25976,0.28519,0.29666,0.28007,0.1594,0.15788,0.16304,0.12439,0.22863,0.3432,0.36778,0.40365,0.42693,0.43069,0.42752,0.42486,0.41956,0.40594,0.38995,0.32845,0.091657,0.063201,0.094842,0.40422,0.46233,0.45079,0.47807,0.56526,0.49448,0.26949,0.34391,0.4297,0.47052,0.48266,0.46956,0.38863,0.17795,0.11389,0.24602,0.31496,0.45051,0.37875,0.41095,0.48333,0.61849,0.59095,0.27688,0.46168,0.63988,0.6152,0.635,0.64607,0.63961,0.60442,0.5184,0.40557,0.26998,0.14455,0.10923,0.11518,0.12426,0.2868,0.61148
0.28431,0.18664,0.20826,0.21318,0.21707,0.16196,0.1604,0.16021,0.12154,0.21012,0.32816,0.34926,0.38829,0.40313,0.41297,0.41549,0.42016,0.41272,0.40932,0.38771,0.31042,0.11431,0.078694,0.12166,0.36881,0.41297,0.41676,0.47908,0.54665,0.5766,0.42826,0.25561,0.35955,0.44287,0.48209,0.4848,0.48194,0.39369,0.16346,0.10025,0.19849,0.43972,0.37327,0.40337,0.52351,0.62612,0.50342,0.26345,0.6056,0.62248,0.6356,0.64879,0.6538,0.63686,0.56706,0.48179,0.36631,0.24108,0.1239,0.10468,0.11502,0.1438,0.43114,0.61873
0.34802,0.22025,0.20734,0.18366,0.17301,0.16003,0.1613,0.1564,0.12016,0.1482,0.23614,0.26659,0.3145,0.34218,0.3547,0.35624,0.36696,0.37121,0.36294,0.3701,0.24348,0.14687,0.14437,0.22363,0.37112,0.36968,0.40749,0.50311,0.5352,0.5479,0.56105,0.38949,0.27298,0.40272,0.46515,0.48602,0.50061,0.48742,0.38918,0.15813,0.12601,0.38443,0.4053,0.40178,0.56595,0.63548,0.39138,0.37506,0.63234,0.61811,0.65305,0.65629,0.65033,0.61432,0.52759,0.42521,0.32486,0.19352,0.11196,0.10797,0.1057,0.27497,0.55866,0.6187
0.56858,0.49041,0.45885,0.42343,0.38704,0.21086,0.15177,0.15977,0.17185,0.13406,0.17377,0.2014,0.22599,0.22096,0.22402,0.23133,0.26485,0.29745,0.31792,0.30699,0.2183,0.18112,0.16131,0.28462,0.34776,0.34596,0.4213,0.49174,0.50508,0.51337,0.50413,0.49192,0.37782,0.30193,0.41162,0.47915,0.49287,0.49236,0.46897,0.36274,0.14196,0.23514,0.40301,0.41659,0.58619,0.62126,0.33873,0.50219,0.63767,0.63225,0.64694,0.65262,0.62615,0.58348,0.49527,0.38483,0.28059,0.15324,0.10093,0.098489,0.19503,0.49246,0.55861,0.6016
0.47652,0.40961,0.43782,0.47639,0.4949,0.23849,0.14711,0.15369,0.1513,0.14266,0.20096,0.22341,0.26555,0.27827,0.2654,0.2705,0.28152,0.28662,0.27398,0.21423,0.18954,0.14944,0.15955,0.2862,0.30689,0.3459,0.4334,0.45019,0.45002,0.45159,0.45302,0.45527,0.41374,0.28899,0.3169,0.43999,0.48053,0.47563,0.475,0.46972,0.39305,0.28108,0.36395,0.43513,0.58786,0.58566,0.36927,0.58516,0.51297,0.50262,0.60583,0.62826,0.58658,0.54268,0.45155,0.33911,0.2173,0.1219,0.090207,0.13661,0.3614,0.52286,0.51094,0.55756
0.45999,0.37696,0.38316,0.38725,0.35912,0.19283,0.14986,0.1563,0.1281,0.09946,0.15068,0.23511,0.30053,0.33845,0.34555,0.35795,0.35044,0.34568,0.3074,0.19523,0.14311,0.10112,0.16443,0.25804,0.27573,0.38561,0.42531,0.41682,0.42374,0.43272,0.44386,0.44186,0.34456,0.30111,0.20875,0.32767,0.45839,0.44939,0.45626,0.47417,0.48379,0.54377,0.55787,0.54335,0.531,0.53939,0.43846,0.38523,0.19275,0.15767,0.25828,0.43191,0.53629,0.4983,0.41134,0.28788,0.1759,0.10251,0.13424,0.22304,0.29055,0.4074,0.47919,0.53429
0.45371,0.3755,0.38419,0.38496,0.36525,0.19784,0.13707,0.14872,0.12838,0.088767,0.10235,0.18789,0.28927,0.31486,0.30469,0.30607,0.29777,0.30686,0.25184,0.13498,0.09262,0.084929,0.18529,0.2454,0.30946,0.42509,0.43992,0.42558,0.41682,0.4203,0.42066,0.42421,0.37901,0.23595,0.087606,0.13798,0.36265,0.43359,0.43136,0.46646,0.48746,0.56851,0.62464,0.60119,0.47962,0.53128,0.41513,0.48911,0.54911,0.52111,0.31818,0.13783,0.23041,0.43461,0.37785,0.2216,0.14276,0.079917,0.19047,0.2217,0.23679,0.31594,0.43154,0.51315
0.48219,0.41438,0.41905,0.42222,0.41273,0.26872,0.20378,0.19944,0.18997,0.16104,0.17171,0.21153,0.27025,0.31156,0.32681,0.31762,0.31748,0.3179,0.22558,0.16497,0.14732,0.16896,0.26366,0.28879,0.39274,0.46097,0.46586,0.45481,0.45384,0.45288,0.46061,0.46657,0.43459,0.2133,0.13712,0.1316,0.22449,0.434,0.4654,0.47909,0.50919,0.59241,0.64765,0.63256,0.52025,0.54973,0.58086,0.5183,0.66098,0.64588,0.50488,0.2758,0.1461,0.18805,0.30052,0.27729,0.16639,0.12586,0.21497,0.25646,0.27195,0.32745,0.39126,0.51942
